3.996966e+01 -4.744143e+00 3.522551e+01
4.000869e+01 -4.782871e+00 3.522582e+01
4.012316e+01 -4.864165e+00 3.525900e+01
4.032216e+01 -5.040133e+00 3.528203e+01
4.061738e+01 -5.322408e+00 3.529497e+01
4.102825e+01 -5.731002e+00 3.529725e+01
4.158373e+01 -6.272458e+00 3.531127e+01
4.232224e+01 -6.996788e+00 3.532545e+01
4.328361e+01 -7.945836e+00 3.533777e+01
4.446355e+01 -9.106114e+00 3.535744e+01
4.559994e+01 -1.029835e+01 3.530160e+01
4.553323e+01 -1.042499e+01 3.510824e+01
4.354606e+01 -7.972279e+00 3.557378e+01
4.477257e+01 -9.752973e+00 3.501959e+01
4.540514e+01 -1.061399e+01 3.479115e+01
4.322386e+01 -7.466562e+00 3.575730e+01
4.593767e+01 -1.094416e+01 3.499351e+01
4.844035e+01 -1.342373e+01 3.501662e+01
4.803615e+01 -1.260015e+01 3.543600e+01
4.866184e+01 -1.332224e+01 3.533960e+01
4.997775e+01 -1.470054e+01 3.527720e+01
5.041483e+01 -1.508809e+01 3.532675e+01
5.003209e+01 -1.472486e+01 3.530723e+01
4.887802e+01 -1.358386e+01 3.529416e+01
4.745258e+01 -1.204808e+01 3.540450e+01
4.715902e+01 -1.176091e+01 3.539811e+01
4.831669e+01 -1.295856e+01 3.535813e+01
4.994790e+01 -1.468399e+01 3.526391e+01
5.055263e+01 -1.544676e+01 3.510587e+01
4.792855e+01 -1.297738e+01 3.495117e+01
4.593931e+01 -9.880845e+00 3.605846e+01
5.034171e+01 -1.530560e+01 3.503611e+01
5.188644e+01 -1.659841e+01 3.528803e+01
5.044922e+01 -1.505898e+01 3.539024e+01
4.839704e+01 -1.287980e+01 3.551724e+01
4.755439e+01 -1.201569e+01 3.553870e+01
4.884761e+01 -1.336399e+01 3.548363e+01
5.087533e+01 -1.552193e+01 3.535339e+01
5.153578e+01 -1.608901e+01 3.544678e+01
5.124381e+01 -1.574894e+01 3.549488e+01
5.074599e+01 -1.521980e+01 3.552618e+01
5.034966e+01 -1.481726e+01 3.553241e+01
5.015158e+01 -1.461737e+01 3.553421e+01
5.018075e+01 -1.464455e+01 3.553621e+01
5.045525e+01 -1.491557e+01 3.553969e+01
5.101666e+01 -1.548189e+01 3.553478e+01
5.193151e+01 -1.639345e+01 3.553806e+01
5.321306e+01 -1.770296e+01 3.551009e+01
5.459080e+01 -1.917284e+01 3.541796e+01
5.518315e+01 -1.988313e+01 3.530002e+01
5.385730e+01 -1.863615e+01 3.522114e+01
5.063247e+01 -1.526230e+01 3.537018e+01
5.103372e+01 -1.536397e+01 3.566975e+01
5.536015e+01 -2.042604e+01 3.493411e+01
5.536039e+01 -2.003696e+01 3.532343e+01
5.321867e+01 -1.778735e+01 3.543132e+01
5.214474e+01 -1.661443e+01 3.553031e+01
5.119201e+01 -1.620458e+01 3.498743e+01
4.789714e+01 -1.161663e+01 3.628051e+01
5.328400e+01 -1.879098e+01 3.449302e+01
5.799971e+01 -2.308879e+01 3.491092e+01
5.853262e+01 -2.336174e+01 3.517087e+01
5.846555e+01 -2.328969e+01 3.517586e+01
5.852997e+01 -2.342267e+01 3.510730e+01
5.755658e+01 -2.275935e+01 3.479723e+01
5.292667e+01 -1.815145e+01 3.477522e+01
4.959075e+01 -1.487510e+01 3.471565e+01
4.567694e+01 -1.038605e+01 3.529089e+01
4.802223e+01 -1.395731e+01 3.406492e+01
5.383583e+01 -1.955362e+01 3.428220e+01
5.666947e+01 -2.224855e+01 3.442093e+01
5.705657e+01 -2.257195e+01 3.448462e+01
5.537685e+01 -2.085531e+01 3.452154e+01
5.276231e+01 -1.795483e+01 3.480748e+01
5.221588e+01 -1.748675e+01 3.472914e+01
5.337204e+01 -1.881303e+01 3.455902e+01
5.321048e+01 -1.895487e+01 3.425561e+01
4.874540e+01 -1.423698e+01 3.450842e+01
4.839014e+01 -1.407546e+01 3.431468e+01
5.117324e+01 -1.696743e+01 3.420582e+01
5.013682e+01 -1.556111e+01 3.457571e+01
4.940868e+01 -1.483486e+01 3.457382e+01
4.961883e+01 -1.527436e+01 3.434447e+01
4.794988e+01 -1.373293e+01 3.421695e+01
4.585027e+01 -1.077637e+01 3.507390e+01
4.868011e+01 -1.436487e+01 3.431524e+01
5.074787e+01 -1.626044e+01 3.448744e+01
5.108761e+01 -1.648673e+01 3.460088e+01
5.105144e+01 -1.641968e+01 3.463176e+01
5.105510e+01 -1.645185e+01 3.460326e+01
5.055944e+01 -1.611407e+01 3.444537e+01
4.772915e+01 -1.337464e+01 3.435450e+01
4.610695e+01 -1.088867e+01 3.521828e+01
5.014968e+01 -1.581808e+01 3.433160e+01
5.155083e+01 -1.708368e+01 3.446716e+01
4.983428e+01 -1.519117e+01 3.464311e+01
4.789890e+01 -1.317874e+01 3.472016e+01
4.594769e+01 -1.163643e+01 3.431126e+01
4.682024e+01 -1.189712e+01 3.492313e+01
5.055952e+01 -1.634520e+01 3.421432e+01
4.775428e+01 -1.286076e+01 3.489352e+01
4.493751e+01 -1.006122e+01 3.487628e+01
4.695305e+01 -1.209595e+01 3.485710e+01
5.061753e+01 -1.598097e+01 3.463656e+01
5.102624e+01 -1.610239e+01 3.492386e+01
5.037501e+01 -1.533853e+01 3.503649e+01
5.028761e+01 -1.525329e+01 3.503432e+01
5.086632e+01 -1.586475e+01 3.500157e+01
5.175331e+01 -1.678976e+01 3.496354e+01
5.234194e+01 -1.752269e+01 3.481925e+01
5.049027e+01 -1.608512e+01 3.440515e+01
4.494666e+01 -9.819405e+00 3.512726e+01
4.683427e+01 -1.175122e+01 3.508305e+01
5.466414e+01 -2.022110e+01 3.444304e+01
5.657637e+01 -2.188200e+01 3.469437e+01
5.325636e+01 -1.863684e+01 3.461952e+01
4.815317e+01 -1.263316e+01 3.552001e+01
4.946407e+01 -1.459667e+01 3.486740e+01
5.282432e+01 -1.814136e+01 3.468297e+01
5.369969e+01 -1.872935e+01 3.497034e+01
5.411633e+01 -1.914580e+01 3.497054e+01
5.430270e+01 -1.928314e+01 3.501956e+01
5.418382e+01 -1.916355e+01 3.502027e+01
5.372678e+01 -1.874611e+01 3.498067e+01
5.285693e+01 -1.786312e+01 3.499380e+01
5.185095e+01 -1.678547e+01 3.506548e+01
5.136576e+01 -1.630736e+01 3.505840e+01
5.134560e+01 -1.639540e+01 3.495020e+01
5.042863e+01 -1.564567e+01 3.478297e+01
4.722180e+01 -1.229498e+01 3.492683e+01
4.577558e+01 -1.050728e+01 3.526831e+01
4.835453e+01 -1.350309e+01 3.485144e+01
5.005266e+01 -1.505980e+01 3.499286e+01
5.078645e+01 -1.576337e+01 3.502308e+01
5.113744e+01 -1.610528e+01 3.503216e+01
5.129443e+01 -1.623691e+01 3.505753e+01
5.165092e+01 -1.654717e+01 3.510375e+01
5.259830e+01 -1.756276e+01 3.503555e+01
5.326391e+01 -1.844728e+01 3.481663e+01
5.122602e+01 -1.653990e+01 3.468612e+01
4.888551e+01 -1.341444e+01 3.547108e+01
5.169189e+01 -1.694161e+01 3.475028e+01
5.358296e+01 -1.881759e+01 3.476537e+01
5.377088e+01 -1.848646e+01 3.528441e+01
5.520685e+01 -2.045491e+01 3.475193e+01
5.379441e+01 -1.890280e+01 3.489161e+01
5.227326e+01 -1.695092e+01 3.532234e+01
5.312904e+01 -1.827593e+01 3.485312e+01
5.227492e+01 -1.703734e+01 3.523758e+01
5.222686e+01 -1.723266e+01 3.499420e+01
5.206909e+01 -1.708219e+01 3.498690e+01
5.171041e+01 -1.645247e+01 3.525794e+01
5.356949e+01 -1.853419e+01 3.503530e+01
5.609651e+01 -2.113683e+01 3.495968e+01
5.723650e+01 -2.227298e+01 3.496352e+01
5.656288e+01 -2.167612e+01 3.488676e+01
5.411650e+01 -1.899734e+01 3.511915e+01
5.207785e+01 -1.751465e+01 3.456320e+01
4.919343e+01 -1.358661e+01 3.560683e+01
5.219171e+01 -1.773191e+01 3.445980e+01
5.537745e+01 -2.060932e+01 3.476813e+01
5.622985e+01 -2.149458e+01 3.473527e+01
5.461530e+01 -1.999820e+01 3.461710e+01
4.910613e+01 -1.474008e+01 3.436606e+01
4.492322e+01 -8.492225e+00 3.643100e+01
5.180730e+01 -1.698329e+01 3.482401e+01
5.424357e+01 -1.885996e+01 3.538362e+01
5.405502e+01 -1.854665e+01 3.550837e+01
5.345790e+01 -1.792423e+01 3.553367e+01
5.298084e+01 -1.741748e+01 3.556336e+01
5.271741e+01 -1.716086e+01 3.555655e+01
5.256887e+01 -1.703411e+01 3.553476e+01
5.236423e+01 -1.686952e+01 3.549471e+01
5.187927e+01 -1.638047e+01 3.549879e+01
5.110623e+01 -1.555151e+01 3.555472e+01
5.095695e+01 -1.533282e+01 3.562412e+01
5.213785e+01 -1.661734e+01 3.552051e+01
5.361540e+01 -1.816281e+01 3.545258e+01
5.406875e+01 -1.874937e+01 3.531939e+01
5.186356e+01 -1.671494e+01 3.514862e+01
4.788549e+01 -1.246971e+01 3.541578e+01
4.640582e+01 -1.041775e+01 3.598807e+01
5.124186e+01 -1.629732e+01 3.494453e+01
5.481295e+01 -1.963152e+01 3.518142e+01
5.457842e+01 -1.933888e+01 3.523954e+01
5.280346e+01 -1.707102e+01 3.573243e+01
5.343071e+01 -1.801820e+01 3.541251e+01
5.487366e+01 -1.955514e+01 3.531852e+01
5.493935e+01 -1.948585e+01 3.545350e+01
5.474317e+01 -1.924925e+01 3.549392e+01
5.483250e+01 -1.937750e+01 3.545500e+01
5.469488e+01 -1.930762e+01 3.538726e+01
5.368909e+01 -1.831834e+01 3.537075e+01
5.160306e+01 -1.622512e+01 3.537794e+01
4.933457e+01 -1.366700e+01 3.566757e+01
4.961000e+01 -1.417867e+01 3.543133e+01
5.125519e+01 -1.587631e+01 3.537888e+01
5.220108e+01 -1.703126e+01 3.516982e+01
5.228087e+01 -1.663666e+01 3.564422e+01
5.450626e+01 -1.927357e+01 3.523269e+01
5.609030e+01 -2.081351e+01 3.527679e+01
5.552334e+01 -2.016157e+01 3.536176e+01
5.397397e+01 -1.848382e+01 3.549014e+01
5.319401e+01 -1.761602e+01 3.557799e+01
5.386846e+01 -1.843981e+01 3.542865e+01
5.466028e+01 -1.924760e+01 3.541268e+01
5.503584e+01 -1.960544e+01 3.543040e+01
5.523819e+01 -1.978355e+01 3.545464e+01
5.546510e+01 -2.001085e+01 3.545425e+01
5.567065e+01 -2.026707e+01 3.540357e+01
5.509070e+01 -1.981752e+01 3.527318e+01
5.323203e+01 -1.777868e+01 3.545335e+01
5.215685e+01 -1.689693e+01 3.525991e+01
5.174382e+01 -1.623449e+01 3.550932e+01
5.293580e+01 -1.784080e+01 3.509501e+01
5.274049e+01 -1.776709e+01 3.497340e+01
5.111749e+01 -1.522119e+01 3.589630e+01
5.399867e+01 -1.895368e+01 3.504498e+01
5.545533e+01 -2.023075e+01 3.522458e+01
5.420193e+01 -1.890357e+01 3.529836e+01
5.183077e+01 -1.644098e+01 3.538979e+01
5.010389e+01 -1.460657e+01 3.549732e+01
4.952667e+01 -1.455598e+01 3.497069e+01
4.600525e+01 -1.071956e+01 3.528569e+01
4.730981e+01 -1.224450e+01 3.506531e+01
5.243096e+01 -1.751279e+01 3.491817e+01
5.168350e+01 -1.733062e+01 3.435288e+01
3.700015e+01 -7.640124e-01 3.623614e+01
4.386665e+01 -1.367547e+01 3.019118e+01
4.470494e+01 -1.261099e+01 3.209395e+01
4.599506e+01 -1.453904e+01 3.145602e+01
4.713439e+01 -1.540503e+01 3.172936e+01
4.697026e+01 -1.546306e+01 3.150720e+01
4.647032e+01 -1.414244e+01 3.232787e+01
4.995797e+01 -1.850189e+01 3.145608e+01
5.130520e+01 -2.016154e+01 3.114366e+01
4.559432e+01 -1.361795e+01 3.197637e+01
4.762790e+01 -1.716945e+01 3.045846e+01
5.098026e+01 -2.036274e+01 3.061753e+01
4.913978e+01 -1.757636e+01 3.156341e+01
5.079426e+01 -1.992238e+01 3.087189e+01
5.192936e+01 -2.112444e+01 3.080492e+01
4.878106e+01 -1.790373e+01 3.087732e+01
4.545102e+01 -1.369998e+01 3.175103e+01
4.830091e+01 -1.747170e+01 3.082921e+01
5.054300e+01 -1.955124e+01 3.099176e+01
5.025133e+01 -1.904583e+01 3.120551e+01
4.960864e+01 -1.836909e+01 3.123955e+01
4.927494e+01 -1.806396e+01 3.121098e+01
4.902570e+01 -1.783358e+01 3.119212e+01
4.866382e+01 -1.749789e+01 3.116593e+01
4.798850e+01 -1.682253e+01 3.116596e+01
4.740526e+01 -1.616787e+01 3.123738e+01
4.757933e+01 -1.640413e+01 3.117520e+01
4.800074e+01 -1.686624e+01 3.113450e+01
4.805410e+01 -1.689033e+01 3.116377e+01
4.779753e+01 -1.662680e+01 3.117073e+01
4.743945e+01 -1.625583e+01 3.118362e+01
4.716971e+01 -1.597193e+01 3.119778e+01
4.716148e+01 -1.597529e+01 3.118618e+01
4.734300e+01 -1.620678e+01 3.113622e+01
4.698302e+01 -1.597744e+01 3.100558e+01
4.509978e+01 -1.399346e+01 3.110632e+01
4.474631e+01 -1.333859e+01 3.140772e+01
4.773492e+01 -1.676146e+01 3.097346e+01
4.950836e+01 -1.851180e+01 3.099656e+01
4.865709e+01 -1.780361e+01 3.085348e+01
4.532815e+01 -1.389359e+01 3.143457e+01
4.631774e+01 -1.541651e+01 3.090124e+01
4.876391e+01 -1.796098e+01 3.080293e+01
4.781944e+01 -1.685356e+01 3.096588e+01
4.537199e+01 -1.431058e+01 3.106141e+01
4.382200e+01 -1.247257e+01 3.134943e+01
4.531383e+01 -1.430777e+01 3.100606e+01
4.701247e+01 -1.607498e+01 3.093749e+01
4.697115e+01 -1.590338e+01 3.106777e+01
4.667216e+01 -1.548009e+01 3.119207e+01
4.735762e+01 -1.625766e+01 3.109997e+01
4.805880e+01 -1.692588e+01 3.113292e+01
4.838067e+01 -1.718632e+01 3.119435e+01
4.864968e+01 -1.746556e+01 3.118411e+01
4.891339e+01 -1.777992e+01 3.113347e+01
4.777195e+01 -1.706427e+01 3.070768e+01
4.132895e+01 -1.015356e+01 3.117539e+01
4.286217e+01 -1.282404e+01 3.003813e+01
4.729776e+01 -1.721791e+01 3.007984e+01
4.499575e+01 -1.427335e+01 3.072240e+01
4.425556e+01 -1.362823e+01 3.062732e+01
4.590916e+01 -1.533968e+01 3.056947e+01
4.745825e+01 -1.682665e+01 3.063160e+01
4.901331e+01 -1.840453e+01 3.060878e+01
5.005603e+01 -1.940978e+01 3.064625e+01
5.082190e+01 -2.017559e+01 3.064632e+01
5.111465e+01 -2.061443e+01 3.050022e+01
4.874898e+01 -1.866444e+01 3.008454e+01
4.345732e+01 -1.215674e+01 3.130058e+01
4.399258e+01 -1.410911e+01 2.988347e+01
4.228421e+01 -1.207657e+01 3.020764e+01
4.200719e+01 -1.092535e+01 3.108183e+01
4.632031e+01 -1.663503e+01 2.968528e+01
4.026076e+01 -9.270236e+00 3.099053e+01
4.462021e+01 -1.663920e+01 2.798101e+01
4.621301e+01 -1.828655e+01 2.792646e+01
3.920203e+01 -7.473957e+00 3.172807e+01
4.717309e+01 -1.803655e+01 2.913654e+01
4.899623e+01 -1.911840e+01 2.987783e+01
4.814702e+01 -1.820971e+01 2.993730e+01
4.708066e+01 -1.711327e+01 2.996739e+01
4.669810e+01 -1.668329e+01 3.001481e+01
4.745598e+01 -1.754612e+01 2.990987e+01
4.814708e+01 -1.831532e+01 2.983176e+01
4.760482e+01 -1.775602e+01 2.984880e+01
4.652596e+01 -1.652679e+01 2.999917e+01
4.654170e+01 -1.662166e+01 2.992004e+01
4.739806e+01 -1.743045e+01 2.996760e+01
4.872682e+01 -1.883646e+01 2.989035e+01
4.954628e+01 -1.977222e+01 2.977406e+01
4.855342e+01 -1.872120e+01 2.983222e+01
4.775032e+01 -1.754379e+01 3.020653e+01
4.969017e+01 -1.991375e+01 2.977642e+01
5.097366e+01 -2.117133e+01 2.980233e+01
5.047709e+01 -2.057903e+01 2.989806e+01
4.977166e+01 -1.974323e+01 3.002843e+01
5.016364e+01 -2.027199e+01 2.989165e+01
5.045462e+01 -2.071086e+01 2.974376e+01
4.872783e+01 -1.907687e+01 2.965095e+01
4.653232e+01 -1.612239e+01 3.040993e+01
4.984602e+01 -2.029293e+01 2.955308e+01
5.274389e+01 -2.332663e+01 2.941726e+01
4.955738e+01 -2.039000e+01 2.916738e+01
4.215656e+01 -1.175067e+01 3.040588e+01
4.519051e+01 -1.600024e+01 2.919027e+01
5.017667e+01 -2.125288e+01 2.892379e+01
4.633712e+01 -1.673442e+01 2.960270e+01
4.582571e+01 -1.625813e+01 2.956759e+01
4.974031e+01 -2.040482e+01 2.933549e+01
5.040320e+01 -2.078532e+01 2.961788e+01
5.012012e+01 -2.043867e+01 2.968146e+01
4.991295e+01 -2.023907e+01 2.967388e+01
4.976844e+01 -2.010809e+01 2.966036e+01
4.946434e+01 -1.978704e+01 2.967730e+01
4.919475e+01 -1.945978e+01 2.973497e+01
4.966815e+01 -1.998884e+01 2.967931e+01
4.977957e+01 -2.042039e+01 2.935918e+01
4.641926e+01 -1.699803e+01 2.942122e+01
4.430495e+01 -1.418301e+01 3.012193e+01
4.923551e+01 -1.993002e+01 2.930549e+01
5.263066e+01 -2.330497e+01 2.932569e+01
5.135098e+01 -2.175291e+01 2.959807e+01
4.862871e+01 -1.922383e+01 2.940488e+01
4.395637e+01 -1.454925e+01 2.940712e+01
4.373784e+01 -1.356228e+01 3.017556e+01
4.929937e+01 -2.007387e+01 2.922550e+01
4.589723e+01 -1.619385e+01 2.970339e+01
4.473862e+01 -1.445252e+01 3.028610e+01
4.975759e+01 -1.987953e+01 2.987806e+01
5.076992e+01 -2.052120e+01 3.024872e+01
5.071607e+01 -2.040624e+01 3.030983e+01
5.097113e+01 -2.067985e+01 3.029129e+01
5.149064e+01 -2.126010e+01 3.023055e+01
5.131582e+01 -2.130373e+01 3.001209e+01
4.789153e+01 -1.817826e+01 2.971327e+01
4.294283e+01 -1.195051e+01 3.099233e+01
4.597231e+01 -1.627174e+01 2.970056e+01
4.938870e+01 -1.934708e+01 3.004162e+01
5.107437e+01 -2.096565e+01 3.010872e+01
5.213854e+01 -2.200640e+01 3.013213e+01
5.262479e+01 -2.245060e+01 3.017419e+01
5.281422e+01 -2.262630e+01 3.018791e+01
5.201109e+01 -2.202131e+01 2.998978e+01
4.858772e+01 -1.852138e+01 3.006634e+01
4.731058e+01 -1.667306e+01 3.063752e+01
5.109985e+01 -2.108685e+01 3.001300e+01
5.298793e+01 -2.276254e+01 3.022539e+01
5.338884e+01 -2.306384e+01 3.032500e+01
5.369216e+01 -2.334548e+01 3.034669e+01
5.419390e+01 -2.391112e+01 3.028279e+01
5.440091e+01 -2.417804e+01 3.022288e+01
5.361174e+01 -2.343069e+01 3.018106e+01
5.197256e+01 -2.168603e+01 3.028652e+01
5.033574e+01 -2.035540e+01 2.998034e+01
4.778599e+01 -1.742468e+01 3.036132e+01
4.821344e+01 -1.804315e+01 3.017029e+01
5.091231e+01 -2.094689e+01 2.996542e+01
5.160942e+01 -2.157388e+01 3.003553e+01
5.056200e+01 -2.032217e+01 3.023983e+01
4.975673e+01 -1.948965e+01 3.026709e+01
4.957126e+01 -1.934263e+01 3.022863e+01
4.941970e+01 -1.917765e+01 3.024204e+01
4.890145e+01 -1.877963e+01 3.012182e+01
4.579118e+01 -1.618599e+01 2.960518e+01
4.039254e+01 -8.844978e+00 3.154757e+01
4.494113e+01 -1.550472e+01 2.943641e+01
4.570351e+01 -1.596193e+01 2.974158e+01
4.241675e+01 -1.176489e+01 3.065187e+01
4.400398e+01 -1.407795e+01 2.992603e+01
4.676483e+01 -1.675921e+01 3.000562e+01
4.770054e+01 -1.754263e+01 3.015792e+01
4.839980e+01 -1.820090e+01 3.019890e+01
4.937024e+01 -1.919779e+01 3.017245e+01
5.007560e+01 -2.004514e+01 3.003046e+01
4.908750e+01 -1.915353e+01 2.993397e+01
4.713262e+01 -1.696442e+01 3.016821e+01
4.652569e+01 -1.636911e+01 3.015658e+01
4.801060e+01 -1.818373e+01 2.982687e+01
4.962008e+01 -1.954686e+01 3.007322e+01
5.127214e+01 -2.138468e+01 2.988745e+01
5.072936e+01 -2.113859e+01 2.959077e+01
4.785926e+01 -1.723732e+01 3.062193e+01
5.139897e+01 -2.153381e+01 2.986515e+01
5.638867e+01 -2.668553e+01 2.970313e+01
5.733462e+01 -2.742242e+01 2.991219e+01
5.593786e+01 -2.590473e+01 3.003313e+01
5.431813e+01 -2.416792e+01 3.015021e+01
5.364974e+01 -2.368696e+01 2.996278e+01
5.234306e+01 -2.244824e+01 2.989482e+01
5.116556e+01 -2.073386e+01 3.043170e+01
5.382523e+01 -2.401175e+01 2.981348e+01
5.588868e+01 -2.596844e+01 2.992024e+01
5.583131e+01 -2.575214e+01 3.007917e+01
5.531446e+01 -2.538025e+01 2.993420e+01
5.251320e+01 -2.296181e+01 2.955139e+01
4.877278e+01 -1.789337e+01 3.087942e+01
5.123549e+01 -2.152356e+01 2.971192e+01
5.256334e+01 -2.225273e+01 3.031061e+01
5.413591e+01 -2.403590e+01 3.010000e+01
5.499121e+01 -2.487308e+01 3.011813e+01
5.426339e+01 -2.410420e+01 3.015919e+01
5.256197e+01 -2.231849e+01 3.024349e+01
5.160724e+01 -2.125904e+01 3.034819e+01
5.209178e+01 -2.195760e+01 3.013417e+01
5.199016e+01 -2.184949e+01 3.014067e+01
5.084495e+01 -2.071279e+01 3.013216e+01
4.885571e+01 -1.869284e+01 3.016287e+01
4.863407e+01 -1.817714e+01 3.045693e+01
5.130282e+01 -2.124016e+01 3.006266e+01
5.254372e+01 -2.230894e+01 3.023478e+01
5.264633e+01 -2.234887e+01 3.029747e+01
5.272884e+01 -2.239251e+01 3.033633e+01
5.307001e+01 -2.275383e+01 3.031618e+01
5.339485e+01 -2.315831e+01 3.023654e+01
5.281065e+01 -2.270959e+01 3.010106e+01
5.045218e+01 -2.026614e+01 3.018604e+01
4.846923e+01 -1.819883e+01 3.027041e+01
4.832424e+01 -1.804411e+01 3.028013e+01
5.059384e+01 -2.029363e+01 3.030021e+01
5.385199e+01 -2.390984e+01 2.994215e+01
5.353933e+01 -2.349431e+01 3.004503e+01
5.038097e+01 -2.020000e+01 3.018098e+01
4.611463e+01 -1.651484e+01 2.959979e+01
4.078447e+01 -9.487506e+00 3.129696e+01
4.629455e+01 -1.710896e+01 2.918560e+01
4.972947e+01 -2.013896e+01 2.959050e+01
4.788774e+01 -1.748285e+01 3.040490e+01
4.840521e+01 -1.845729e+01 2.994792e+01
4.879039e+01 -1.876196e+01 3.002843e+01
4.800262e+01 -1.787860e+01 3.012401e+01
4.708264e+01 -1.693057e+01 3.015207e+01
4.647704e+01 -1.632916e+01 3.014788e+01
4.629977e+01 -1.617353e+01 3.012623e+01
4.654618e+01 -1.643130e+01 3.011488e+01
4.696903e+01 -1.692084e+01 3.004819e+01
4.608899e+01 -1.643280e+01 2.965619e+01
4.066912e+01 -1.065228e+01 3.001684e+01
4.067482e+01 -1.116924e+01 2.950558e+01
4.276428e+01 -1.346552e+01 2.929876e+01
4.207783e+01 -1.133662e+01 3.074121e+01
4.768825e+01 -1.811044e+01 2.957781e+01
4.979052e+01 -2.004324e+01 2.974728e+01
4.689038e+01 -1.708589e+01 2.980449e+01
4.466201e+01 -1.413365e+01 3.052836e+01
4.750089e+01 -1.757810e+01 2.992279e+01
4.942772e+01 -1.926708e+01 3.016064e+01
5.037432e+01 -2.045218e+01 2.992215e+01
4.815588e+01 -1.826156e+01 2.989432e+01
4.639494e+01 -1.596263e+01 3.043231e+01
4.716441e+01 -1.743544e+01 2.972897e+01
4.777101e+01 -1.723641e+01 3.053461e+01
5.092033e+01 -2.102067e+01 2.989965e+01
4.971486e+01 -1.937536e+01 3.033950e+01
4.816778e+01 -1.752356e+01 3.064422e+01
4.940391e+01 -1.917253e+01 3.023138e+01
4.937847e+01 -1.925986e+01 3.011860e+01
4.723599e+01 -1.675570e+01 3.048029e+01
4.823637e+01 -1.762500e+01 3.061137e+01
5.151175e+01 -2.152160e+01 2.999015e+01
4.958747e+01 -1.956640e+01 3.002107e+01
4.628904e+01 -1.500098e+01 3.128806e+01
4.972778e+01 -1.945350e+01 3.027428e+01
5.177690e+01 -2.127695e+01 3.049994e+01
5.181984e+01 -2.122205e+01 3.059778e+01
5.142658e+01 -2.080658e+01 3.061999e+01
5.072072e+01 -2.027595e+01 3.044478e+01
4.861868e+01 -1.811263e+01 3.050605e+01
4.679955e+01 -1.606091e+01 3.073865e+01
4.851946e+01 -1.800307e+01 3.051640e+01
5.141101e+01 -2.101169e+01 3.039932e+01
5.241335e+01 -2.192452e+01 3.048883e+01
5.190070e+01 -2.136418e+01 3.053652e+01
5.077457e+01 -2.014697e+01 3.062760e+01
5.040095e+01 -1.975131e+01 3.064964e+01
5.086621e+01 -2.041151e+01 3.045470e+01
5.011505e+01 -1.975280e+01 3.036226e+01
4.779631e+01 -1.721448e+01 3.058183e+01
4.451515e+01 -1.438707e+01 3.012808e+01
4.394786e+01 -1.264645e+01 3.130141e+01
5.008112e+01 -1.957990e+01 3.050122e+01
5.189855e+01 -2.104129e+01 3.085726e+01
5.187409e+01 -2.090252e+01 3.097157e+01
5.196338e+01 -2.097649e+01 3.098689e+01
5.256202e+01 -2.162516e+01 3.093686e+01
5.299439e+01 -2.220950e+01 3.078489e+01
5.116440e+01 -2.064716e+01 3.051724e+01
4.871718e+01 -1.709428e+01 3.162290e+01
5.137705e+01 -2.123113e+01 3.014592e+01
4.808902e+01 -1.746005e+01 3.062897e+01
4.772195e+01 -1.661326e+01 3.110869e+01
5.407229e+01 -2.351611e+01 3.055618e+01
5.594396e+01 -2.515493e+01 3.078903e+01
5.412183e+01 -2.327732e+01 3.084451e+01
5.079996e+01 -1.961627e+01 3.118369e+01
4.922333e+01 -1.854609e+01 3.067724e+01
4.752006e+01 -1.624914e+01 3.127092e+01
4.999370e+01 -1.947275e+01 3.052095e+01
5.306853e+01 -2.241194e+01 3.065659e+01
5.354812e+01 -2.293117e+01 3.061696e+01
5.111383e+01 -2.052255e+01 3.059128e+01
4.984853e+01 -1.847294e+01 3.137559e+01
5.322396e+01 -2.264955e+01 3.057440e+01
5.345915e+01 -2.269766e+01 3.076149e+01
5.098797e+01 -2.004153e+01 3.094644e+01
4.876275e+01 -1.781509e+01 3.094767e+01
4.549562e+01 -1.511387e+01 3.038175e+01
4.377331e+01 -1.170233e+01 3.207099e+01
5.002558e+01 -1.891701e+01 3.110857e+01
5.178236e+01 -2.023115e+01 3.155121e+01
5.205174e+01 -2.044761e+01 3.160413e+01
5.219606e+01 -2.058266e+01 3.161340e+01
5.225565e+01 -2.068953e+01 3.156613e+01
5.146413e+01 -2.013546e+01 3.132867e+01
4.670310e+01 -1.585521e+01 3.084789e+01
3.997661e+01 -6.815296e+00 3.316131e+01
4.666269e+01 -1.599180e+01 3.067089e+01
5.075639e+01 -1.948703e+01 3.126936e+01
5.068365e+01 -1.918120e+01 3.150245e+01
4.995833e+01 -1.839438e+01 3.156395e+01
4.961372e+01 -1.803801e+01 3.157571e+01
4.969101e+01 -1.813917e+01 3.155184e+01
4.967779e+01 -1.817645e+01 3.150133e+01
4.769532e+01 -1.667033e+01 3.102499e+01
4.170264e+01 -9.305863e+00 3.239678e+01
4.577249e+01 -1.547890e+01 3.029360e+01
5.010944e+01 -1.933981e+01 3.076964e+01
5.070066e+01 -1.973226e+01 3.096840e+01
5.063862e+01 -1.964595e+01 3.099267e+01
5.058305e+01 -1.961049e+01 3.097257e+01
5.071715e+01 -1.973373e+01 3.098342e+01
5.118619e+01 -2.028226e+01 3.090393e+01
5.126859e+01 -2.047119e+01 3.079740e+01
5.070771e+01 -1.975050e+01 3.095721e+01
5.054894e+01 -1.987000e+01 3.067894e+01
4.949950e+01 -1.852512e+01 3.097438e+01
5.079155e+01 -1.982803e+01 3.096352e+01
5.407405e+01 -2.345371e+01 3.062035e+01
5.381771e+01 -2.327903e+01 3.053868e+01
5.086442e+01 -1.952000e+01 3.134442e+01
5.180668e+01 -2.125837e+01 3.054831e+01
5.206868e+01 -2.142505e+01 3.064362e+01
5.016099e+01 -1.914176e+01 3.101923e+01
5.078714e+01 -1.994938e+01 3.083776e+01
5.252253e+01 -2.187590e+01 3.064663e+01
5.205371e+01 -2.122208e+01 3.083163e+01
5.055474e+01 -1.964547e+01 3.090927e+01
4.925401e+01 -1.831493e+01 3.093908e+01
4.889026e+01 -1.791304e+01 3.097722e+01
4.955841e+01 -1.868578e+01 3.087262e+01
5.018258e+01 -1.928578e+01 3.089680e+01
5.046196e+01 -1.952318e+01 3.093878e+01
5.060444e+01 -1.968738e+01 3.091705e+01
5.014009e+01 -1.938668e+01 3.075341e+01
4.740968e+01 -1.670365e+01 3.070604e+01
4.626814e+01 -1.476193e+01 3.150620e+01
5.091575e+01 -2.019909e+01 3.071666e+01
5.349981e+01 -2.267871e+01 3.082110e+01
5.156446e+01 -2.127345e+01 3.029100e+01
4.276689e+01 -1.142111e+01 3.134577e+01
4.193576e+01 -1.143117e+01 3.050459e+01
4.749132e+01 -1.738239e+01 3.010893e+01
4.949403e+01 -1.929439e+01 3.019964e+01
4.793012e+01 -1.725569e+01 3.067443e+01
4.843635e+01 -1.793148e+01 3.050487e+01
5.035053e+01 -1.995641e+01 3.039412e+01
5.055011e+01 -2.000367e+01 3.054644e+01
5.001810e+01 -1.941971e+01 3.059839e+01
4.938401e+01 -1.878996e+01 3.059405e+01
4.865845e+01 -1.810084e+01 3.055761e+01
4.776451e+01 -1.717303e+01 3.059148e+01
4.702317e+01 -1.636709e+01 3.065608e+01
4.705165e+01 -1.641941e+01 3.063224e+01
4.773978e+01 -1.713809e+01 3.060169e+01
4.850925e+01 -1.793609e+01 3.057315e+01
4.859655e+01 -1.824988e+01 3.034666e+01
4.361488e+01 -1.425843e+01 2.935645e+01
3.686858e+01 -3.090639e+00 3.377795e+01
4.745481e+01 -1.511128e+01 3.234352e+01
5.036234e+01 -1.747022e+01 3.289211e+01
5.074843e+01 -1.776179e+01 3.298664e+01
5.017227e+01 -1.719199e+01 3.298028e+01
4.840946e+01 -1.557231e+01 3.283715e+01
4.518870e+01 -1.207434e+01 3.311436e+01
4.417687e+01 -1.115223e+01 3.302464e+01
4.518943e+01 -1.225239e+01 3.293704e+01
4.618318e+01 -1.324088e+01 3.294230e+01
4.690450e+01 -1.401839e+01 3.288610e+01
4.645371e+01 -1.348193e+01 3.297178e+01
4.579433e+01 -1.275091e+01 3.304342e+01
4.572681e+01 -1.273659e+01 3.299022e+01
4.584221e+01 -1.287687e+01 3.296534e+01
4.579220e+01 -1.279830e+01 3.299390e+01
4.566852e+01 -1.266136e+01 3.300716e+01
4.562591e+01 -1.264639e+01 3.297952e+01
4.575004e+01 -1.275820e+01 3.299184e+01
4.605492e+01 -1.304707e+01 3.300785e+01
4.645213e+01 -1.346796e+01 3.298418e+01
4.660122e+01 -1.368037e+01 3.292085e+01
4.585790e+01 -1.296046e+01 3.289744e+01
4.470328e+01 -1.158301e+01 3.312027e+01
4.503570e+01 -1.208988e+01 3.294582e+01
4.588682e+01 -1.291131e+01 3.297551e+01
4.672721e+01 -1.371103e+01 3.301618e+01
4.776632e+01 -1.480983e+01 3.295648e+01
4.845935e+01 -1.549451e+01 3.296484e+01
4.892732e+01 -1.591839e+01 3.300894e+01
4.953003e+01 -1.652430e+01 3.300573e+01
5.033364e+01 -1.738051e+01 3.295312e+01
5.064258e+01 -1.787652e+01 3.276606e+01
4.851117e+01 -1.589436e+01 3.261681e+01
4.564840e+01 -1.233258e+01 3.331582e+01
4.806076e+01 -1.523962e+01 3.282114e+01
5.139438e+01 -1.887818e+01 3.251620e+01
5.094002e+01 -1.807275e+01 3.286727e+01
5.056052e+01 -1.763440e+01 3.292612e+01
5.027955e+01 -1.789897e+01 3.238058e+01
4.819226e+01 -1.471547e+01 3.347679e+01
5.021875e+01 -1.767015e+01 3.254860e+01
5.116295e+01 -1.809657e+01 3.306639e+01
5.221069e+01 -1.927455e+01 3.293615e+01
5.321119e+01 -2.020665e+01 3.300453e+01
5.407716e+01 -2.102890e+01 3.304826e+01
5.521505e+01 -2.215888e+01 3.305617e+01
5.636908e+01 -2.337149e+01 3.299759e+01
5.633537e+01 -2.360763e+01 3.272775e+01
5.156123e+01 -1.943144e+01 3.212979e+01
4.198784e+01 -7.188580e+00 3.479926e+01
4.940842e+01 -1.794174e+01 3.146668e+01
5.465535e+01 -2.239275e+01 3.226260e+01
5.619016e+01 -2.375462e+01 3.243553e+01
5.700716e+01 -2.466938e+01 3.233778e+01
5.625428e+01 -2.396170e+01 3.229258e+01
5.389495e+01 -2.143992e+01 3.245503e+01
5.279419e+01 -2.014470e+01 3.264949e+01
5.465788e+01 -2.232166e+01 3.233622e+01
5.623375e+01 -2.396691e+01 3.226684e+01
5.574562e+01 -2.335110e+01 3.239452e+01
5.445365e+01 -2.198660e+01 3.246705e+01
5.384297e+01 -2.127378e+01 3.256919e+01
5.458563e+01 -2.212834e+01 3.245729e+01
5.541655e+01 -2.300666e+01 3.240989e+01
5.514428e+01 -2.275902e+01 3.238526e+01
5.340884e+01 -2.107604e+01 3.233280e+01
5.016851e+01 -1.774812e+01 3.242039e+01
4.873665e+01 -1.587557e+01 3.286107e+01
5.168049e+01 -1.944849e+01 3.223201e+01
5.292369e+01 -2.075264e+01 3.217106e+01
4.929568e+01 -1.725581e+01 3.203988e+01
4.449675e+01 -1.115347e+01 3.334328e+01
4.767975e+01 -1.542234e+01 3.225740e+01
5.102536e+01 -1.862603e+01 3.239933e+01
5.157262e+01 -1.902847e+01 3.254415e+01
5.137060e+01 -1.875796e+01 3.261264e+01
5.159410e+01 -1.899302e+01 3.260109e+01
5.240930e+01 -1.985351e+01 3.255579e+01
5.319591e+01 -2.075018e+01 3.244573e+01
5.268838e+01 -2.041872e+01 3.226967e+01
4.985641e+01 -1.741386e+01 3.244255e+01
4.853292e+01 -1.579349e+01 3.273944e+01
5.069351e+01 -1.837298e+01 3.232052e+01
5.292817e+01 -2.041255e+01 3.251563e+01
5.401897e+01 -2.223069e+01 3.178828e+01
4.828026e+01 -1.606075e+01 3.221951e+01
4.777155e+01 -1.497377e+01 3.279779e+01
5.537152e+01 -2.328375e+01 3.208777e+01
5.696294e+01 -2.451959e+01 3.244335e+01
5.547568e+01 -2.270779e+01 3.276789e+01
5.619856e+01 -2.336134e+01 3.283722e+01
5.952220e+01 -2.696553e+01 3.255667e+01
6.130091e+01 -2.875832e+01 3.254260e+01
6.015826e+01 -2.784060e+01 3.231766e+01
5.491515e+01 -2.252379e+01 3.239136e+01
5.217804e+01 -1.854579e+01 3.363226e+01
5.924828e+01 -2.714480e+01 3.210348e+01
6.339472e+01 -3.097450e+01 3.242022e+01
6.326935e+01 -3.048948e+01 3.277986e+01
6.144985e+01 -2.946836e+01 3.198149e+01
5.422363e+01 -1.995917e+01 3.426446e+01
6.032631e+01 -2.957599e+01 3.075033e+01
6.202335e+01 -3.035262e+01 3.167074e+01
6.030349e+01 -2.829035e+01 3.201314e+01
5.995496e+01 -2.820123e+01 3.175373e+01
5.926749e+01 -2.750797e+01 3.175952e+01
5.755891e+01 -2.569888e+01 3.186003e+01
5.603955e+01 -2.413317e+01 3.190637e+01
5.558140e+01 -2.367912e+01 3.190228e+01
5.623623e+01 -2.444542e+01 3.179080e+01
5.624310e+01 -2.475680e+01 3.148630e+01
5.337633e+01 -2.166515e+01 3.171118e+01
5.054663e+01 -1.895273e+01 3.159390e+01
5.158616e+01 -1.993677e+01 3.164939e+01
5.268744e+01 -2.160869e+01 3.107874e+01
4.895669e+01 -1.657512e+01 3.238157e+01
5.071976e+01 -1.942586e+01 3.129390e+01
5.279249e+01 -2.112473e+01 3.166775e+01
5.376180e+01 -2.200080e+01 3.176101e+01
5.499488e+01 -2.329386e+01 3.170102e+01
5.545691e+01 -2.370632e+01 3.175059e+01
5.511215e+01 -2.340576e+01 3.170639e+01
5.337707e+01 -2.177459e+01 3.160247e+01
5.107085e+01 -1.898110e+01 3.208975e+01
5.289867e+01 -2.122799e+01 3.167069e+01
5.600297e+01 -2.453693e+01 3.146604e+01
5.547256e+01 -2.423979e+01 3.123276e+01
4.781343e+01 -1.724269e+01 3.057074e+01
4.346914e+01 -8.513003e+00 3.495613e+01
5.441784e+01 -2.124625e+01 3.317159e+01
5.269709e+01 -1.501634e+01 3.768075e+01
6.174128e+01 -2.521478e+01 3.652650e+01
6.128751e+01 -2.382594e+01 3.746157e+01
6.088981e+01 -2.351113e+01 3.737868e+01
6.206097e+01 -2.480711e+01 3.725386e+01
6.210607e+01 -2.527132e+01 3.683475e+01
5.781945e+01 -2.082552e+01 3.699393e+01
5.095920e+01 -1.361006e+01 3.734914e+01
5.308577e+01 -1.617727e+01 3.690850e+01
6.043309e+01 -2.369367e+01 3.673942e+01
6.182090e+01 -2.463159e+01 3.718931e+01
6.120041e+01 -2.384927e+01 3.735114e+01
6.093461e+01 -2.355784e+01 3.737677e+01
6.153424e+01 -2.419345e+01 3.734079e+01
6.238536e+01 -2.511757e+01 3.726779e+01
6.211832e+01 -2.513691e+01 3.698142e+01
5.653383e+01 -2.002362e+01 3.651021e+01
5.349891e+01 -1.506760e+01 3.843131e+01
6.046947e+01 -2.292489e+01 3.754459e+01
6.022341e+01 -2.222262e+01 3.800079e+01
5.937941e+01 -2.074352e+01 3.863589e+01
6.251508e+01 -2.460070e+01 3.791438e+01
6.270153e+01 -2.501199e+01 3.768954e+01
5.752552e+01 -1.899954e+01 3.852598e+01
5.849794e+01 -2.088762e+01 3.761032e+01
6.158190e+01 -2.397652e+01 3.760539e+01
6.334757e+01 -2.519689e+01 3.815068e+01
6.637853e+01 -2.897978e+01 3.739875e+01
6.246593e+01 -2.485392e+01 3.761201e+01
6.185432e+01 -2.383900e+01 3.801532e+01
6.620067e+01 -2.862422e+01 3.757645e+01
6.328670e+01 -2.521987e+01 3.806683e+01
5.985635e+01 -2.136306e+01 3.849330e+01
6.019000e+01 -2.212768e+01 3.806232e+01
6.102626e+01 -2.284088e+01 3.818538e+01
6.216329e+01 -2.394569e+01 3.821760e+01
6.370602e+01 -2.561563e+01 3.809039e+01
6.408618e+01 -2.594699e+01 3.813919e+01
6.390202e+01 -2.553085e+01 3.837118e+01
6.502137e+01 -2.681123e+01 3.821015e+01
6.620247e+01 -2.804371e+01 3.815875e+01
6.609479e+01 -2.796977e+01 3.812502e+01
6.406402e+01 -2.601837e+01 3.804565e+01
6.022445e+01 -2.235959e+01 3.786486e+01
5.139570e+01 -1.344610e+01 3.794960e+01
5.385807e+01 -1.718006e+01 3.667801e+01
6.208515e+01 -2.577525e+01 3.630990e+01
6.024065e+01 -2.363149e+01 3.660916e+01
5.302228e+01 -1.545173e+01 3.757055e+01
5.223584e+01 -1.527984e+01 3.695600e+01
5.668824e+01 -1.990286e+01 3.678538e+01
5.976057e+01 -2.293756e+01 3.682301e+01
6.012754e+01 -2.311451e+01 3.701304e+01
5.929865e+01 -2.224808e+01 3.705057e+01
5.814182e+01 -2.103440e+01 3.710742e+01
5.774393e+01 -2.057904e+01 3.716489e+01
5.835678e+01 -2.143704e+01 3.691974e+01
5.765784e+01 -2.079658e+01 3.686126e+01
5.626919e+01 -1.894623e+01 3.732295e+01
5.794590e+01 -2.096904e+01 3.697686e+01
6.034612e+01 -2.351061e+01 3.683551e+01
6.078360e+01 -2.386083e+01 3.692277e+01
5.974951e+01 -2.289720e+01 3.685231e+01
5.708473e+01 -2.024454e+01 3.684019e+01
5.375001e+01 -1.710352e+01 3.664648e+01
5.049768e+01 -1.275854e+01 3.773914e+01
5.586774e+01 -1.925727e+01 3.661046e+01
6.245057e+01 -2.590492e+01 3.654565e+01
6.291805e+01 -2.613970e+01 3.677835e+01
6.019833e+01 -2.310982e+01 3.708851e+01
5.882060e+01 -2.162049e+01 3.720010e+01
5.993522e+01 -2.300631e+01 3.692891e+01
6.070061e+01 -2.371984e+01 3.698077e+01
6.085290e+01 -2.375274e+01 3.710017e+01
6.134035e+01 -2.427844e+01 3.706191e+01
6.186904e+01 -2.483960e+01 3.702945e+01
6.184467e+01 -2.478729e+01 3.705738e+01
6.129382e+01 -2.421927e+01 3.707455e+01
6.038626e+01 -2.334043e+01 3.704583e+01
5.891658e+01 -2.195747e+01 3.695911e+01
5.613969e+01 -1.917695e+01 3.696274e+01
5.416525e+01 -1.673819e+01 3.742706e+01
5.601459e+01 -1.907199e+01 3.694260e+01
5.754090e+01 -2.053036e+01 3.701053e+01
5.746006e+01 -2.037885e+01 3.708121e+01
5.653298e+01 -1.941938e+01 3.711360e+01
5.570645e+01 -1.846285e+01 3.724360e+01
5.622318e+01 -1.907674e+01 3.714644e+01
5.719016e+01 -2.016271e+01 3.702745e+01
5.712728e+01 -2.004115e+01 3.708613e+01
5.670960e+01 -1.956338e+01 3.714622e+01
5.672926e+01 -1.958940e+01 3.713986e+01
5.790688e+01 -2.066409e+01 3.724279e+01
6.042588e+01 -2.336387e+01 3.706202e+01
6.218624e+01 -2.511165e+01 3.707458e+01
6.225705e+01 -2.540917e+01 3.684789e+01
5.833851e+01 -2.154801e+01 3.679049e+01
5.660051e+01 -1.894138e+01 3.765913e+01
6.115973e+01 -2.415708e+01 3.700265e+01
6.265134e+01 -2.547293e+01 3.717841e+01
6.127577e+01 -2.414326e+01 3.713251e+01
5.847246e+01 -2.087376e+01 3.759870e+01
5.873036e+01 -2.130827e+01 3.742209e+01
6.129451e+01 -2.410941e+01 3.718510e+01
6.221822e+01 -2.513056e+01 3.708765e+01
6.050020e+01 -2.310795e+01 3.739225e+01
5.982192e+01 -2.229171e+01 3.753021e+01
6.154260e+01 -2.432735e+01 3.721525e+01
6.237157e+01 -2.509908e+01 3.727250e+01
6.204934e+01 -2.462375e+01 3.742559e+01
6.158190e+01 -2.443400e+01 3.714791e+01
5.701893e+01 -2.065108e+01 3.636785e+01
4.962394e+01 -9.567230e+00 4.005671e+01
5.790193e+01 -2.020804e+01 3.769389e+01
6.127649e+01 -2.305194e+01 3.822455e+01
6.189385e+01 -2.357162e+01 3.832223e+01
6.159402e+01 -2.323490e+01 3.835912e+01
6.105887e+01 -2.265894e+01 3.839993e+01
6.073062e+01 -2.233258e+01 3.839804e+01
6.075683e+01 -2.237237e+01 3.838446e+01
6.103291e+01 -2.264735e+01 3.838556e+01
6.155962e+01 -2.318216e+01 3.837745e+01
6.227644e+01 -2.395612e+01 3.832031e+01
6.244013e+01 -2.425412e+01 3.818601e+01
6.084116e+01 -2.268167e+01 3.815949e+01
5.950911e+01 -2.081684e+01 3.869227e+01
6.176474e+01 -2.387071e+01 3.789403e+01
6.120025e+01 -2.320355e+01 3.799670e+01
6.083849e+01 -2.221403e+01 3.862446e+01
6.370180e+01 -2.575351e+01 3.794829e+01
6.207001e+01 -2.400888e+01 3.806113e+01
5.718532e+01 -1.859556e+01 3.858976e+01
5.717145e+01 -1.873346e+01 3.843799e+01
6.152782e+01 -2.339130e+01 3.813652e+01
6.419995e+01 -2.604129e+01 3.815866e+01
6.446597e+01 -2.624146e+01 3.822451e+01
6.324167e+01 -2.485200e+01 3.838967e+01
6.282099e+01 -2.438637e+01 3.843463e+01
6.343953e+01 -2.519996e+01 3.823957e+01
6.266719e+01 -2.449005e+01 3.817715e+01
6.049635e+01 -2.186291e+01 3.863344e+01
6.113976e+01 -2.291374e+01 3.822602e+01
6.125304e+01 -2.343465e+01 3.781839e+01
5.725058e+01 -1.841236e+01 3.883822e+01
5.891046e+01 -2.123489e+01 3.767557e+01
6.015308e+01 -2.243637e+01 3.771671e+01
5.910296e+01 -2.047884e+01 3.862412e+01
6.199293e+01 -2.413485e+01 3.785808e+01
6.288618e+01 -2.491323e+01 3.797295e+01
6.070222e+01 -2.270547e+01 3.799675e+01
5.626851e+01 -1.822289e+01 3.804562e+01
5.309957e+01 -1.430876e+01 3.879081e+01
5.661380e+01 -1.857047e+01 3.804333e+01
6.093950e+01 -2.300481e+01 3.793470e+01
6.153531e+01 -2.377225e+01 3.776306e+01
5.299541e+01 -1.659878e+01 3.639664e+01
4.902212e+01 -6.459436e+00 4.256269e+01
6.622227e+01 -2.182908e+01 4.439319e+01
6.213913e+01 -1.655045e+01 4.558868e+01
6.220200e+01 -1.711106e+01 4.509094e+01
6.561000e+01 -2.059702e+01 4.501298e+01
6.570457e+01 -2.045808e+01 4.524649e+01
6.476180e+01 -1.940968e+01 4.535212e+01
6.483353e+01 -1.938315e+01 4.545038e+01
6.661277e+01 -2.137256e+01 4.524021e+01
6.644804e+01 -2.207271e+01 4.437532e+01
4.969162e+01 -6.510989e+00 4.318063e+01
5.361640e+01 -1.408658e+01 3.952982e+01
6.678916e+01 -2.599482e+01 4.079435e+01
6.088532e+01 -2.044318e+01 4.044214e+01
5.186962e+01 -6.911230e+00 4.495839e+01
6.454329e+01 -2.290921e+01 4.163408e+01
6.763259e+01 -2.568207e+01 4.195051e+01
6.030549e+01 -1.720307e+01 4.310242e+01
5.884947e+01 -1.584308e+01 4.300639e+01
6.499712e+01 -2.291927e+01 4.207785e+01
6.605681e+01 -2.355253e+01 4.250428e+01
6.317147e+01 -2.063097e+01 4.254050e+01
5.855456e+01 -1.590530e+01 4.264926e+01
5.831126e+01 -1.500907e+01 4.330219e+01
6.404729e+01 -2.154573e+01 4.250156e+01
6.515406e+01 -2.229588e+01 4.285818e+01
6.250430e+01 -1.972471e+01 4.277960e+01
5.776465e+01 -1.438759e+01 4.337707e+01
5.812625e+01 -1.525906e+01 4.286719e+01
6.055616e+01 -1.786986e+01 4.268630e+01
5.959418e+01 -1.664666e+01 4.294752e+01
5.845454e+01 -1.526489e+01 4.318965e+01
5.941159e+01 -1.647262e+01 4.293897e+01
6.032794e+01 -1.734916e+01 4.297878e+01
6.054453e+01 -1.752441e+01 4.302011e+01
6.057415e+01 -1.757671e+01 4.299744e+01
6.057433e+01 -1.760446e+01 4.296987e+01
6.036385e+01 -1.741125e+01 4.295261e+01
5.975870e+01 -1.679233e+01 4.296636e+01
5.915445e+01 -1.614737e+01 4.300709e+01
5.877847e+01 -1.590752e+01 4.287094e+01
5.825445e+01 -1.518855e+01 4.306589e+01
5.965442e+01 -1.665730e+01 4.299712e+01
6.237816e+01 -1.954120e+01 4.283696e+01
6.393167e+01 -2.104256e+01 4.288911e+01
6.416742e+01 -2.136839e+01 4.279903e+01
6.190636e+01 -1.940336e+01 4.250300e+01
5.675246e+01 -1.349150e+01 4.326096e+01
5.604332e+01 -1.299105e+01 4.305227e+01
6.126107e+01 -1.883131e+01 4.242976e+01
6.631022e+01 -2.383532e+01 4.247490e+01
6.767620e+01 -2.504454e+01 4.263167e+01
6.668218e+01 -2.412467e+01 4.255752e+01
6.356154e+01 -2.089601e+01 4.266553e+01
5.948282e+01 -1.701065e+01 4.247217e+01
5.413393e+01 -1.205286e+01 4.208107e+01
5.366516e+01 -8.031639e+00 4.563352e+01
6.662466e+01 -2.305433e+01 4.357033e+01
6.144416e+01 -1.550927e+01 4.593490e+01
5.528023e+01 -1.217294e+01 4.310729e+01
5.358445e+01 -7.810119e+00 4.577433e+01
6.793144e+01 -2.404335e+01 4.388809e+01
7.044237e+01 -2.614434e+01 4.429803e+01
6.217094e+01 -1.693507e+01 4.523587e+01
6.094446e+01 -1.635173e+01 4.459273e+01
6.624908e+01 -2.194190e+01 4.430718e+01
6.758897e+01 -2.292232e+01 4.466665e+01
6.691301e+01 -2.222386e+01 4.468915e+01
6.405783e+01 -1.984953e+01 4.420831e+01
5.547679e+01 -1.063989e+01 4.483691e+01
5.657326e+01 -1.268039e+01 4.389287e+01
6.392719e+01 -2.008085e+01 4.384634e+01
6.504999e+01 -2.087514e+01 4.417485e+01
6.305640e+01 -1.882476e+01 4.423164e+01
6.104964e+01 -1.636076e+01 4.468889e+01
6.298374e+01 -1.874157e+01 4.424217e+01
6.554732e+01 -2.136574e+01 4.418158e+01
6.445420e+01 -2.104428e+01 4.340991e+01
4.527196e+01 -1.348374e+00 4.392358e+01
5.415721e+01 -1.754622e+01 3.661098e+01
5.723887e+01 -1.965436e+01 3.758450e+01
5.317976e+01 -1.465666e+01 3.852310e+01
5.448425e+01 -1.660065e+01 3.788360e+01
5.834880e+01 -2.054255e+01 3.780626e+01
5.930812e+01 -2.130677e+01 3.800134e+01
5.899538e+01 -2.095949e+01 3.803588e+01
5.820889e+01 -2.017360e+01 3.803529e+01
5.711820e+01 -1.906297e+01 3.805524e+01
5.622354e+01 -1.809498e+01 3.812856e+01
5.635265e+01 -1.826465e+01 3.808800e+01
5.715932e+01 -1.916906e+01 3.799025e+01
5.738669e+01 -1.944761e+01 3.793908e+01
5.633380e+01 -1.841422e+01 3.791958e+01
5.389699e+01 -1.609428e+01 3.780272e+01
5.062533e+01 -1.238661e+01 3.823872e+01
5.207828e+01 -1.420462e+01 3.787366e+01
5.574032e+01 -1.799070e+01 3.774963e+01
5.689595e+01 -1.899208e+01 3.790387e+01
5.665415e+01 -1.871847e+01 3.793568e+01
5.587606e+01 -1.794440e+01 3.793166e+01
5.455423e+01 -1.675986e+01 3.779437e+01
5.340670e+01 -1.512334e+01 3.828337e+01
5.599569e+01 -1.820010e+01 3.779560e+01
5.889699e+01 -2.108083e+01 3.781617e+01
5.985651e+01 -2.200273e+01 3.785378e+01
5.907968e+01 -2.141091e+01 3.766876e+01
5.308466e+01 -1.668249e+01 3.640216e+01
4.301616e+01 4.867174e+00 4.788333e+01
7.309887e+01 -1.936015e+01 5.373872e+01
6.560022e+01 -6.497895e+00 5.910232e+01
7.623657e+01 -1.989867e+01 5.633790e+01
7.783247e+01 -2.089783e+01 5.693464e+01
7.473747e+01 -1.751180e+01 5.722567e+01
7.364328e+01 -1.629220e+01 5.735107e+01
7.567309e+01 -1.857999e+01 5.709310e+01
7.650959e+01 -1.930898e+01 5.720061e+01
7.647894e+01 -1.922434e+01 5.725460e+01
7.667198e+01 -1.937258e+01 5.729940e+01
7.758472e+01 -2.040204e+01 5.718268e+01
7.806911e+01 -2.089604e+01 5.717307e+01
7.757519e+01 -2.042954e+01 5.714565e+01
7.579506e+01 -1.863483e+01 5.716023e+01
7.461161e+01 -1.712706e+01 5.748455e+01
7.641693e+01 -1.930672e+01 5.711021e+01
7.826459e+01 -2.110528e+01 5.715930e+01
7.907448e+01 -2.184015e+01 5.723433e+01
7.939088e+01 -2.219184e+01 5.719904e+01
7.854444e+01 -2.159526e+01 5.694918e+01
7.412638e+01 -1.721208e+01 5.691430e+01
6.795071e+01 -1.229548e+01 5.565523e+01
6.306185e+01 8.871326e+00 7.193318e+01
1.009068e+02 -3.560193e+00 9.734656e+01
1.187793e+02 -2.268919e+01 9.609012e+01
1.119362e+02 -1.701868e+01 9.491756e+01
1.082380e+02 -4.623882e+00 1.036142e+02
1.288905e+02 -2.154769e+01 1.073428e+02
1.291701e+02 -2.138154e+01 1.077886e+02
1.271903e+02 -1.962385e+01 1.075665e+02
1.247091e+02 -1.637482e+01 1.083343e+02
1.267101e+02 -1.934731e+01 1.073628e+02
1.261794e+02 -1.888438e+01 1.072950e+02
1.222775e+02 -1.408506e+01 1.081924e+02
1.247289e+02 -1.688520e+01 1.078437e+02
1.302293e+02 -2.270704e+01 1.075223e+02
1.312509e+02 -2.379226e+01 1.074587e+02
1.199445e+02 -1.469789e+01 1.052466e+02
1.177878e+02 -8.827466e+00 1.089604e+02
1.128789e+02 -2.928942e-01 1.125860e+02
1.233361e+02 -1.801974e+01 1.053164e+02
1.197392e+02 -1.131560e+01 1.084236e+02
1.253729e+02 -1.950970e+01 1.058632e+02
1.277829e+02 -2.114176e+01 1.066412e+02
1.277666e+02 -2.103988e+01 1.067267e+02
1.279135e+02 -2.114457e+01 1.067689e+02
1.283557e+02 -2.162122e+01 1.067345e+02
1.285714e+02 -2.189156e+01 1.066798e+02
1.282128e+02 -2.146779e+01 1.067450e+02
1.278810e+02 -2.106750e+01 1.068135e+02
1.281132e+02 -2.141501e+01 1.066982e+02
1.282802e+02 -2.157331e+01 1.067069e+02
1.280345e+02 -2.125340e+01 1.067811e+02
1.277772e+02 -2.100590e+01 1.067713e+02
1.277000e+02 -2.096375e+01 1.067362e+02
1.270456e+02 -2.045584e+01 1.065898e+02
1.247886e+02 -1.813056e+01 1.066580e+02
1.231618e+02 -1.618736e+01 1.069745e+02
1.253848e+02 -1.873477e+01 1.066500e+02
1.280704e+02 -2.169525e+01 1.063752e+02
1.232978e+02 -1.858216e+01 1.047156e+02
1.160126e+02 -1.256340e+00 1.147562e+02
1.404650e+02 -2.167109e+01 1.187939e+02
1.412056e+02 -2.180556e+01 1.194001e+02
1.409947e+02 -2.157857e+01 1.194161e+02
1.407977e+02 -2.140837e+01 1.193894e+02
1.401916e+02 -2.091088e+01 1.192807e+02
1.381761e+02 -1.906735e+01 1.191088e+02
1.306346e+02 -1.282164e+01 1.178130e+02
1.290921e+02 -6.683954e+00 1.224082e+02
1.452680e+02 -2.173899e+01 1.235291e+02
1.466303e+02 -2.238316e+01 1.242472e+02
1.464287e+02 -2.228465e+01 1.241440e+02
1.435457e+02 -2.019018e+01 1.233555e+02
1.359093e+02 -9.965246e+00 1.259441e+02
1.343133e+02 -1.230847e+01 1.220048e+02
1.277815e+02 -2.331723e+00 1.254498e+02
1.407427e+02 -1.917008e+01 1.215726e+02
1.416125e+02 -1.868542e+01 1.229271e+02
1.382473e+02 -1.452756e+01 1.237197e+02
1.399075e+02 -1.683569e+01 1.230719e+02
1.422292e+02 -1.913069e+01 1.230985e+02
1.427148e+02 -1.944825e+01 1.232665e+02
1.428756e+02 -1.955423e+01 1.233213e+02
1.434258e+02 -2.016095e+01 1.232649e+02
1.431156e+02 -2.032189e+01 1.227937e+02
1.351113e+02 -1.321016e+01 1.219011e+02
1.304343e+02 -5.015781e+00 1.254185e+02
1.425766e+02 -1.865452e+01 1.239220e+02
1.444652e+02 -1.962598e+01 1.248393e+02
1.256042e+02 -1.053419e+01 1.150700e+02
2.517146e+02 6.947061e+01 3.211852e+02
8.442960e+02 1.161975e+02 9.604934e+02
1.936531e+03 -1.954386e+01 1.916987e+03
1.911155e+03 3.693577e+01 1.948091e+03
2.055330e+03 6.929836e+00 2.062260e+03
4.471894e+08 8.124485e+04 4.472706e+08
2.694164e+09 6.741901e+04 2.694232e+09
4.196099e+09 7.535057e+02 4.196100e+09
4.058021e+09 5.749907e+04 4.058079e+09
1.355144e+14 2.765543e+07 1.355144e+14
5.376394e+14 3.684566e+06 5.376394e+14
6.084865e+15 1.547687e+08 6.084866e+15
1.001826e+19 4.882021e+09 1.001826e+19
4.000601e+19 2.983290e+04 4.000601e+19
4.016021e+19 7.345619e+08 4.016021e+19
5.194782e+19 5.501557e+09 5.194782e+19
