0.050000 
21.813398 
66.341085 
106.572175 
153.052007 
200.560719 
242.874082 
277.396086 
302.751046 
315.727474 
315.488312 
303.377940 
291.140667 
282.065566 
292.920990 
319.408038 
350.779378 
364.969040 
353.868735 
309.755522 
233.776707 
149.797679 
129.567027 
180.716355 
235.253573 
252.275184 
234.180781 
222.111682 
269.028424 
343.896500 
381.219316 
355.591432 
277.646747 
223.429112 
238.765030 
247.969893 
192.127720 
127.939022 
219.827489 
333.658662 
359.604214 
309.758604 
287.099462 
313.154879 
266.138130 
103.912872 
125.498786 
281.776836 
308.608185 
287.214670 
340.033451 
348.102371 
217.506176 
143.830807 
236.900879 
233.217649 
260.216295 
367.393243 
336.435255 
231.509962 
247.526771 
184.802489 
175.210176 
336.290565 
332.953657 
291.751674 
300.445032 
124.068651 
182.434573 
308.723825 
293.230010 
353.910684 
256.489301 
155.595722 
244.561209 
240.110405 
362.097223 
302.236281 
234.034383 
204.610435 
188.483041 
350.650245 
299.076032 
303.888574 
126.083222 
229.718678 
298.897805 
334.151478 
280.226875 
165.217716 
239.695086 
