0.050000 
205.119669 
388.017447 
497.251029 
529.485677 
393.834612 
484.428530 
524.494576 
557.304250 
456.297037 
603.806259 
472.378572 
503.899891 
583.872465 
589.901076 
460.933231 
489.500535 
546.332383 
484.906067 
444.909324 
557.809995 
408.649165 
500.460469 
383.686001 
502.628191 
384.912655 
507.220095 
532.640850 
573.371020 
440.526144 
445.543884 
525.931912 
457.480691 
549.056783 
491.336144 
482.217069 
524.039535 
470.721338 
500.228138 
501.959332 
565.891373 
501.369554 
460.285022 
573.806329 
407.376592 
506.603691 
490.515465 
462.130589 
512.046127 
441.682076 
412.616441 
467.802441 
516.420164 
507.642568 
469.082849 
508.187017 
485.255397 
511.006050 
506.546547 
532.210973 
516.667341 
489.998612 
475.833196 
441.633726 
451.448673 
540.066742 
466.685693 
504.288495 
465.824438 
492.016816 
484.238963 
393.521607 
479.744640 
467.862885 
530.868569 
541.168277 
515.455349 
544.060492 
463.349499 
540.384616 
522.658833 
485.596919 
468.591575 
486.880653 
519.834152 
516.243631 
528.279744 
473.809486 
432.833148 
429.192960 
506.977688 
