0.050000 
27.645104 
96.227811 
167.422572 
240.050962 
307.843928 
370.758119 
424.883210 
465.381080 
486.994618 
487.435524 
468.463982 
441.919297 
423.366322 
419.149750 
433.316644 
448.508005 
434.837199 
375.592243 
276.032358 
149.826427 
136.532215 
281.407404 
418.473432 
504.370464 
512.910288 
456.567162 
398.157395 
388.530535 
397.088359 
344.519688 
244.899539 
211.048419 
351.496864 
496.118718 
531.333907 
440.663387 
343.289836 
342.673828 
335.036645 
289.024508 
308.861438 
459.098542 
539.526963 
432.615294 
282.942409 
300.259125 
349.444992 
343.662528 
435.079722 
529.285411 
405.072807 
208.127726 
306.930751 
401.639918 
405.211613 
495.056584 
433.048667 
162.699052 
294.108812 
447.154440 
428.050658 
470.935084 
331.625608 
134.921483 
427.552601 
465.093429 
422.645613 
374.197354 
175.446837 
424.842275 
480.620540 
391.988239 
334.827497 
240.543387 
490.717730 
434.701191 
353.544505 
284.787966 
384.251281 
507.660602 
326.020749 
328.024958 
345.219521 
518.529959 
322.047622 
322.949188 
364.810406 
509.364398 
296.682870 
325.208260 
