0.050000 
77.947540 
170.726311 
158.334260 
62.424879 
151.186763 
173.539391 
98.453157 
193.249236 
149.395984 
184.255607 
192.120934 
198.873170 
213.260908 
230.581729 
221.560775 
262.906193 
235.094113 
262.927874 
269.483894 
247.929221 
258.411754 
264.502352 
241.709716 
220.790928 
209.668837 
199.877235 
183.393197 
159.295285 
135.365462 
119.760702 
122.799256 
141.847349 
166.662532 
192.381332 
216.385579 
235.868510 
249.044834 
255.454996 
256.389883 
253.020683 
242.295535 
217.954498 
177.675726 
147.627847 
139.825789 
124.295652 
135.110717 
189.714008 
207.752297 
237.353360 
260.428983 
254.222604 
259.475755 
223.392730 
207.038290 
155.049628 
130.125841 
131.932898 
150.873360 
206.850929 
233.275872 
250.221088 
262.845627 
250.138319 
213.063133 
168.757312 
131.119471 
133.173911 
168.312410 
210.212845 
243.741036 
259.279759 
251.979722 
222.744340 
177.992411 
133.966234 
131.858889 
176.718850 
223.038948 
252.078885 
255.973156 
233.913611 
191.012309 
140.006009 
124.655745 
180.677164 
235.669583 
256.611230 
249.237791 
220.820726 
