0.050000 
9528.127047 
13394.394841 
18684.753280 
24109.811415 
23048.752619 
20283.422762 
21847.729206 
21219.768398 
12134.293110 
8465.667035 
10390.539991 
9282.903340 
10907.533893 
14028.291396 
14206.478196 
10633.633633 
3668.837003 
4688.628187 
4884.561477 
9666.436853 
11757.378958 
7646.953743 
8325.272560 
19101.829946 
24102.107609 
30093.253020 
24978.315442 
32238.103034 
46096.434651 
50759.092795 
48071.522869 
44429.112908 
44336.934343 
38597.281295 
32501.207673 
28793.273507 
29842.581732 
24284.043351 
25426.812938 
17835.499584 
27167.753624 
23098.819392 
22592.999497 
24404.082105 
17819.738348 
25535.504570 
23202.035222 
21538.198310 
22219.070984 
21632.657839 
17116.253729 
28544.689010 
32552.278813 
36058.527574 
27635.128580 
20314.589335 
13973.344216 
4650.172035 
8976.795180 
10095.031033 
3640.346416 
2036.110283 
1720.259208 
3624.743533 
6035.437928 
9664.991712 
11412.548483 
8363.759411 
2898.132531 
11995.603765 
19725.644219 
20551.928276 
19870.511050 
17772.947995 
10943.363736 
11368.183891 
9174.972555 
9955.788254 
15195.008271 
14192.088535 
12050.764238 
14358.882641 
13968.886876 
14046.664504 
17427.583562 
19013.082188 
20963.720263 
20251.096667 
16773.420039 
16347.156288 
