1032.159352 
1174.760895 
1195.525708 
1119.668256 
1171.964402 
1224.660215 
1165.599406 
1228.910622 
1236.113680 
1225.154858 
1267.193101 
1246.276924 
1285.480871 
1273.711235 
1296.457420 
1302.910399 
1299.725298 
1323.218263 
1313.900073 
1318.528304 
1333.769609 
1327.618186 
1316.930735 
1323.497772 
1329.816913 
1324.572539 
1305.215547 
1278.270441 
1258.442357 
1251.819740 
1265.367210 
1288.229523 
1308.933837 
1325.643394 
1339.288711 
1349.387329 
1357.347870 
1364.406268 
1371.157747 
1376.248238 
1375.333225 
1364.019699 
1342.189173 
1329.166756 
1332.492147 
1308.865387 
1301.186810 
1358.255566 
1365.909077 
1379.479064 
1396.694773 
1392.081170 
1401.788320 
1385.279914 
1386.018789 
1349.882602 
1349.590896 
1312.915234 
1349.603850 
1385.363491 
1390.695237 
1408.627264 
1418.030666 
1409.700122 
1396.472053 
1384.745144 
1368.918201 
1355.920755 
1361.665609 
1388.196976 
1409.917419 
1421.972492 
1423.789358 
1415.625182 
1396.339443 
1366.453503 
1350.093187 
1379.390971 
1408.197407 
1426.760796 
1435.175675 
1432.739729 
1416.603112 
1381.652410 
1345.221074 
1396.088679 
1430.592872 
1439.853781 
1440.893647 
1436.027641 
