1142.585602 
1261.477929 
1287.517664 
1324.444782 
1268.633984 
1318.829383 
1334.068659 
1332.965015 
1322.839682 
1362.850079 
1340.504506 
1358.300458 
1375.526177 
1382.070213 
1366.394520 
1370.854112 
1389.011568 
1388.616329 
1353.721891 
1394.218899 
1384.555399 
1375.335247 
1378.473269 
1400.967805 
1385.606642 
1410.018407 
1406.214819 
1431.393103 
1395.289702 
1405.369785 
1414.297148 
1427.024576 
1437.169890 
1429.276330 
1425.533692 
1438.165759 
1427.068799 
1437.565328 
1446.942568 
1457.396322 
1424.879783 
1428.287213 
1462.196710 
1434.784530 
1438.489617 
1447.250881 
1435.522622 
1463.230694 
1435.030227 
1440.379983 
1440.210642 
1466.603224 
1465.266437 
1460.504685 
1463.452782 
1462.967883 
1478.134283 
1478.683446 
1472.124759 
1467.524635 
1466.389754 
1460.512356 
1480.318172 
1465.353804 
1483.048092 
1476.436478 
1492.341561 
1470.438668 
1486.014902 
1486.786820 
1462.797937 
1495.868762 
1480.439801 
1501.375760 
1505.900974 
1502.864090 
1497.799656 
1493.024643 
1502.517058 
1507.846820 
1494.969170 
1497.197829 
1511.952916 
1506.578885 
1509.103968 
1501.734247 
1504.824034 
1503.869407 
1486.670338 
1507.442993 
