913.037247 
1102.764682 
1178.375879 
1227.413899 
1261.272147 
1288.230329 
1309.144315 
1325.447912 
1337.221017 
1343.957072 
1345.610849 
1344.926059 
1344.896974 
1346.932248 
1353.823587 
1362.206325 
1365.112333 
1357.197955 
1335.431250 
1286.274543 
1240.785313 
1322.411511 
1372.654885 
1399.213284 
1407.727954 
1401.492293 
1389.674024 
1385.938404 
1392.586057 
1386.052046 
1359.253813 
1329.211356 
1376.608512 
1420.642365 
1437.216487 
1426.145138 
1400.754135 
1396.839680 
1400.876840 
1390.056432 
1385.612908 
1426.868904 
1454.251528 
1443.202612 
1401.108858 
1395.249942 
1416.302870 
1418.090162 
1434.525497 
1464.025499 
1452.172386 
1385.930695 
1399.629024 
1442.629807 
1443.397060 
1463.399148 
1466.276998 
1390.299147 
1389.971214 
1461.831645 
1460.727334 
1469.948711 
1456.763652 
1319.519440 
1451.611275 
1480.321377 
1466.105231 
1467.458907 
1388.762018 
1453.053431 
1491.433170 
1466.685131 
1463.408000 
1406.593311 
1481.788183 
1492.366644 
1460.749673 
1451.589124 
1450.833655 
1506.469349 
1466.289416 
1460.788591 
1455.943036 
1505.877537 
1479.420278 
1453.303438 
1472.769938 
1506.558646 
1481.341276 
1448.982233 
