1478.917261 
1618.524702 
1648.617400 
1691.472086 
1705.716908 
1685.339570 
1702.329906 
1716.080485 
1677.147619 
1625.064427 
1630.422043 
1668.567838 
1651.510101 
1700.255612 
1672.718924 
1697.305477 
1603.278383 
1630.260951 
1559.715979 
1675.090056 
1711.446962 
1691.493735 
1630.576901 
1753.003635 
1784.618419 
1817.154648 
1803.693889 
1824.128863 
1861.350953 
1886.043655 
1880.320555 
1874.310164 
1878.964006 
1860.692019 
1857.973697 
1836.159875 
1847.050487 
1826.961995 
1832.829132 
1804.020559 
1827.844068 
1844.130881 
1815.065591 
1846.413316 
1796.137267 
1843.116971 
1831.205150 
1830.734866 
1831.207031 
1844.531033 
1813.081126 
1865.723713 
1879.203253 
1891.282892 
1870.412089 
1851.103649 
1810.524830 
1719.786987 
1733.101873 
1776.860217 
1700.485394 
1639.958770 
1593.119938 
1611.148359 
1730.941370 
1734.892621 
1803.311113 
1758.759880 
1722.298084 
1764.686807 
1848.502868 
1864.841953 
1857.196164 
1854.347343 
1816.696344 
1811.126003 
1804.163421 
1782.130772 
1829.668163 
1840.374306 
1818.077762 
1839.380490 
1842.128227 
1814.928859 
1859.676741 
1862.254332 
1876.566529 
1885.573328 
1863.609275 
1861.811435 
