978.553513 
1041.510995 
1113.243422 
1176.374612 
1217.145563 
1245.285811 
1266.553517 
1282.669413 
1293.709748 
1299.840729 
1301.996685 
1302.876471 
1302.735149 
1309.801083 
1323.207332 
1336.103107 
1344.743731 
1348.227157 
1341.721924 
1320.626929 
1281.056319 
1253.904707 
1284.249791 
1320.047257 
1335.820855 
1334.572060 
1327.927501 
1343.686002 
1372.031507 
1389.408448 
1390.029341 
1371.093480 
1346.594703 
1349.033705 
1360.703970 
1346.180036 
1299.157360 
1336.335501 
1391.650530 
1408.658319 
1399.113135 
1387.974203 
1398.903625 
1394.291508 
1332.737849 
1245.568680 
1387.231091 
1409.174712 
1401.276089 
1415.380664 
1428.220950 
1396.459701 
1327.924643 
1383.083226 
1395.185384 
1393.636204 
1434.449117 
1439.811020 
1401.944190 
1402.255356 
1392.437859 
1350.180901 
1430.142771 
1445.466754 
1426.639457 
1435.991909 
1384.955340 
1336.743766 
1437.430758 
1433.307133 
1451.528383 
1441.933949 
1361.186293 
1419.651058 
1414.988451 
1456.593375 
1458.614347 
1417.867402 
1423.730939 
1372.517863 
1462.261792 
1456.488726 
1453.902241 
1407.881770 
1390.941829 
1458.630114 
1459.681285 
1467.656101 
1381.936907 
1439.991158 
