0.196350, 0.196350
0.226955, 0.196369
0.257283, 0.196503
0.287249, 0.196861
0.316776, 0.197546
0.345788, 0.198649
0.374221, 0.200254
0.402013, 0.202431
0.429111, 0.205240
0.455468, 0.208730
0.481043, 0.212939
0.505801, 0.217897
0.529711, 0.223624
0.552747, 0.230131
0.574888, 0.237427
0.596114, 0.245510
0.616408, 0.254378
0.635758, 0.264021
0.654152, 0.274429
0.671578, 0.285589
0.688027, 0.297484
0.703493, 0.310099
0.717969, 0.323416
0.731448, 0.337416
0.743926, 0.352080
0.755398, 0.367390
0.765862, 0.383327
0.775315, 0.399873
0.783755, 0.417008
0.791182, 0.434715
0.797595, 0.452975
0.802998, 0.471769
0.807392, 0.491079
0.810783, 0.510885
0.813176, 0.531168
0.814580, 0.551904
0.815005, 0.573071
0.814466, 0.594643
0.812979, 0.616592
0.810562, 0.638886
0.807239, 0.661489
0.803038, 0.684361
0.797988, 0.707458
0.792124, 0.730731
0.785484, 0.754125
0.778111, 0.777583
0.770049, 0.801042
0.761346, 0.824436
0.752050, 0.847696
0.742210, 0.870753
0.731877, 0.893536
0.721100, 0.915976
0.709924, 0.938005
0.698393, 0.959560
0.686549, 0.980579
0.674429, 1.001006
0.662067, 1.020790
0.649491, 1.039882
0.636728, 1.058241
0.623800, 1.075828
0.610725, 1.092610
0.597521, 1.108557
0.584199, 1.123643
0.570770, 1.137843
0.557245, 1.151138
0.543630, 1.163509
0.529933, 1.174938
0.516157, 1.185411
0.502309, 1.194914
0.488393, 1.203434
0.474414, 1.210960
0.460375, 1.217479
0.446284, 1.222981
0.432144, 1.227456
0.417962, 1.230894
0.403745, 1.233285
0.389500, 1.234620
0.375237, 1.234889
0.360966, 1.234084
0.346697, 1.232196
0.332442, 1.229216
0.318216, 1.225136
0.304033, 1.219948
0.289909, 1.213644
0.275863, 1.206217
0.261913, 1.197658
0.248080, 1.187961
0.234387, 1.177120
0.220858, 1.165126
0.207517, 1.151975
0.194392, 1.137659
0.181511, 1.122174
0.168904, 1.105511
0.156603, 1.087667
0.144640, 1.068634
0.133049, 1.048406
0.121867, 1.026976
0.111129, 1.004338
0.100875, 0.980484
0.091143, 0.955405
0.081973, 0.929092
0.073406, 0.901535
0.065485, 0.872723
0.058252, 0.842642
0.051748, 0.811278
0.046016, 0.778618
0.041099, 0.744645
0.037036, 0.709342
0.033866, 0.672694
0.031623, 0.634685
0.030339, 0.595304
0.030038, 0.554543
0.030733, 0.512402
0.032429, 0.468894
0.035111, 0.424047
0.038747, 0.377910
0.043280, 0.330561
0.048622, 0.282111
0.054656, 0.232708
0.061232, 0.182538
0.068172, 0.131825
0.075274, 0.080818
0.082321, 0.029786
0.089099, -0.021004
0.095404, -0.071299
0.101054, -0.120872
0.105895, -0.169532
0.109805, -0.217127
0.112695, -0.263541
0.114503, -0.308692
0.115192, -0.352524
0.114745, -0.395004
0.113164, -0.436116
0.110459, -0.475853
0.106654, -0.514217
0.101775, -0.551216
0.095858, -0.586858
0.088940, -0.621154
0.081059, -0.654113
0.072257, -0.685746
0.062575, -0.716060
0.052057, -0.745063
0.040745, -0.772761
0.028679, -0.799157
0.015903, -0.824255
0.002456, -0.848058
-0.011622, -0.870567
-0.026292, -0.891783
-0.041517, -0.911706
-0.057259, -0.930336
-0.073485, -0.947674
-0.090160, -0.963719
-0.107252, -0.978472
-0.124732, -0.991934
-0.142570, -1.004105
-0.160739, -1.014988
-0.179213, -1.024583
-0.197969, -1.032895
-0.216983, -1.039927
-0.236235, -1.045684
-0.255705, -1.050169
-0.275376, -1.053391
-0.295230, -1.055355
-0.315252, -1.056071
-0.335427, -1.055547
-0.355742, -1.053795
-0.376183, -1.050827
-0.396736, -1.046658
-0.417390, -1.041303
-0.438129, -1.034782
-0.458941, -1.027116
-0.479807, -1.018331
-0.500712, -1.008455
-0.521634, -0.997521
-0.542551, -0.985568
-0.563434, -0.972640
-0.584254, -0.958788
-0.604973, -0.944068
-0.625551, -0.928546
-0.645942, -0.912292
-0.666093, -0.895386
-0.685948, -0.877911
-0.705447, -0.859958
-0.724526, -0.841619
-0.743119, -0.822990
-0.761160, -0.804165
-0.778584, -0.785237
-0.795328, -0.766293
-0.811335, -0.747413
-0.826550, -0.728673
-0.840926, -0.710136
-0.854419, -0.691859
-0.866995, -0.673889
-0.878624, -0.656266
-0.889280, -0.639019
-0.898944, -0.622175
-0.907600, -0.605751
-0.915237, -0.589761
-0.921847, -0.574216
-0.927423, -0.559122
-0.931962, -0.544485
-0.935461, -0.530309
-0.937920, -0.516597
-0.939337, -0.503353
-0.939714, -0.490579
-0.939051, -0.478279
-0.937349, -0.466459
-0.934611, -0.455125
-0.930837, -0.444283
-0.926028, -0.433943
-0.920186, -0.424115
-0.913311, -0.414811
-0.905405, -0.406044
-0.896468, -0.397829
-0.886501, -0.390181
-0.875504, -0.383119
-0.863477, -0.376660
-0.850420, -0.370823
-0.836335, -0.365630
-0.821220, -0.361099
-0.805079, -0.357251
-0.787911, -0.354105
-0.769720, -0.351678
-0.750510, -0.349988
-0.730286, -0.349046
-0.709055, -0.348862
-0.686830, -0.349441
-0.663624, -0.350779
-0.639457, -0.352868
-0.614353, -0.355687
-0.588345, -0.359205
-0.561472, -0.363381
-0.533780, -0.368155
-0.505328, -0.373457
-0.476182, -0.379197
-0.446417, -0.385273
-0.416119, -0.391569
-0.385379, -0.397954
-0.354294, -0.404292
-0.322966, -0.410439
-0.291495, -0.416250
-0.259980, -0.421585
-0.228517, -0.426307
-0.197196, -0.430293
-0.166097, -0.433428
-0.135296, -0.435611
-0.104859, -0.436755
-0.074846, -0.436787
-0.045307, -0.435647
-0.016289, -0.433285
0.012167, -0.429664
0.040026, -0.424755
0.067254, -0.418539
0.093820, -0.411002
0.119698, -0.402137
0.144860, -0.391944
0.169281, -0.380425
0.192935, -0.367587
0.215797, -0.353438
0.237844, -0.337991
0.259050, -0.321259
0.279392, -0.303257
0.298844, -0.284003
0.317383, -0.263512
0.334985, -0.241803
0.351625, -0.218894
0.367280, -0.194802
0.381929, -0.169545
0.395550, -0.143143
0.408122, -0.115613
0.419627, -0.086973
0.430050, -0.057242
0.439376, -0.026442
0.447597, 0.005408
0.454707, 0.038281
0.460705, 0.072150
0.465599, 0.106983
0.469402, 0.142739
0.472137, 0.179370
0.473837, 0.216818
0.474547, 0.255014
0.474324, 0.293872
0.473239, 0.333295
0.471373, 0.373169
0.468823, 0.413368
0.465691, 0.453753
0.462089, 0.494179
0.458131, 0.534496
0.453929, 0.574555
0.449590, 0.614214
0.445215, 0.653342
0.440890, 0.691820
0.436691, 0.729547
0.432678, 0.766438
0.428898, 0.802423
0.425388, 0.837448
0.422169, 0.871472
0.419256, 0.904467
0.416653, 0.936413
0.414358, 0.967298
0.412363, 0.997119
0.410656, 1.025874
0.409221, 1.053568
0.408040, 1.080205
0.407091, 1.105794
0.406354, 1.130344
0.405806, 1.153865
0.405425, 1.176368
0.405187, 1.197862
0.405069, 1.218358
0.405050, 1.237866
0.405108, 1.256396
0.405220, 1.273957
0.405368, 1.290558
0.405531, 1.306206
0.405690, 1.320910
0.405829, 1.334677
0.405930, 1.347512
0.405978, 1.359422
0.405959, 1.370413
0.405859, 1.380489
0.405665, 1.389654
0.405367, 1.397912
0.404956, 1.405266
0.404421, 1.411719
0.403756, 1.417274
0.402953, 1.421931
0.402009, 1.425692
0.400919, 1.428558
0.399680, 1.430529
0.398290, 1.431605
0.396750, 1.431785
0.395060, 1.431068
0.393222, 1.429453
0.391240, 1.426937
0.389117, 1.423519
0.386861, 1.419194
0.384477, 1.413961
0.381975, 1.407816
0.379364, 1.400754
0.376654, 1.392770
0.373857, 1.383861
0.370988, 1.374020
0.368060, 1.363242
0.365089, 1.351520
0.362092, 1.338848
0.359087, 1.325218
0.356095, 1.310623
0.353134, 1.295054
0.350228, 1.278503
0.347399, 1.260960
0.344671, 1.242416
0.342069, 1.222858
0.339619, 1.202277
0.337349, 1.180661
0.335285, 1.157996
0.333457, 1.134270
0.331894, 1.109469
0.330624, 1.083579
0.329677, 1.056586
0.329082, 1.028476
0.328868, 0.999234
0.329061, 0.968849
0.329687, 0.937308
0.330768, 0.904602
0.332321, 0.870728
0.334361, 0.835686
0.336892, 0.799482
0.339912, 0.762133
0.343408, 0.723670
0.347353, 0.684136
0.351705, 0.643593
0.356404, 0.602123
0.361372, 0.559831
0.366513, 0.516845
0.371712, 0.473312
0.376840, 0.429400
0.381758, 0.385290
0.386321, 0.341165
0.390385, 0.297211
0.393816, 0.253602
0.396490, 0.210497
0.398299, 0.168038
0.399153, 0.126344
0.398981, 0.085515
0.397729, 0.045630
0.395357, 0.006752
0.391840, -0.031070
0.387167, -0.067799
0.381332, -0.103407
0.374340, -0.137870
0.366202, -0.171172
0.356934, -0.203296
0.346555, -0.234231
0.335088, -0.263962
0.322557, -0.292477
0.308989, -0.319765
0.294413, -0.345811
0.278855, -0.370603
0.262346, -0.394126
0.244915, -0.416366
0.226591, -0.437309
0.207402, -0.456938
0.187378, -0.475240
0.166547, -0.492200
0.144936, -0.507804
0.122571, -0.522040
0.099480, -0.534895
0.075688, -0.546360
0.051220, -0.556427
0.026100, -0.565090
0.000352, -0.572346
-0.025997, -0.578198
-0.052924, -0.582651
-0.080402, -0.585714
-0.108403, -0.587406
-0.136896, -0.587750
-0.165847, -0.586779
-0.195218, -0.584535
-0.224964, -0.581071
-0.255035, -0.576453
-0.285373, -0.570759
-0.315912, -0.564082
-0.346577, -0.556528
-0.377286, -0.548218
-0.407947, -0.539284
-0.438464, -0.529866
-0.468736, -0.520112
-0.498662, -0.510170
-0.528140, -0.500186
-0.557074, -0.490299
-0.585375, -0.480637
-0.612960, -0.471313
-0.639760, -0.462427
-0.665713, -0.454059
-0.690768, -0.446275
-0.714884, -0.439124
-0.738029, -0.432642
-0.760179, -0.426852
-0.781315, -0.421767
-0.801426, -0.417390
-0.820502, -0.413719
-0.838539, -0.410743
-0.855534, -0.408451
-0.871488, -0.406826
-0.886400, -0.405850
-0.900273, -0.405505
-0.913110, -0.405770
-0.924912, -0.406626
-0.935682, -0.408053
-0.945423, -0.410033
-0.954138, -0.412549
-0.961827, -0.415585
-0.968494, -0.419125
-0.974140, -0.423157
-0.978764, -0.427671
-0.982368, -0.432656
-0.984951, -0.438106
-0.986512, -0.444015
-0.987051, -0.450378
-0.986566, -0.457196
-0.985055, -0.464466
-0.982515, -0.472192
-0.978943, -0.480376
-0.974338, -0.489024
-0.968695, -0.498140
-0.962013, -0.507732
-0.954288, -0.517807
-0.945518, -0.528373
-0.935702, -0.539434
-0.924841, -0.550998
-0.912936, -0.563068
-0.899991, -0.575644
-0.886014, -0.588721
-0.871016, -0.602293
-0.855012, -0.616341
-0.838023, -0.630843
-0.820078, -0.645766
-0.801211, -0.661065
-0.781465, -0.676684
-0.760889, -0.692557
-0.739542, -0.708602
-0.717490, -0.724728
-0.694804, -0.740833
-0.671561, -0.756809
-0.647841, -0.772540
-0.623723, -0.787910
-0.599286, -0.802803
-0.574606, -0.817106
-0.549754, -0.830715
-0.524794, -0.843531
-0.499785, -0.855466
-0.474780, -0.866439
-0.449823, -0.876383
-0.424954, -0.885236
-0.400207, -0.892947
-0.375613, -0.899472
-0.351197, -0.904775
-0.326982, -0.908825
-0.302990, -0.911597
-0.279239, -0.913070
-0.255748, -0.913226
-0.232536, -0.912053
-0.209620, -0.909540
-0.187019, -0.905679
-0.164752, -0.900463
-0.142840, -0.893888
-0.121304, -0.885952
-0.100167, -0.876653
-0.079453, -0.865993
-0.059187, -0.853971
-0.039397, -0.840591
-0.020111, -0.825855
-0.001359, -0.809767
0.016827, -0.792332
0.034415, -0.773554
0.051370, -0.753438
0.067656, -0.731988
0.083238, -0.709209
0.098077, -0.685106
0.112136, -0.659682
0.125375, -0.632939
0.137756, -0.604880
0.149239, -0.575505
0.159784, -0.544814
0.169353, -0.512805
0.177908, -0.479476
0.185413, -0.444823
0.191834, -0.408845
0.197142, -0.371537
0.201309, -0.332902
0.204318, -0.292942
0.206158, -0.251668
0.206829, -0.209102
0.206347, -0.165277
0.204745, -0.120247
0.202079, -0.074090
0.198427, -0.026910
0.193899, 0.021155
0.188629, 0.069932
0.182781, 0.119218
0.176538, 0.168784
0.170096, 0.218385
0.163654, 0.267771
0.157403, 0.316705
0.151515, 0.364968
0.146140, 0.412374
0.141398, 0.458771
0.137380, 0.504038
0.134153, 0.548091
0.131756, 0.590870
0.130210, 0.632337
0.129520, 0.672475
0.129677, 0.711276
0.130664, 0.748744
0.132454, 0.784888
0.135018, 0.819721
0.138320, 0.853260
0.142324, 0.885522
0.146992, 0.916523
0.152283, 0.946280
0.158159, 0.974810
0.164579, 1.002127
0.171505, 1.028247
0.178897, 1.053182
0.186718, 1.076946
0.194931, 1.099550
0.203500, 1.121004
0.212390, 1.141320
0.221567, 1.160506
0.231000, 1.178573
0.240657, 1.195528
0.250509, 1.211381
0.260528, 1.226139
0.270685, 1.239812
0.280957, 1.252406
0.291319, 1.263930
0.301749, 1.274392
0.312224, 1.283800
0.322726, 1.292162
0.333237, 1.299485
0.343738, 1.305777
0.354216, 1.311047
0.364655, 1.315301
0.375043, 1.318549
0.385368, 1.320796
0.395620, 1.322052
0.405791, 1.322323
0.415872, 1.321616
0.425856, 1.319940
0.435739, 1.317300
0.445516, 1.313703
0.455184, 1.309157
0.464740, 1.303667
0.474184, 1.297239
0.483513, 1.289880
0.492729, 1.281596
0.501833, 1.272391
0.510826, 1.262271
0.519710, 1.251243
0.528486, 1.239310
0.537159, 1.226480
0.545730, 1.212758
0.554202, 1.198150
0.562577, 1.182663
0.570857, 1.166307
0.579043, 1.149089
0.587134, 1.131020
0.595129, 1.112112
0.603025, 1.092380
0.610816, 1.071842
0.618493, 1.050517
0.626048, 1.028429
0.633464, 1.005606
0.640725, 0.982081
0.647808, 0.957890
0.654687, 0.933076
0.661333, 0.907687
0.667710, 0.881775
0.673779, 0.855399
0.679497, 0.828621
0.684818, 0.801509
0.689694, 0.774132
0.694074, 0.746561
0.697907, 0.718869
0.701142, 0.691130
0.703729, 0.663413
0.705621, 0.635787
0.706773, 0.608317
0.707143, 0.581065
0.706693, 0.554088
0.705391, 0.527438
0.703206, 0.501163
0.700113, 0.475307
0.696092, 0.449911
0.691124, 0.425012
0.685195, 0.400642
0.678296, 0.376834
0.670417, 0.353617
0.661553, 0.331017
0.651703, 0.309061
0.640864, 0.287773
0.629039, 0.267177
0.616230, 0.247296
0.602442, 0.228152
0.587681, 0.209767
0.571954, 0.192160
0.555272, 0.175351
0.537643, 0.159359
0.519080, 0.144200
0.499596, 0.129891
0.479206, 0.116442
0.457926, 0.103866
0.435774, 0.092169
0.412772, 0.081353
0.388943, 0.071419
0.364313, 0.062359
0.338911, 0.054161
0.312770, 0.046804
0.285928, 0.040263
0.258427, 0.034500
0.230315, 0.029472
0.201644, 0.025122
0.172472, 0.021387
0.142865, 0.018192
0.112892, 0.015452
0.082627, 0.013075
0.052150, 0.010961
0.021544, 0.009004
-0.009108, 0.007095
-0.039719, 0.005124
-0.070207, 0.002982
-0.100487, 0.000563
-0.130481, -0.002232
-0.160115, -0.005496
-0.189318, -0.009313
-0.218027, -0.013758
-0.246182, -0.018894
-0.273732, -0.024777
-0.300628, -0.031451
-0.326829, -0.038952
-0.352296, -0.047307
-0.376997, -0.056535
-0.400902, -0.066650
-0.423984, -0.077657
-0.446220, -0.089558
-0.467589, -0.102350
-0.488072, -0.116026
-0.507652, -0.130575
-0.526315, -0.145984
-0.544045, -0.162239
-0.560832, -0.179322
-0.576665, -0.197214
-0.591534, -0.215897
-0.605432, -0.235350
-0.618352, -0.255550
-0.630289, -0.276476
-0.641240, -0.298105
-0.651204, -0.320412
-0.660182, -0.343373
-0.668176, -0.366960
-0.675192, -0.391147
-0.681238, -0.415903
-0.686326, -0.441195
-0.690469, -0.466991
-0.693686, -0.493250
-0.696000, -0.519933
-0.697436, -0.546993
-0.698024, -0.574381
-0.697800, -0.602042
-0.696802, -0.629918
-0.695073, -0.657947
-0.692659, -0.686060
-0.689608, -0.714188
-0.685972, -0.742259
-0.681802, -0.770200
-0.677150, -0.797936
-0.672067, -0.825395
-0.666602, -0.852507
-0.660800, -0.879205
-0.654705, -0.905427
-0.648355, -0.931115
-0.641784, -0.956217
-0.635022, -0.980686
-0.628094, -1.004480
-0.621021, -1.027563
-0.613820, -1.049904
-0.606504, -1.071477
-0.599084, -1.092258
-0.591566, -1.112228
-0.583955, -1.131371
-0.576253, -1.149673
-0.568462, -1.167124
-0.560580, -1.183712
-0.552606, -1.199431
-0.544538, -1.214272
-0.536372, -1.228230
-0.528106, -1.241299
-0.519737, -1.253472
-0.511260, -1.264746
-0.502674, -1.275116
-0.493975, -1.284575
-0.485162, -1.293120
-0.476233, -1.300744
-0.467188, -1.307444
-0.458026, -1.313212
-0.448748, -1.318045
-0.439356, -1.321934
-0.429853, -1.324875
-0.420242, -1.326861
-0.410529, -1.327885
-0.400719, -1.327940
-0.390820, -1.327020
-0.380839, -1.325117
-0.370786, -1.322223
-0.360673, -1.318331
-0.350510, -1.313433
-0.340313, -1.307523
-0.330095, -1.300591
-0.319873, -1.292631
-0.309664, -1.283633
-0.299487, -1.273592
-0.289363, -1.262497
-0.279313, -1.250343
-0.269361, -1.237120
-0.259532, -1.222820
-0.249851, -1.207435
-0.240346, -1.190958
-0.231046, -1.173378
-0.221981, -1.154688
-0.213182, -1.134878
-0.204683, -1.113938
-0.196517, -1.091859
-0.188719, -1.068629
-0.181326, -1.044237
-0.174376, -1.018671
-0.167905, -0.991917
-0.161953, -0.963962
-0.156559, -0.934789
-0.151763, -0.904384
-0.147603, -0.872730
-0.144119, -0.839809
-0.141347, -0.805604
-0.139322, -0.770100
-0.138078, -0.733282
-0.137640, -0.695139
-0.138030, -0.655666
-0.139261, -0.614864
-0.141333, -0.572747
-0.144232, -0.529346
-0.147925, -0.484709
-0.152359, -0.438911
-0.157454, -0.392057
-0.163100, -0.344286
-0.169162, -0.295769
-0.175477, -0.246710
-0.181863, -0.197339
-0.188124, -0.147899
-0.194065, -0.098636
-0.199497, -0.049786
-0.204251, -0.001562
-0.208179, 0.045852
-0.211163, 0.092305
-0.213113, 0.137679
-0.213963, 0.181885
-0.213671, 0.224861
-0.212216, 0.266564
-0.209589, 0.306967
-0.205797, 0.346056
-0.200856, 0.383823
-0.194787, 0.420266
-0.187618, 0.455385
-0.179382, 0.489183
-0.170114, 0.521662
-0.159850, 0.552824
-0.148627, 0.582671
-0.136486, 0.611203
-0.123465, 0.638419
-0.109603, 0.664318
-0.094939, 0.688895
-0.079511, 0.712149
-0.063357, 0.734073
-0.046513, 0.754665
-0.029015, 0.773917
-0.010897, 0.791825
0.007807, 0.808385
0.027065, 0.823590
0.046847, 0.837438
0.067123, 0.849924
0.087867, 0.861045
0.109052, 0.870800
0.130654, 0.879188
0.152649, 0.886208
0.175015, 0.891864
0.197732, 0.896159
0.220779, 0.899098
0.244139, 0.900689
0.267792, 0.900942
0.291719, 0.899870
0.315902, 0.897489
0.340322, 0.893820
0.364956, 0.888888
0.389781, 0.882724
0.414772, 0.875363
0.439898, 0.866849
0.465124, 0.857233
0.490411, 0.846577
0.515713, 0.834949
0.540978, 0.822429
0.566146, 0.809107
0.591152, 0.795081
0.615924, 0.780459
0.640386, 0.765353
0.664458, 0.749881
0.688060, 0.734161
0.711110, 0.718309
0.733531, 0.702437
0.755251, 0.686647
0.776203, 0.671033
0.796328, 0.655675
0.815574, 0.640643
0.833900, 0.625994
0.851269, 0.611770
0.867653, 0.598007
0.883032, 0.584729
0.897390, 0.571950
0.910715, 0.559679
0.923001, 0.547921
0.934242, 0.536674
0.944438, 0.525934
0.953587, 0.515695
0.961693, 0.505950
0.968756, 0.496692
0.974779, 0.487911
0.979766, 0.479601
0.983719, 0.471755
0.986642, 0.464368
0.988537, 0.457436
0.989406, 0.450955
0.989252, 0.444926
0.988077, 0.439349
0.985881, 0.434227
0.982666, 0.429565
0.978431, 0.425369
0.973177, 0.421648
0.966901, 0.418413
0.959604, 0.415675
0.951284, 0.413449
0.941938, 0.411750
0.931563, 0.410594
0.920158, 0.410000
0.907720, 0.409987
0.894244, 0.410574
0.879730, 0.411780
0.864175, 0.413625
0.847577, 0.416126
0.829937, 0.419301
0.811255, 0.423162
0.791538, 0.427719
0.770791, 0.432977
0.749026, 0.438933
0.726261, 0.445577
0.702517, 0.452887
0.677825, 0.460831
0.652225, 0.469362
0.625764, 0.478418
0.598502, 0.487921
0.570507, 0.497776
0.541859, 0.507873
0.512645, 0.518086
0.482961, 0.528279
0.452905, 0.538308
0.422580, 0.548025
0.392086, 0.557283
0.361521, 0.565939
0.330974, 0.573862
0.300532, 0.580928
0.270268, 0.587029
0.240251, 0.592070
0.210540, 0.595969
0.181186, 0.598660
0.152234, 0.600086
0.123724, 0.600203
0.095689, 0.598978
0.068160, 0.596384
0.041167, 0.592402
0.014736, 0.587022
-0.011109, 0.580235
-0.036343, 0.572039
-0.060941, 0.562436
-0.084878, 0.551431
-0.108130, 0.539029
-0.130672, 0.525242
-0.152477, 0.510079
-0.173518, 0.493553
-0.193768, 0.475677
-0.213198, 0.456465
-0.231781, 0.435931
-0.249486, 0.414090
-0.266283, 0.390957
-0.282144, 0.366545
-0.297039, 0.340869
-0.310938, 0.313942
-0.323813, 0.285776
-0.335637, 0.256384
-0.346382, 0.225778
-0.356026, 0.193969
-0.364546, 0.160970
-0.371926, 0.126796
-0.378151, 0.091461
-0.383214, 0.054986
-0.387116, 0.017397
-0.389865, -0.021274
-0.391481, -0.060981
-0.391997, -0.101670
-0.391462, -0.143266
-0.389941, -0.185677
-0.387519, -0.228791
-0.384298, -0.272472
-0.380397, -0.316567
-0.375949, -0.360902
-0.371097, -0.405295
-0.365989, -0.449557
-0.360769, -0.493503
-0.355572, -0.536957
-0.350520, -0.579763
-0.345717, -0.621784
-0.341250, -0.662905
-0.337185, -0.703036
-0.333570, -0.742107
-0.330438, -0.780069
-0.327805, -0.816887
-0.325679, -0.852540
-0.324056, -0.887020
-0.322924, -0.920322
-0.322267, -0.952451
-0.322063, -0.983415
-0.322287, -1.013224
-0.322913, -1.041892
-0.323912, -1.069432
-0.325255, -1.095858
-0.326912, -1.121185
-0.328854, -1.145427
-0.331050, -1.168599
-0.333471, -1.190713
-0.336090, -1.211783
-0.338878, -1.231820
-0.341809, -1.250837
-0.344856, -1.268844
-0.347995, -1.285852
-0.351203, -1.301870
-0.354456, -1.316907
-0.357734, -1.330973
-0.361015, -1.344075
-0.364282, -1.356221
-0.367516, -1.367417
-0.370701, -1.377671
-0.373821, -1.386989
-0.376863, -1.395376
-0.379814, -1.402838
-0.382661, -1.409379
-0.385396, -1.415004
-0.388008, -1.419717
-0.390490, -1.423522
-0.392836, -1.426422
-0.395039, -1.428420
-0.397097, -1.429518
-0.399006, -1.429717
-0.400765, -1.429021
-0.402373, -1.427429
-0.403831, -1.424942
-0.405141, -1.421560
-0.406306, -1.417284
-0.407331, -1.412112
-0.408222, -1.406043
-0.408985, -1.399075
-0.409628, -1.391207
-0.410160, -1.382434
-0.410592, -1.372755
-0.410935, -1.362165
-0.411202, -1.350660
-0.411407, -1.338235
-0.411563, -1.324884
-0.411688, -1.310601
-0.411797, -1.295380
-0.411909, -1.279214
-0.412042, -1.262095
-0.412216, -1.244015
-0.412451, -1.224965
-0.412769, -1.204935
-0.413190, -1.183917
-0.413737, -1.161900
-0.414431, -1.138875
-0.415296, -1.114832
-0.416352, -1.089761
-0.417620, -1.063653
-0.419121, -1.036502
-0.420872, -1.008301
-0.422890, -0.979047
-0.425186, -0.948741
-0.427768, -0.917386
-0.430641, -0.884993
-0.433799, -0.851581
-0.437232, -0.817175
-0.440919, -0.781815
-0.444828, -0.745550
-0.448914, -0.708445
-0.453122, -0.670580
-0.457382, -0.632052
-0.461611, -0.592972
-0.465717, -0.553464
-0.469595, -0.513666
-0.473139, -0.473719
-0.476237, -0.433771
-0.478781, -0.393964
-0.480669, -0.354435
-0.481805, -0.315312
-0.482105, -0.276709
-0.481498, -0.238726
-0.479923, -0.201450
-0.477334, -0.164954
-0.473695, -0.129300
-0.468979, -0.094539
-0.463170, -0.060713
-0.456259, -0.027857
-0.448244, 0.003999
-0.439127, 0.034828
-0.428918, 0.064607
-0.417626, 0.093316
-0.405267, 0.120934
-0.391858, 0.147441
-0.377417, 0.172819
-0.361965, 0.197050
-0.345523, 0.220115
-0.328113, 0.241995
-0.309759, 0.262672
-0.290484, 0.282129
-0.270311, 0.300347
-0.249265, 0.317311
-0.227370, 0.333005
-0.204650, 0.347415
-0.181129, 0.360530
-0.156832, 0.372338
-0.131783, 0.382835
-0.106010, 0.392016
-0.079538, 0.399883
-0.052396, 0.406442
-0.024615, 0.411707
0.003773, 0.415697
0.032731, 0.418439
0.062218, 0.419972
0.092188, 0.420343
0.122589, 0.419613
0.153363, 0.417853
0.184442, 0.415151
0.215752, 0.411606
0.247213, 0.407330
0.278735, 0.402447
0.310223, 0.397091
0.341580, 0.391401
0.372703, 0.385521
0.403495, 0.379591
0.433857, 0.373750
0.463698, 0.368125
0.492934, 0.362832
0.521488, 0.357975
0.549294, 0.353642
0.576293, 0.349906
0.602439, 0.346824
0.627689, 0.344441
0.652013, 0.342789
0.675383, 0.341887
0.697781, 0.341746
0.719190, 0.342371
0.739599, 0.343757
0.759000, 0.345896
0.777384, 0.348776
0.794750, 0.352381
0.811092, 0.356694
0.826409, 0.361695
0.840699, 0.367365
0.853962, 0.373684
0.866196, 0.380633
0.877401, 0.388191
0.887576, 0.396341
0.896721, 0.405066
0.904834, 0.414348
0.911916, 0.424173
0.917964, 0.434527
0.922979, 0.445398
0.926958, 0.456775
0.929901, 0.468650
0.931807, 0.481013
0.932673, 0.493859
0.932500, 0.507181
0.931287, 0.520974
0.929033, 0.535234
0.925741, 0.549958
0.921410, 0.565139
0.916045, 0.580772
0.909651, 0.596851
0.902235, 0.613367
0.893806, 0.630306
0.884377, 0.647652
0.873967, 0.665384
0.862596, 0.683476
0.850291, 0.701892
0.837083, 0.720591
0.823011, 0.739523
0.808118, 0.758630
0.792454, 0.777844
0.776072, 0.797090
0.759032, 0.816287
0.741396, 0.835347
0.723228, 0.854180
0.704592, 0.872692
0.685552, 0.890792
0.666170, 0.908390
0.646503, 0.925399
0.626605, 0.941739
0.606525, 0.957335
0.586307, 0.972120
0.565988, 0.986034
0.545603, 0.999021
0.525181, 1.011035
0.504747, 1.022034
0.484323, 1.031981
0.463927, 1.040846
0.443577, 1.048599
0.423287, 1.055219
0.403072, 1.060683
0.382943, 1.064975
0.362913, 1.068077
0.342996, 1.069976
0.323204, 1.070659
0.303550, 1.070116
0.284048, 1.068337
0.264715, 1.065314
0.245565, 1.061038
0.226618, 1.055505
0.207891, 1.048707
0.189406, 1.040640
0.171184, 1.031300
0.153249, 1.020684
0.135627, 1.008789
0.118344, 0.995612
0.101429, 0.981153
0.084912, 0.965409
0.068824, 0.948381
0.053199, 0.930068
0.038071, 0.910468
0.023477, 0.889581
0.009454, 0.867407
-0.003961, 0.843944
-0.016726, 0.819191
-0.028803, 0.793144
-0.040148, 0.765800
-0.050721, 0.737155
-0.060479, 0.707202
-0.069379, 0.675934
-0.077380, 0.643343
-0.084439, 0.609419
-0.090516, 0.574151
-0.095573, 0.537527
-0.099575, 0.499539
-0.102491, 0.460177
-0.104296, 0.419438
-0.104975, 0.377323
-0.104524, 0.333846
-0.102953, 0.289033
-0.100293, 0.242931
-0.096595, 0.195615
-0.091943, 0.147190
-0.086448, 0.097796
-0.080254, 0.047614
-0.073537, -0.003139
-0.066496, -0.054215
-0.059345, -0.105348
-0.052302, -0.156268
-0.045575, -0.206716
-0.039352, -0.256460
-0.033793, -0.305300
-0.029025, -0.353076
-0.025143, -0.399667
-0.022215, -0.444986
-0.020279, -0.488976
-0.019355, -0.531601
-0.019443, -0.572847
-0.020533, -0.612710
-0.022601, -0.651194
-0.025621, -0.688312
-0.029556, -0.724076
-0.034371, -0.758503
-0.040024, -0.791609
-0.046473, -0.823411
-0.053678, -0.853921
-0.061594, -0.883156
-0.070180, -0.911126
-0.079394, -0.937845
-0.089193, -0.963321
-0.099537, -0.987564
-0.110387, -1.010582
-0.121704, -1.032383
-0.133451, -1.052973
-0.145591, -1.072360
-0.158090, -1.090548
-0.170914, -1.107544
-0.184031, -1.123353
-0.197411, -1.137981
-0.211025, -1.151435
-0.224845, -1.163719
-0.238845, -1.174839
-0.253000, -1.184804
-0.267289, -1.193617
-0.281690, -1.201288
-0.296183, -1.207822
-0.310749, -1.213228
-0.325372, -1.217513
-0.340036, -1.220685
-0.354728, -1.222752
-0.369434, -1.223723
-0.384143, -1.223606
-0.398846, -1.222412
-0.413531, -1.220148
-0.428192, -1.216825
-0.442821, -1.212453
-0.457412, -1.207042
-0.471957, -1.200603
-0.486453, -1.193146
-0.500892, -1.184684
-0.515271, -1.175230
-0.529583, -1.164798
-0.543823, -1.153401
-0.557985, -1.141058
-0.572060, -1.127785
-0.586040, -1.113603
-0.599914, -1.098535
-0.613670, -1.082607
-0.627292, -1.065846
-0.640763, -1.048287
-0.654061, -1.029966
-0.667162, -1.010923
-0.680038, -0.991206
-0.692655, -0.970863
-0.704978, -0.949952
-0.716967, -0.928531
-0.728578, -0.906665
-0.739765, -0.884421
-0.750480, -0.861868
-0.760673, -0.839078
-0.770294, -0.816121
-0.779292, -0.793067
-0.787619, -0.769985
-0.795228, -0.746938
-0.802077, -0.723987
-0.808124, -0.701188
-0.813334, -0.678593
-0.817674, -0.656248
-0.821116, -0.634193
-0.823634, -0.612466
-0.825209, -0.591099
-0.825821, -0.570121
-0.825458, -0.549558
-0.824106, -0.529434
-0.821758, -0.509770
-0.818405, -0.490586
-0.814042, -0.471900
-0.808667, -0.453731
-0.802275, -0.436097
-0.794867, -0.419015
-0.786442, -0.402503
-0.777001, -0.386579
-0.766546, -0.371260
-0.755080, -0.356566
-0.742606, -0.342514
-0.729127, -0.329123
-0.714648, -0.316412
-0.699176, -0.304399
-0.682716, -0.293102
-0.665276, -0.282537
-0.646864, -0.272721
-0.627491, -0.263665
-0.607168, -0.255382
-0.585908, -0.247879
-0.563728, -0.241160
-0.540646, -0.235224
-0.516685, -0.230065
-0.491870, -0.225669
-0.466232, -0.222015
-0.439807, -0.219072
-0.412636, -0.216800
-0.384767, -0.215150
-0.356254, -0.214058
-0.327159, -0.213451
-0.297551, -0.213245
-0.267503, -0.213344
-0.237096, -0.213642
-0.206415, -0.214029
-0.175547, -0.214387
-0.144582, -0.214596
-0.113611, -0.214536
-0.082719, -0.214091
-0.051992, -0.213150
-0.021510, -0.211610
0.008652, -0.209377
0.038426, -0.206367
0.067749, -0.202506
0.096563, -0.197733
0.124816, -0.191995
0.152464, -0.185251
0.179464, -0.177468
0.205778, -0.168622
0.231374, -0.158695
0.256220, -0.147679
0.280287, -0.135568
0.303551, -0.122363
0.325986, -0.108067
0.347570, -0.092691
0.368282, -0.076244
0.388102, -0.058741
0.407011, -0.040197
0.424993, -0.020630
0.442030, -0.000058
0.458108, 0.021499
0.473213, 0.044018
0.487333, 0.067479
0.500459, 0.091858
0.512581, 0.117131
0.523694, 0.143273
0.533796, 0.170256
0.542886, 0.198051
0.550967, 0.226627
0.558048, 0.255949
0.564142, 0.285979
0.569264, 0.316675
0.573439, 0.347988
0.576697, 0.379864
0.579072, 0.412243
0.580608, 0.445057
0.581354, 0.478232
0.581365, 0.511687
0.580704, 0.545332
0.579436, 0.579074
0.577630, 0.612818
0.575358, 0.646464
0.572690, 0.679913
0.569696, 0.713070
0.566440, 0.745843
0.562983, 0.778146
0.559381, 0.809901
0.555679, 0.841038
0.551919, 0.871496
0.548133, 0.901224
0.544349, 0.930177
0.540586, 0.958318
0.536858, 0.985620
0.533173, 1.012060
0.529536, 1.037619
0.525947, 1.062286
0.522403, 1.086051
0.518898, 1.108909
0.515424, 1.130856
0.511974, 1.151890
0.508535, 1.172012
0.505096, 1.191222
0.501647, 1.209523
0.498174, 1.226916
0.494666, 1.243405
0.491110, 1.258991
0.487495, 1.273678
0.483809, 1.287467
0.480042, 1.300361
0.476183, 1.312363
0.472223, 1.323472
0.468153, 1.333691
0.463966, 1.343020
0.459654, 1.351459
0.455211, 1.359009
0.450633, 1.365667
0.445915, 1.371434
0.441054, 1.376307
0.436048, 1.380284
0.430897, 1.383363
0.425600, 1.385540
0.420159, 1.386813
0.414576, 1.387176
0.408856, 1.386627
0.403002, 1.385161
0.397022, 1.382772
0.390922, 1.379455
0.384711, 1.375205
0.378399, 1.370015
0.371998, 1.363880
0.365518, 1.356793
0.358974, 1.348748
0.352382, 1.339736
0.345757, 1.329752
0.339116, 1.318787
0.332480, 1.306833
0.325867, 1.293883
0.319300, 1.279928
0.312802, 1.264960
0.306396, 1.248969
0.300107, 1.231945
0.293963, 1.213880
0.287992, 1.194762
0.282221, 1.174581
0.276682, 1.153325
0.271405, 1.130982
0.266423, 1.107540
0.261768, 1.082984
0.257474, 1.057302
0.253575, 1.030478
0.250106, 1.002497
0.247101, 0.973344
0.244595, 0.943002
0.242619, 0.911457
0.241206, 0.878693
0.240385, 0.844698
0.240181, 0.809461
0.240616, 0.772977
0.241703, 0.735245
0.243449, 0.696275
0.245849, 0.656086
0.248883, 0.614714
0.252517, 0.572213
0.256697, 0.528660
0.261345, 0.484155
0.266362, 0.438828
0.271628, 0.392837
0.276999, 0.346361
0.282319, 0.299603
0.287420, 0.252774
0.292134, 0.206086
0.296301, 0.159745
0.299772, 0.113938
0.302421, 0.068830
0.304138, 0.024561
0.304841, -0.018757
0.304465, -0.061034
0.302968, -0.102204
0.300322, -0.142217
0.296515, -0.181037
0.291546, -0.218638
0.285422, -0.255005
0.278159, -0.290124
0.269777, -0.323987
0.260301, -0.356586
0.249760, -0.387915
0.238184, -0.417969
0.225604, -0.446741
0.212055, -0.474224
0.197570, -0.500410
0.182182, -0.525291
0.165927, -0.548858
0.148838, -0.571101
0.130949, -0.592011
0.112293, -0.611577
0.092901, -0.629789
0.072805, -0.646638
0.052035, -0.662114
0.030621, -0.676209
0.008590, -0.688914
-0.014031, -0.700225
-0.037215, -0.710134
-0.060938, -0.718641
-0.085176, -0.725743
-0.109905, -0.731442
-0.135103, -0.735743
-0.160745, -0.738653
-0.186810, -0.740185
-0.213272, -0.740355
-0.240105, -0.739186
-0.267281, -0.736706
-0.294769, -0.732952
-0.322532, -0.727968
-0.350530, -0.721810
-0.378717, -0.714543
-0.407038, -0.706242
-0.435433, -0.696998
-0.463834, -0.686911
-0.492165, -0.676092
-0.520343, -0.664663
-0.548282, -0.652754
-0.575889, -0.640497
-0.603073, -0.628029
-0.629743, -0.615479
-0.655813, -0.602973
-0.681202, -0.590626
-0.705836, -0.578541
-0.729652, -0.566804
-0.752595, -0.555492
-0.774619, -0.544661
-0.795688, -0.534358
-0.815773, -0.524615
-0.834852, -0.515455
-0.852911, -0.506888
-0.869937, -0.498920
-0.885925, -0.491549
-0.900871, -0.484769
-0.914775, -0.478569
-0.927636, -0.472939
-0.939458, -0.467863
-0.950242, -0.463326
-0.959992, -0.459315
-0.968711, -0.455814
-0.976403, -0.452809
-0.983072, -0.450288
-0.988720, -0.448238
-0.993351, -0.446650
-0.996966, -0.445514
-0.999567, -0.444825
-1.001155, -0.444576
-1.001732, -0.444766
-1.001297, -0.445393
-0.999851, -0.446457
-0.997391, -0.447962
-0.993917, -0.449911
-0.989427, -0.452312
-0.983918, -0.455173
-0.977388, -0.458503
-0.969833, -0.462313
-0.961249, -0.466617
-0.951634, -0.471427
-0.940984, -0.476756
-0.929295, -0.482621
-0.916565, -0.489033
-0.902793, -0.496006
-0.887978, -0.503551
-0.872122, -0.511676
-0.855229, -0.520385
-0.837307, -0.529677
-0.818369, -0.539546
-0.798431, -0.549976
-0.777517, -0.560941
-0.755657, -0.572406
-0.732892, -0.584321
-0.709269, -0.596623
-0.684844, -0.609234
-0.659685, -0.622063
-0.633865, -0.635004
-0.607468, -0.647941
-0.580578, -0.660748
-0.553287, -0.673295
-0.525684, -0.685449
-0.497859, -0.697080
-0.469896, -0.708063
-0.441874, -0.718281
-0.413864, -0.727627
-0.385932, -0.736006
-0.358135, -0.743333
-0.330524, -0.749537
-0.303142, -0.754555
-0.276028, -0.758338
-0.249215, -0.760842
-0.222733, -0.762034
-0.196609, -0.761887
-0.170868, -0.760379
-0.145534, -0.757495
-0.120629, -0.753224
-0.096176, -0.747557
-0.072198, -0.740490
-0.048719, -0.732022
-0.025761, -0.722154
-0.003350, -0.710888
0.018489, -0.698229
0.039727, -0.684182
0.060337, -0.668755
0.080290, -0.651955
0.099555, -0.633792
0.118100, -0.614274
0.135893, -0.593411
0.152901, -0.571212
0.169089, -0.547686
0.184423, -0.522842
0.198869, -0.496689
0.212391, -0.469234
0.224954, -0.440484
0.236525, -0.410445
0.247071, -0.379123
0.256560, -0.346523
0.264963, -0.312649
0.272253, -0.277508
0.278408, -0.241106
0.283412, -0.203455
0.287253, -0.164570
0.289932, -0.124474
0.291459, -0.083199
0.291858, -0.040793
0.291170, 0.002680
0.289455, 0.047134
0.286797, 0.092459
0.283301, 0.138518
0.279094, 0.185145
0.274326, 0.232154
0.269158, 0.279336
0.263762, 0.326476
0.258309, 0.373357
0.252960, 0.419772
0.247864, 0.465536
0.243147, 0.510484
0.238912, 0.554483
0.235239, 0.597427
0.232185, 0.639237
0.229789, 0.679856
0.228069, 0.719247
0.227032, 0.757389
0.226672, 0.794273
0.226976, 0.829898
0.227922, 0.864270
0.229485, 0.897400
0.231634, 0.929300
0.234338, 0.959986
0.237563, 0.989473
0.241274, 1.017776
0.245436, 1.044913
0.250015, 1.070897
0.254974, 1.095744
0.260281, 1.119468
0.265901, 1.142083
0.271801, 1.163600
0.277950, 1.184032
0.284317, 1.203391
0.290871, 1.221688
0.297586, 1.238932
0.304433, 1.255134
0.311386, 1.270304
0.318421, 1.284449
0.325513, 1.297580
0.332642, 1.309705
0.339786, 1.320831
0.346925, 1.330967
0.354042, 1.340122
0.361119, 1.348301
0.368141, 1.355512
0.375093, 1.361763
0.381964, 1.367061
0.388740, 1.371411
0.395412, 1.374820
0.401971, 1.377294
0.408408, 1.378839
0.414718, 1.379460
0.420894, 1.379162
0.426933, 1.377950
0.432831, 1.375828
0.438586, 1.372800
0.444198, 1.368870
0.449667, 1.364041
0.454995, 1.358316
0.460183, 1.351696
0.465235, 1.344185
0.470157, 1.335782
0.474952, 1.326489
0.479627, 1.316307
0.484190, 1.305235
0.488648, 1.293273
0.493011, 1.280421
0.497286, 1.266677
0.501484, 1.252041
0.505615, 1.236511
0.509690, 1.220084
0.513719, 1.202761
0.517714, 1.184539
0.521684, 1.165419
0.525640, 1.145399
0.529591, 1.124480
0.533546, 1.102666
0.537512, 1.079959
0.541493, 1.056365
0.545493, 1.031894
0.549512, 1.006557
0.553545, 0.980370
0.557587, 0.953355
0.561625, 0.925539
0.565640, 0.896953
0.569612, 0.867638
0.573509, 0.837642
0.577296, 0.807020
0.580930, 0.775835
0.584362, 0.744158
0.587538, 0.712069
0.590398, 0.679653
0.592877, 0.646997
0.594911, 0.614196
0.596431, 0.581343
0.597372, 0.548530
0.597671, 0.515848
0.597266, 0.483383
0.596102, 0.451216
0.594129, 0.419423
0.591304, 0.388070
0.587588, 0.357221
0.582950, 0.326930
0.577364, 0.297249
0.570810, 0.268221
0.563273, 0.239886
0.554742, 0.212281
0.545210, 0.185439
0.534676, 0.159390
0.523140, 0.134163
0.510605, 0.109784
0.497077, 0.086278
0.482564, 0.063669
0.467076, 0.041980
0.450625, 0.021233
0.433224, 0.001448
0.414887, -0.017356
0.395631, -0.035160
0.375473, -0.051947
0.354432, -0.067703
0.332527, -0.082417
0.309779, -0.096078
0.286213, -0.108681
0.261852, -0.120223
0.236724, -0.130708
0.210859, -0.140144
0.184288, -0.148545
0.157049, -0.155932
0.129182, -0.162335
0.100730, -0.167792
0.071743, -0.172352
0.042276, -0.176072
0.012391, -0.179020
-0.017848, -0.181275
-0.048367, -0.182927
-0.079088, -0.184074
-0.109931, -0.184823
-0.140809, -0.185284
-0.171635, -0.185575
-0.202319, -0.185813
-0.232776, -0.186112
-0.262920, -0.186586
-0.292670, -0.187338
-0.321950, -0.188467
-0.350690, -0.190058
-0.378827, -0.192189
-0.406304, -0.194924
-0.433070, -0.198318
-0.459081, -0.202415
-0.484300, -0.207248
-0.508692, -0.212841
-0.532230, -0.219213
-0.554888, -0.226372
-0.576646, -0.234321
-0.597487, -0.243060
-0.617394, -0.252582
-0.636354, -0.262879
-0.654355, -0.273937
-0.671389, -0.285743
-0.687446, -0.298280
-0.702518, -0.311532
-0.716600, -0.325481
-0.729685, -0.340107
-0.741769, -0.355392
-0.752849, -0.371318
-0.762920, -0.387865
-0.771982, -0.405014
-0.780033, -0.422747
-0.787073, -0.441044
-0.793103, -0.459888
-0.798126, -0.479257
-0.802146, -0.499134
-0.805169, -0.519497
-0.807202, -0.540324
-0.808256, -0.561592
-0.808343, -0.583275
-0.807480, -0.605345
-0.805684, -0.627771
-0.802977, -0.650518
-0.799386, -0.673546
-0.794941, -0.696813
-0.789674, -0.720270
-0.783623, -0.743864
-0.776829, -0.767539
-0.769335, -0.791232
-0.761189, -0.814880
-0.752437, -0.838413
-0.743130, -0.861765
-0.733317, -0.884863
-0.723046, -0.907640
-0.712364, -0.930028
-0.701315, -0.951963
-0.689942, -0.973382
-0.678281, -0.994229
-0.666368, -1.014451
-0.654231, -1.034000
-0.641899, -1.052834
-0.629394, -1.070912
-0.616734, -1.088202
-0.603938, -1.104671
-0.591017, -1.120294
-0.577985, -1.135046
-0.564849, -1.148906
-0.551617, -1.161855
-0.538297, -1.173877
-0.524892, -1.184955
-0.511409, -1.195077
-0.497851, -1.204229
-0.484222, -1.212399
-0.470528, -1.219576
-0.456771, -1.225749
-0.442957, -1.230908
-0.429092, -1.235044
-0.415182, -1.238145
-0.401233, -1.240204
-0.387254, -1.241210
-0.373253, -1.241155
-0.359241, -1.240030
-0.345228, -1.237827
-0.331228, -1.234536
-0.317254, -1.230150
-0.303321, -1.224660
-0.289446, -1.218058
-0.275646, -1.210338
-0.261942, -1.201491
-0.248355, -1.191511
-0.234906, -1.180390
-0.221621, -1.168122
-0.208524, -1.154701
-0.195643, -1.140119
-0.183007, -1.124371
-0.170645, -1.107450
-0.158589, -1.089351
-0.146873, -1.070066
-0.135530, -1.049590
-0.124597, -1.027915
-0.114110, -1.005033
-0.104107, -0.980938
-0.094629, -0.955619
-0.085714, -0.929068
-0.077405, -0.901273
-0.069743, -0.872222
-0.062770, -0.841903
-0.056529, -0.810302
-0.051061, -0.777401
-0.046408, -0.743187
-0.042611, -0.707642
-0.039705, -0.670750
-0.037727, -0.632496
-0.036705, -0.592870
-0.036660, -0.551865
-0.037606, -0.509484
-0.039542, -0.465742
-0.042451, -0.420672
-0.046294, -0.374328
-0.051009, -0.326796
-0.056503, -0.278193
-0.062652, -0.228675
-0.069299, -0.178437
-0.076261, -0.127707
-0.083333, -0.076740
-0.090300, -0.025804
-0.096948, 0.024837
-0.103078, 0.074935
-0.108514, 0.124272
-0.113110, 0.172664
-0.116751, 0.219967
-0.119354, 0.266072
-0.120861, 0.310905
-0.121242, 0.354414
-0.120484, 0.396569
-0.118588, 0.437357
-0.115570, 0.476773
-0.111452, 0.514819
-0.106264, 0.551502
-0.100041, 0.586832
-0.092820, 0.620819
-0.084641, 0.653471
-0.075544, 0.684799
-0.065572, 0.714809
-0.054767, 0.743508
-0.043170, 0.770901
-0.030825, 0.796992
-0.017771, 0.821783
-0.004050, 0.845277
0.010299, 0.867474
0.025239, 0.888375
0.040730, 0.907980
0.056739, 0.926289
0.073229, 0.943300
0.090168, 0.959015
0.107524, 0.973434
0.125267, 0.986556
0.143369, 0.998382
0.161803, 1.008915
0.180542, 1.018157
0.199565, 1.026109
0.218848, 1.032777
0.238372, 1.038163
0.258116, 1.042275
0.278064, 1.045118
0.298198, 1.046699
0.318504, 1.047028
0.338966, 1.046114
0.359571, 1.043969
0.380305, 1.040607
0.401155, 1.036042
0.422107, 1.030292
0.443146, 1.023378
0.464257, 1.015322
0.485423, 1.006154
0.506624, 0.995903
0.527838, 0.984606
0.549039, 0.972306
0.570197, 0.959050
0.591278, 0.944895
0.612242, 0.929901
0.633045, 0.914138
0.653635, 0.897684
0.673958, 0.880621
0.693954, 0.863039
0.713560, 0.845030
0.732709, 0.826691
0.751334, 0.808119
0.769370, 0.789407
0.786751, 0.770647
0.803416, 0.751923
0.819310, 0.733314
0.834381, 0.714889
0.848585, 0.696707
0.861882, 0.678819
0.874242, 0.661269
0.885636, 0.644089
0.896043, 0.627306
0.905447, 0.610942
0.913835, 0.595010
0.921197, 0.579523
0.927526, 0.564487
0.932818, 0.549907
0.937070, 0.535788
0.940282, 0.522133
0.942451, 0.508943
0.943581, 0.496221
0.943670, 0.483969
0.942720, 0.472193
0.940733, 0.460897
0.937709, 0.450086
0.933651, 0.439769
0.928560, 0.429954
0.922436, 0.420653
0.915281, 0.411877
0.907095, 0.403639
0.897878, 0.395956
0.887632, 0.388843
0.876355, 0.382318
0.864049, 0.376400
0.850712, 0.371108
0.836347, 0.366463
0.820952, 0.362484
0.804528, 0.359191
0.787079, 0.356604
0.768605, 0.354740
0.749111, 0.353614
0.728603, 0.353238
0.707089, 0.353619
0.684582, 0.354761
0.661097, 0.356659
0.636656, 0.359298
0.611284, 0.362657
0.585017, 0.366699
0.557895, 0.371378
0.529971, 0.376630
0.501304, 0.382377
0.471965, 0.388525
0.442033, 0.394965
0.411596, 0.401575
0.380747, 0.408222
0.349587, 0.414764
0.318217, 0.421058
0.286738, 0.426958
0.255247, 0.432324
0.223839, 0.437024
0.192600, 0.440937
0.161610, 0.443952
0.130939, 0.445975
0.100651, 0.446923
0.070803, 0.446728
0.041443, 0.445333
0.012615, 0.442694
-0.015642, 0.438776
-0.043293, 0.433556
-0.070308, 0.427014
-0.096656, 0.419142
-0.122310, 0.409933
-0.147245, 0.399389
-0.171434, 0.387514
-0.194852, 0.374314
-0.217476, 0.359801
-0.239280, 0.343986
-0.260240, 0.326884
-0.280331, 0.308510
-0.299528, 0.288881
-0.317807, 0.268015
-0.335144, 0.245927
-0.351514, 0.222637
-0.366895, 0.198163
-0.381263, 0.172522
-0.394596, 0.145731
-0.406876, 0.117810
-0.418082, 0.088775
-0.428200, 0.058647
-0.437217, 0.027445
-0.445122, -0.004810
-0.451912, -0.038092
-0.457587, -0.072374
-0.462156, -0.107620
-0.465632, -0.143790
-0.468043, -0.180833
-0.469423, -0.218690
-0.469820, -0.257285
-0.469296, -0.296532
-0.467924, -0.336327
-0.465792, -0.376552
-0.462998, -0.417077
-0.459651, -0.457757
-0.455864, -0.498444
-0.451753, -0.538984
-0.447432, -0.579229
-0.443010, -0.619036
-0.438583, -0.658275
-0.434237, -0.696830
-0.430046, -0.734603
-0.426067, -0.771512
-0.422344, -0.807490
-0.418911, -0.842487
-0.415786, -0.876466
-0.412982, -0.909402
-0.410500, -0.941276
-0.408337, -0.972081
-0.406482, -1.001813
-0.404922, -1.030473
-0.403640, -1.058065
-0.402616, -1.084598
-0.401829, -1.110079
-0.401256, -1.134518
-0.400875, -1.157926
-0.400663, -1.180313
-0.400595, -1.201690
-0.400649, -1.222068
-0.400803, -1.241457
-0.401033, -1.259867
-0.401319, -1.277306
-0.401641, -1.293784
-0.401978, -1.309309
-0.402311, -1.323888
-0.402624, -1.337529
-0.402899, -1.350239
-0.403120, -1.362022
-0.403274, -1.372885
-0.403347, -1.382832
-0.403326, -1.391869
-0.403201, -1.399997
-0.402961, -1.407222
-0.402598, -1.413544
-0.402104, -1.418968
-0.401474, -1.423494
-0.400700, -1.427124
-0.399781, -1.429858
-0.398713, -1.431697
-0.397494, -1.432642
-0.396124, -1.432690
-0.394605, -1.431841
-0.392937, -1.430095
-0.391126, -1.427448
-0.389174, -1.423899
-0.387089, -1.419444
-0.384876, -1.414082
-0.382546, -1.407807
-0.380106, -1.400616
-0.377568, -1.392505
-0.374944, -1.383469
-0.372247, -1.373502
-0.369492, -1.362598
-0.366694, -1.350751
-0.363871, -1.337956
-0.361041, -1.324203
-0.358223, -1.309486
-0.355438, -1.293796
-0.352707, -1.277124
-0.350053, -1.259462
-0.347501, -1.240798
-0.345075, -1.221122
-0.342802, -1.200424
-0.340708, -1.178690
-0.338820, -1.155909
-0.337168, -1.132067
-0.335780, -1.107151
-0.334684, -1.081146
-0.333910, -1.054040
-0.333487, -1.025817
-0.333442, -0.996464
-0.333801, -0.965969
-0.334589, -0.934321
-0.335827, -0.901513
-0.337532, -0.867541
-0.339715, -0.832406
-0.342380, -0.796118
-0.345523, -0.758697
-0.349127, -0.720175
-0.353162, -0.680598
-0.357585, -0.640033
-0.362331, -0.598565
-0.367320, -0.556304
-0.372453, -0.513379
-0.377614, -0.469941
-0.382671, -0.426160
-0.387486, -0.382215
-0.391916, -0.338289
-0.395819, -0.294564
-0.399065, -0.251210
-0.401532, -0.208383
-0.403119, -0.166218
-0.403738, -0.124831
-0.403322, -0.084317
-0.401820, -0.044751
-0.399195, -0.006196
-0.395425, 0.031304
-0.390498, 0.067713
-0.384412, 0.103002
-0.377172, 0.137149
-0.368790, 0.170138
-0.359280, 0.201953
-0.348664, 0.232579
-0.336964, 0.262005
-0.324205, 0.290218
-0.310412, 0.317204
-0.295614, 0.342950
-0.279839, 0.367442
-0.263116, 0.390667
-0.245473, 0.412608
-0.226940, 0.433252
-0.207545, 0.452582
-0.187317, 0.470585
-0.166283, 0.487245
-0.144471, 0.502549
-0.121906, 0.516483
-0.098616, 0.529038
-0.074625, 0.540202
-0.049959, 0.549969
-0.024642, 0.558334
0.001302, 0.565294
0.027848, 0.570853
0.054969, 0.575017
0.082640, 0.577798
0.110831, 0.579216
0.139509, 0.579297
0.168641, 0.578075
0.198185, 0.575598
0.228095, 0.571921
0.258318, 0.567114
0.288793, 0.561260
0.319452, 0.554457
0.350216, 0.546815
0.381000, 0.538459
0.411712, 0.529524
0.442251, 0.520153
0.472518, 0.510495
0.502410, 0.500698
0.531827, 0.490907
0.560674, 0.481257
0.588864, 0.471872
0.616319, 0.462862
0.642970, 0.454320
0.668759, 0.446322
0.693639, 0.438929
0.717571, 0.432186
0.740525, 0.426124
0.762480, 0.420764
0.783418, 0.416115
0.803329, 0.412178
0.822204, 0.408948
0.840041, 0.406416
0.856836, 0.404566
0.872590, 0.403382
0.887303, 0.402847
0.900979, 0.402939
0.913618, 0.403640
0.925224, 0.404930
0.935799, 0.406788
0.945345, 0.409198
0.953865, 0.412142
0.961361, 0.415604
0.967834, 0.419570
0.973284, 0.424027
0.977713, 0.428965
0.981121, 0.434374
0.983507, 0.440248
0.984871, 0.446581
0.985210, 0.453371
0.984524, 0.460615
0.982811, 0.468313
0.980067, 0.476469
0.976290, 0.485084
0.971478, 0.494165
0.965626, 0.503715
0.958734, 0.513743
0.950798, 0.524255
0.941817, 0.535257
0.931790, 0.546755
0.920718, 0.558753
0.908604, 0.571253
0.895454, 0.584253
0.881277, 0.597748
0.866085, 0.611724
0.849898, 0.626163
0.832737, 0.641038
0.814635, 0.656309
0.795629, 0.671929
0.775764, 0.687836
0.755095, 0.703958
0.733681, 0.720211
0.711592, 0.736499
0.688900, 0.752718
0.665683, 0.768757
0.642019, 0.784501
0.617989, 0.799835
0.593668, 0.814645
0.569131, 0.828823
0.544443, 0.842267
0.519668, 0.854884
0.494861, 0.866589
0.470070, 0.877309
0.445337, 0.886978
0.420700, 0.895540
0.396191, 0.902948
0.371836, 0.909160
0.347662, 0.914143
0.323689, 0.917868
0.299938, 0.920312
0.276427, 0.921456
0.253174, 0.921284
0.230198, 0.919783
0.207516, 0.916944
0.185146, 0.912758
0.163109, 0.907221
0.141424, 0.900328
0.120114, 0.892077
0.099201, 0.882468
0.078709, 0.871499
0.058666, 0.859174
0.039097, 0.845494
0.020033, 0.830461
0.001503, 0.814080
-0.016461, 0.796355
-0.033825, 0.777290
-0.050555, 0.756890
-0.066614, 0.735158
-0.081967, 0.712100
-0.096575, 0.687719
-0.110400, 0.662018
-0.123402, 0.635000
-0.135543, 0.606665
-0.146782, 0.577015
-0.157081, 0.546047
-0.166399, 0.513760
-0.174700, 0.480151
-0.181947, 0.445216
-0.188107, 0.408952
-0.193150, 0.371357
-0.197051, 0.332430
-0.199793, 0.292177
-0.201365, 0.250608
-0.201772, 0.207747
-0.201030, 0.163631
-0.199177, 0.118317
-0.196272, 0.071886
-0.192400, 0.024449
-0.187673, -0.023849
-0.182235, -0.072830
-0.176252, -0.122285
-0.169911, -0.171978
-0.163412, -0.221662
-0.156954, -0.271088
-0.150726, -0.320018
-0.144898, -0.368239
-0.139615, -0.415570
-0.134992, -0.461864
-0.131116, -0.507007
-0.128049, -0.550918
-0.125826, -0.593544
-0.124465, -0.634850
-0.123968, -0.674821
-0.124324, -0.713452
-0.125514, -0.750748
-0.127510, -0.786719
-0.130281, -0.821380
-0.133792, -0.854747
-0.138005, -0.886836
-0.142882, -0.917665
-0.148382, -0.947251
-0.154466, -0.975609
-0.161094, -1.002755
-0.168227, -1.028702
-0.175825, -1.053464
-0.183852, -1.077054
-0.192269, -1.099482
-0.201042, -1.120760
-0.210135, -1.140896
-0.219515, -1.159901
-0.229150, -1.177784
-0.239008, -1.194554
-0.249061, -1.210218
-0.259280, -1.224786
-0.269638, -1.238264
-0.280110, -1.250662
-0.290673, -1.261987
-0.301303, -1.272246
-0.311979, -1.281448
-0.322682, -1.289601
-0.333395, -1.296713
-0.344099, -1.302790
-0.354780, -1.307842
-0.365423, -1.311876
-0.376017, -1.314900
-0.386549, -1.316921
-0.397010, -1.317948
-0.407390, -1.317987
-0.417683, -1.317046
-0.427881, -1.315132
-0.437980, -1.312253
-0.447974, -1.308415
-0.457862, -1.303625
-0.467640, -1.297889
-0.477307, -1.291214
-0.486862, -1.283606
-0.496306, -1.275071
-0.505640, -1.265614
-0.514864, -1.255243
-0.523980, -1.243961
-0.532991, -1.231776
-0.541898, -1.218694
-0.550704, -1.204722
-0.559411, -1.189866
-0.568020, -1.174134
-0.576531, -1.157537
-0.584945, -1.140083
-0.593261, -1.121785
-0.601475, -1.102656
-0.609583, -1.082715
-0.617577, -1.061978
-0.625447, -1.040470
-0.633180, -1.018217
-0.640761, -0.995249
-0.648168, -0.971601
-0.655377, -0.947315
-0.662359, -0.922435
-0.669082, -0.897011
-0.675508, -0.871101
-0.681597, -0.844765
-0.687303, -0.818067
-0.692580, -0.791075
-0.697377, -0.763860
-0.701645, -0.736493
-0.705333, -0.709047
-0.708390, -0.681593
-0.710770, -0.654199
-0.712426, -0.626930
-0.713315, -0.599850
-0.713400, -0.573016
-0.712645, -0.546483
-0.711019, -0.520298
-0.708495, -0.494508
-0.705051, -0.469154
-0.700667, -0.444274
-0.695329, -0.419902
-0.689024, -0.396069
-0.681743, -0.372806
-0.673479, -0.350141
-0.664229, -0.328098
-0.653991, -0.306704
-0.642764, -0.285983
-0.630552, -0.265956
-0.617357, -0.246647
-0.603185, -0.228078
-0.588043, -0.210268
-0.571939, -0.193238
-0.554881, -0.177007
-0.536882, -0.161592
-0.517952, -0.147010
-0.498106, -0.133274
-0.477359, -0.120397
-0.455728, -0.108387
-0.433233, -0.097249
-0.409894, -0.086985
-0.385738, -0.077590
-0.360790, -0.069056
-0.335082, -0.061367
-0.308649, -0.054499
-0.281531, -0.048421
-0.253772, -0.043092
-0.225422, -0.038464
-0.196536, -0.034476
-0.167176, -0.031058
-0.137409, -0.028132
-0.107308, -0.025609
-0.076948, -0.023392
-0.046412, -0.021379
-0.015782, -0.019461
0.014857, -0.017529
0.045418, -0.015473
0.075820, -0.013185
0.105981, -0.010564
0.135823, -0.007511
0.165275, -0.003940
0.194270, 0.000230
0.222746, 0.005068
0.250647, 0.010633
0.277924, 0.016975
0.304531, 0.024135
0.330427, 0.032144
0.355579, 0.041025
0.379953, 0.050794
0.403522, 0.061462
0.426260, 0.073031
0.448145, 0.085501
0.469157, 0.098867
0.489277, 0.113121
0.508489, 0.128250
0.526780, 0.144240
0.544135, 0.161076
0.560542, 0.178740
0.575993, 0.197212
0.590477, 0.216472
0.603988, 0.236500
0.616519, 0.257273
0.628067, 0.278768
0.638629, 0.300962
0.648205, 0.323829
0.656796, 0.347344
0.664407, 0.371479
0.671044, 0.396204
0.676718, 0.421489
0.681441, 0.447299
0.685230, 0.473598
0.688106, 0.500345
0.690093, 0.527496
0.691220, 0.555002
0.691520, 0.582810
0.691031, 0.610864
0.689794, 0.639100
0.687854, 0.667453
0.685261, 0.695853
0.682063, 0.724229
0.678313, 0.752505
0.674064, 0.780609
0.669368, 0.808465
0.664274, 0.836002
0.658830, 0.863151
0.653081, 0.889848
0.647067, 0.916032
0.640824, 0.941650
0.634384, 0.966650
0.627774, 0.990991
0.621017, 1.014633
0.614130, 1.037544
0.607129, 1.059694
0.600025, 1.081062
0.592825, 1.101624
0.585534, 1.121366
0.578156, 1.140272
0.570691, 1.158331
0.563140, 1.175533
0.555500, 1.191869
0.547769, 1.207331
0.539943, 1.221915
0.532021, 1.235614
0.523996, 1.248423
0.515867, 1.260337
0.507630, 1.271352
0.499280, 1.281463
0.490817, 1.290665
0.482236, 1.298954
0.473538, 1.306325
0.464721, 1.312773
0.455785, 1.318292
0.446731, 1.322876
0.437560, 1.326521
0.428276, 1.329220
0.418883, 1.330966
0.409385, 1.331752
0.399789, 1.331574
0.390101, 1.330422
0.380330, 1.328290
0.370486, 1.325171
0.360580, 1.321056
0.350625, 1.315940
0.340632, 1.309813
0.330619, 1.302669
0.320600, 1.294498
0.310595, 1.285295
0.300621, 1.275050
0.290699, 1.263755
0.280852, 1.251403
0.271103, 1.237986
0.261476, 1.223495
0.251997, 1.207921
0.242695, 1.191258
0.233598, 1.173495
0.224737, 1.154624
0.216142, 1.134635
0.207847, 1.113518
0.199886, 1.091264
0.192294, 1.067861
0.185108, 1.043296
0.178363, 1.017558
0.172100, 0.990634
0.166355, 0.962508
0.161168, 0.933165
0.156579, 0.902590
0.152625, 0.870766
0.149346, 0.837675
0.146777, 0.803301
0.144954, 0.767628
0.143906, 0.730642
0.143661, 0.692334
0.144237, 0.652699
0.145644, 0.611742
0.147879, 0.569480
0.150927, 0.525947
0.154750, 0.481196
0.159288, 0.435307
0.164458, 0.388392
0.170146, 0.340595
0.176211, 0.292093
0.182487, 0.243093
0.188792, 0.193828
0.194929, 0.144541
0.200706, 0.095475
0.205939, 0.046859
0.210462, -0.001099
0.214135, -0.048222
0.216846, -0.094367
0.218509, -0.139420
0.219064, -0.183299
0.218472, -0.225944
0.216715, -0.267317
0.213787, -0.307392
0.209696, -0.346156
0.204459, -0.383601
0.198097, -0.419725
0.190641, -0.454529
0.182122, -0.488015
0.172575, -0.520185
0.162036, -0.551039
0.150545, -0.580580
0.138138, -0.608806
0.124856, -0.635717
0.110736, -0.661309
0.095818, -0.685579
0.080139, -0.708523
0.063736, -0.730137
0.046646, -0.750414
0.028904, -0.769350
0.010544, -0.786939
-0.008401, -0.803176
-0.027900, -0.818056
-0.047922, -0.831574
-0.068439, -0.843727
-0.089424, -0.854512
-0.110850, -0.863928
-0.132694, -0.871972
-0.154933, -0.878647
-0.177546, -0.883955
-0.200510, -0.887899
-0.223807, -0.890486
-0.247418, -0.891724
-0.271323, -0.891625
-0.295505, -0.890202
-0.319942, -0.887474
-0.344616, -0.883463
-0.369502, -0.878195
-0.394577, -0.871705
-0.419812, -0.864032
-0.445174, -0.855224
-0.470626, -0.845334
-0.496127, -0.834430
-0.521625, -0.822586
-0.547065, -0.809885
-0.572385, -0.796424
-0.597515, -0.782305
-0.622380, -0.767640
-0.646903, -0.752545
-0.671002, -0.737139
-0.694594, -0.721541
-0.717601, -0.705866
-0.739946, -0.690222
-0.761558, -0.674710
-0.782374, -0.659416
-0.802339, -0.644418
-0.821404, -0.629778
-0.839531, -0.615547
-0.856687, -0.601765
-0.872849, -0.588461
-0.887996, -0.575654
-0.902116, -0.563356
-0.915200, -0.551574
-0.927242, -0.540307
-0.938239, -0.529554
-0.948190, -0.519309
-0.957096, -0.509564
-0.964958, -0.500312
-0.971781, -0.491544
-0.977565, -0.483252
-0.982315, -0.475428
-0.986033, -0.468066
-0.988723, -0.461161
-0.990387, -0.454707
-0.991027, -0.448704
-0.990646, -0.443151
-0.989245, -0.438049
-0.986824, -0.433401
-0.983385, -0.429213
-0.978927, -0.425491
-0.973450, -0.422244
-0.966953, -0.419483
-0.959433, -0.417222
-0.950891, -0.415473
-0.941322, -0.414252
-0.930724, -0.413578
-0.919095, -0.413466
-0.906432, -0.413938
-0.892731, -0.415011
-0.877990, -0.416705
-0.862207, -0.419039
-0.845382, -0.422030
-0.827514, -0.425693
-0.808606, -0.430040
-0.788663, -0.435079
-0.767695, -0.440812
-0.745713, -0.447235
-0.722736, -0.454331
-0.698791, -0.462077
-0.673911, -0.470435
-0.648136, -0.479352
-0.621521, -0.488762
-0.594126, -0.498579
-0.566025, -0.508704
-0.537299, -0.519020
-0.508039, -0.529400
-0.478341, -0.539702
-0.448306, -0.549783
-0.418035, -0.559494
-0.387626, -0.568691
-0.357175, -0.577235
-0.326770, -0.584997
-0.296490, -0.591861
-0.266409, -0.597724
-0.236591, -0.602494
-0.207090, -0.606098
-0.177957, -0.608471
-0.149233, -0.609563
-0.120955, -0.609332
-0.093157, -0.607749
-0.065867, -0.604790
-0.039114, -0.600438
-0.012924, -0.594682
0.012679, -0.587519
0.037671, -0.578946
0.062026, -0.568966
0.085721, -0.557583
0.108730, -0.544806
0.131028, -0.530643
0.152587, -0.515107
0.173381, -0.498209
0.193382, -0.479963
0.212562, -0.460382
0.230890, -0.439480
0.248338, -0.417273
0.264876, -0.393773
0.280473, -0.368996
0.295100, -0.342953
0.308727, -0.315659
0.321325, -0.287125
0.332868, -0.257364
0.343328, -0.226386
0.352682, -0.194203
0.360909, -0.160828
0.367992, -0.126275
0.373918, -0.090560
0.378681, -0.053703
0.382282, -0.015732
0.384734, 0.023318
0.386058, 0.063401
0.386291, 0.104457
0.385486, 0.146407
0.383712, 0.189155
0.381060, 0.232582
0.377636, 0.276547
0.373565, 0.320890
0.368984, 0.365433
0.364039, 0.409990
0.358878, 0.454370
0.353645, 0.498389
0.348476, 0.541873
0.343487, 0.584669
0.338781, 0.626645
0.334438, 0.667691
0.330521, 0.707722
0.327075, 0.746674
0.324127, 0.784500
0.321692, 0.821171
0.319774, 0.856669
0.318365, 0.890986
0.317455, 0.924122
0.317023, 0.956081
0.317047, 0.986873
0.317502, 1.016510
0.318359, 1.045004
0.319590, 1.072369
0.321165, 1.098622
0.323054, 1.123774
0.325227, 1.147843
0.327653, 1.170840
0.330304, 1.192780
0.333151, 1.213675
0.336166, 1.233537
0.339322, 1.252379
0.342594, 1.270211
0.345956, 1.287042
0.349385, 1.302884
0.352859, 1.317744
0.356356, 1.331632
0.359855, 1.344555
0.363339, 1.356521
0.366788, 1.367538
0.370188, 1.377611
0.373522, 1.386748
0.376776, 1.394953
0.379938, 1.402232
0.382997, 1.408590
0.385941, 1.414032
0.388763, 1.418561
0.391454, 1.422182
0.394009, 1.424898
0.396421, 1.426711
0.398686, 1.427624
0.400803, 1.427640
0.402770, 1.426759
0.404585, 1.424983
0.406251, 1.422312
0.407768, 1.418747
0.409141, 1.414288
0.410375, 1.408934
0.411473, 1.402684
0.412445, 1.395536
0.413297, 1.387488
0.414038, 1.378537
0.414680, 1.368680
0.415233, 1.357913
0.415710, 1.346232
0.416125, 1.333632
0.416492, 1.320108
0.416827, 1.305654
0.417146, 1.290262
0.417468, 1.273927
0.417811, 1.256640
0.418194, 1.238394
0.418638, 1.219180
0.419162, 1.198988
0.419788, 1.177810
0.420538, 1.155636
0.421432, 1.132457
0.422493, 1.108263
0.423740, 1.083046
0.425195, 1.056799
0.426875, 1.029513
0.428797, 1.001187
0.430975, 0.971817
0.433420, 0.941406
0.436136, 0.909961
0.439125, 0.877497
0.442380, 0.844033
0.445884, 0.809602
0.449615, 0.774246
0.453536, 0.738019
0.457600, 0.700991
0.461746, 0.663247
0.465902, 0.624886
0.469983, 0.586022
0.473895, 0.546783
0.477536, 0.507303
0.480798, 0.467725
0.483575, 0.428190
0.485763, 0.388836
0.487263, 0.349796
0.487986, 0.311188
0.487854, 0.273123
0.486800, 0.235693
0.484770, 0.198981
0.481719, 0.163055
0.477617, 0.127973
0.472439, 0.093784
0.466172, 0.060527
0.458808, 0.028236
0.450347, -0.003058
0.440792, -0.033331
0.430153, -0.062559
0.418440, -0.090721
0.405669, -0.117797
0.391856, -0.143767
0.377020, -0.168612
0.361182, -0.192314
0.344362, -0.214852
0.326582, -0.236209
0.307865, -0.256366
0.288235, -0.275306
0.267715, -0.293012
0.246328, -0.309467
0.224098, -0.324656
0.201049, -0.338567
0.177207, -0.351189
0.152594, -0.362513
0.127238, -0.372534
0.101165, -0.381252
0.074401, -0.388671
0.046978, -0.394799
0.018926, -0.399654
-0.009719, -0.403258
-0.038919, -0.405646
-0.068628, -0.406859
-0.098799, -0.406952
-0.129376, -0.405992
-0.160294, -0.404056
-0.191485, -0.401239
-0.222870, -0.397645
-0.254363, -0.393393
-0.285874, -0.388610
-0.317306, -0.383434
-0.348559, -0.378003
-0.379534, -0.372460
-0.410132, -0.366943
-0.440260, -0.361583
-0.469830, -0.356502
-0.498763, -0.351810
-0.526986, -0.347600
-0.554438, -0.343953
-0.581065, -0.340933
-0.606824, -0.338592
-0.631678, -0.336968
-0.655598, -0.336086
-0.678560, -0.335961
-0.700546, -0.336602
-0.721542, -0.338009
-0.741538, -0.340175
-0.760525, -0.343091
-0.778497, -0.346743
-0.795451, -0.351114
-0.811383, -0.356187
-0.826291, -0.361942
-0.840173, -0.368360
-0.853028, -0.375421
-0.864855, -0.383105
-0.875653, -0.391394
-0.885421, -0.400269
-0.894159, -0.409715
-0.901865, -0.419714
-0.908538, -0.430252
-0.914177, -0.441317
-0.918782, -0.452897
-0.922350, -0.464980
-0.924881, -0.477559
-0.926374, -0.490625
-0.926828, -0.504172
-0.926242, -0.518192
-0.924617, -0.532682
-0.921953, -0.547635
-0.918253, -0.563046
-0.913520, -0.578908
-0.907758, -0.595215
-0.900975, -0.611955
-0.893181, -0.629117
-0.884388, -0.646683
-0.874613, -0.664633
-0.863876, -0.682941
-0.852204, -0.701572
-0.839628, -0.720486
-0.826184, -0.739635
-0.811914, -0.758962
-0.796866, -0.778402
-0.781093, -0.797883
-0.764652, -0.817324
-0.747605, -0.836642
-0.730012, -0.855747
-0.711939, -0.874549
-0.693447, -0.892958
-0.674597, -0.910884
-0.655447, -0.928243
-0.636050, -0.944955
-0.616454, -0.960946
-0.596704, -0.976148
-0.576837, -0.990500
-0.556889, -1.003948
-0.536887, -1.016444
-0.516858, -1.027945
-0.496824, -1.038416
-0.476803, -1.047823
-0.456813, -1.056139
-0.436867, -1.063340
-0.416980, -1.069403
-0.397164, -1.074311
-0.377432, -1.078047
-0.357795, -1.080596
-0.338266, -1.081946
-0.318857, -1.082084
-0.299582, -1.081002
-0.280455, -1.078689
-0.261493, -1.075138
-0.242711, -1.070341
-0.224128, -1.064292
-0.205763, -1.056986
-0.187638, -1.048418
-0.169775, -1.038584
-0.152197, -1.027480
-0.134932, -1.015103
-0.118007, -1.001453
-0.101450, -0.986525
-0.085292, -0.970320
-0.069565, -0.952836
-0.054304, -0.934071
-0.039542, -0.914026
-0.025318, -0.892699
-0.011667, -0.870088
0.001369, -0.846192
0.013753, -0.821007
0.025443, -0.794532
0.036396, -0.766761
0.046572, -0.737689
0.055926, -0.707308
0.064418, -0.675611
0.072004, -0.642589
0.078643, -0.608230
0.084295, -0.572523
0.088923, -0.535458
0.092491, -0.497023
0.094972, -0.457211
0.096342, -0.416019
0.096590, -0.373451
0.095714, -0.329524
0.093731, -0.284271
0.090677, -0.237745
0.086613, -0.190030
0.081632, -0.141241
0.075855, -0.091532
0.069436, -0.041095
0.062560, 0.009840
0.055433, 0.061020
0.048271, 0.112174
0.041293, 0.163033
0.034700, 0.213344
0.028674, 0.262883
0.023364, 0.311464
0.018890, 0.358938
0.015335, 0.405194
0.012759, 0.450156
0.011194, 0.493774
0.010653, 0.536020
0.011132, 0.576882
0.012616, 0.616361
0.015081, 0.654462
0.018497, 0.691199
0.022827, 0.726586
0.028033, 0.760638
0.034074, 0.793373
0.040909, 0.824804
0.048495, 0.854946
0.056788, 0.883813
0.065747, 0.911416
0.075330, 0.937766
0.085494, 0.962872
0.096200, 0.986744
0.107408, 1.009388
0.119080, 1.030812
0.131179, 1.051021
0.143668, 1.070023
0.156514, 1.087821
0.169683, 1.104423
0.183143, 1.119832
0.196865, 1.134056
0.210819, 1.147099
0.224979, 1.158966
0.239319, 1.169665
0.253815, 1.179201
0.268445, 1.187581
0.283188, 1.194811
0.298024, 1.200899
0.312936, 1.205852
0.327907, 1.209678
0.342922, 1.212386
0.357967, 1.213982
0.373030, 1.214477
0.388100, 1.213879
0.403167, 1.212198
0.418222, 1.209443
0.433256, 1.205623
0.448263, 1.200751
0.463235, 1.194835
0.478166, 1.187889
0.493051, 1.179923
0.507884, 1.170951
0.522658, 1.160987
0.537367, 1.150047
0.552005, 1.138146
0.566563, 1.125303
0.581032, 1.111539
0.595401, 1.096877
0.609657, 1.081343
0.623785, 1.064966
0.637766, 1.047781
0.651578, 1.029823
0.665197, 1.011135
0.678594, 0.991763
0.691735, 0.971759
0.704585, 0.951179
0.717102, 0.930084
0.729242, 0.908538
0.740960, 0.886611
0.752205, 0.864371
0.762927, 0.841891
0.773075, 0.819244
0.782599, 0.796498
0.791450, 0.773724
0.799581, 0.750985
0.806948, 0.728343
0.813511, 0.705854
0.819233, 0.683568
0.824082, 0.661532
0.828029, 0.639787
0.831050, 0.618368
0.833123, 0.597307
0.834232, 0.576634
0.834363, 0.556373
0.833502, 0.536546
0.831642, 0.517175
0.828775, 0.498278
0.824896, 0.479874
0.820001, 0.461979
0.814088, 0.444611
0.807156, 0.427786
0.799204, 0.411523
0.790234, 0.395837
0.780247, 0.380747
0.769245, 0.366270
0.757230, 0.352425
0.744208, 0.339230
0.730181, 0.326703
0.715155, 0.314864
0.699136, 0.303730
0.682130, 0.293318
0.664145, 0.283645
0.645190, 0.274725
0.625276, 0.266569
0.604414, 0.259188
0.582621, 0.252586
0.559912, 0.246766
0.536308, 0.241722
0.511833, 0.237445
0.486516, 0.233915
0.460391, 0.231106
0.433496, 0.228980
0.405878, 0.227492
0.377587, 0.226582
0.348684, 0.226180
0.319235, 0.226204
0.289312, 0.226561
0.258994, 0.227149
0.228366, 0.227855
0.197515, 0.228563
0.166532, 0.229152
0.135505, 0.229501
0.104525, 0.229490
0.073678, 0.229006
0.043045, 0.227940
0.012704, 0.226197
-0.017275, 0.223686
-0.046826, 0.220331
-0.075890, 0.216066
-0.104414, 0.210836
-0.132351, 0.204594
-0.159656, 0.197306
-0.186292, 0.188944
-0.212224, 0.179490
-0.237419, 0.168931
-0.261849, 0.157261
-0.285487, 0.144479
-0.308308, 0.130587
-0.330287, 0.115594
-0.351405, 0.099510
-0.371639, 0.082347
-0.390971, 0.064121
-0.409381, 0.044847
-0.426854, 0.024546
-0.443372, 0.003236
-0.458921, -0.019063
-0.473488, -0.042328
-0.487061, -0.066537
-0.499631, -0.091667
-0.511191, -0.117692
-0.521735, -0.144587
-0.531262, -0.172323
-0.539773, -0.200871
-0.547275, -0.230197
-0.553776, -0.260265
-0.559293, -0.291033
-0.563845, -0.322457
-0.567461, -0.354483
-0.570173, -0.387054
-0.572023, -0.420103
-0.573058, -0.453559
-0.573333, -0.487339
-0.572908, -0.521358
-0.571850, -0.555520
-0.570229, -0.589728
-0.568117, -0.623881
-0.565588, -0.657878
-0.562714, -0.691617
-0.559565, -0.725003
-0.556204, -0.757947
-0.552690, -0.790363
-0.549075, -0.822179
-0.545402, -0.853327
-0.541709, -0.883753
-0.538024, -0.913408
-0.534370, -0.942253
-0.530763, -0.970257
-0.527212, -0.997395
-0.523725, -1.023648
-0.520300, -1.049002
-0.516937, -1.073448
-0.513629, -1.096979
-0.510369, -1.119591
-0.507148, -1.141283
-0.503954, -1.162055
-0.500777, -1.181908
-0.497603, -1.200845
-0.494420, -1.218868
-0.491215, -1.235980
-0.487976, -1.252184
-0.484688, -1.267484
-0.481341, -1.281883
-0.477923, -1.295383
-0.474422, -1.307987
-0.470829, -1.319697
-0.467133, -1.330515
-0.463326, -1.340442
-0.459400, -1.349479
-0.455348, -1.357627
-0.451164, -1.364884
-0.446842, -1.371251
-0.442380, -1.376726
-0.437773, -1.381309
-0.433020, -1.384996
-0.428120, -1.387785
-0.423074, -1.389674
-0.417883, -1.390660
-0.412549, -1.390738
-0.407077, -1.389904
-0.401472, -1.388153
-0.395740, -1.385482
-0.389888, -1.381885
-0.383925, -1.377356
-0.377861, -1.371889
-0.371707, -1.365479
-0.365477, -1.358118
-0.359183, -1.349800
-0.352842, -1.340519
-0.346468, -1.330267
-0.340081, -1.319036
-0.333699, -1.306818
-0.327342, -1.293606
-0.321033, -1.279391
-0.314794, -1.264164
-0.308649, -1.247916
-0.302624, -1.230637
-0.296746, -1.212317
-0.291041, -1.192947
-0.285541, -1.172514
-0.280273, -1.151007
-0.275271, -1.128414
-0.270564, -1.104722
-0.266188, -1.079917
-0.262174, -1.053986
-0.258557, -1.026912
-0.255371, -0.998682
-0.252649, -0.969278
-0.250426, -0.938687
-0.248734, -0.906892
-0.247602, -0.873879
-0.247060, -0.839637
-0.247130, -0.804157
-0.247832, -0.767434
-0.249178, -0.729471
-0.251169, -0.690281
-0.253796, -0.649889
-0.257037, -0.608334
-0.260850, -0.565677
-0.265175, -0.522002
-0.269930, -0.477418
-0.275009, -0.432061
-0.280284, -0.386095
-0.285612, -0.339706
-0.290831, -0.293097
-0.295777, -0.246478
-0.300283, -0.200059
-0.304195, -0.154039
-0.307371, -0.108597
-0.309690, -0.063889
-0.311053, -0.020048
-0.311381, 0.022822
-0.310618, 0.064639
-0.308725, 0.105341
-0.305679, 0.144882
-0.301471, 0.183230
-0.296103, 0.220361
-0.289583, 0.256260
-0.281929, 0.290914
-0.273162, 0.324315
-0.263307, 0.356455
-0.252393, 0.387327
-0.240451, 0.416926
-0.227512, 0.445245
-0.213609, 0.472275
-0.198777, 0.498008
-0.183048, 0.522435
-0.166456, 0.545547
-0.149036, 0.567333
-0.130820, 0.587784
-0.111841, 0.606889
-0.092129, 0.624637
-0.071717, 0.641018
-0.050633, 0.656024
-0.028907, 0.669645
-0.006565, 0.681874
0.016366, 0.692705
0.039859, 0.702133
0.063891, 0.710156
0.088438, 0.716774
0.113476, 0.721989
0.138982, 0.725808
0.164932, 0.728238
0.191303, 0.729295
0.218069, 0.728998
0.245203, 0.727373
0.272674, 0.724450
0.300449, 0.720272
0.328489, 0.714888
0.356749, 0.708359
0.385180, 0.700754
0.413724, 0.692159
0.442315, 0.682668
0.470881, 0.672389
0.499341, 0.661440
0.527610, 0.649947
0.555597, 0.638044
0.583209, 0.625866
0.610355, 0.613548
0.636945, 0.601219
0.662894, 0.589000
0.688124, 0.577000
0.712568, 0.565316
0.736165, 0.554028
0.758865, 0.543203
0.780626, 0.532893
0.801418, 0.523136
0.821213, 0.513959
0.839995, 0.505379
0.857750, 0.497404
0.874469, 0.490034
0.890148, 0.483265
0.904785, 0.477089
0.918379, 0.471494
0.930932, 0.466465
0.942446, 0.461990
0.952925, 0.458051
0.962372, 0.454634
0.970790, 0.451725
0.978183, 0.449308
0.984554, 0.447372
0.989906, 0.445905
0.994241, 0.444897
0.997561, 0.444340
0.999869, 0.444228
1.001164, 0.444556
1.001448, 0.445322
1.000719, 0.446525
0.998979, 0.448166
0.996224, 0.450249
0.992455, 0.452779
0.987667, 0.455762
0.981859, 0.459207
0.975028, 0.463124
0.967171, 0.467524
0.958283, 0.472421
0.948361, 0.477826
0.937403, 0.483754
0.925405, 0.490219
0.912365, 0.497233
0.898282, 0.504807
0.883157, 0.512951
0.866993, 0.521671
0.849796, 0.530968
0.831576, 0.540838
0.812348, 0.551269
0.792132, 0.562241
0.770956, 0.573722
0.748855, 0.585670
0.725872, 0.598029
0.702059, 0.610727
0.677478, 0.623680
0.652200, 0.636790
0.626303, 0.649947
0.599870, 0.663028
0.572990, 0.675908
0.545752, 0.688454
0.518245, 0.700537
0.490555, 0.712030
0.462763, 0.722813
0.434943, 0.732775
0.407164, 0.741816
0.379485, 0.749847
0.351959, 0.756792
0.324633, 0.762584
0.297546, 0.767167
0.270736, 0.770496
0.244232, 0.772532
0.218063, 0.773245
0.192253, 0.772611
0.166828, 0.770613
0.141810, 0.767235
0.117221, 0.762468
0.093084, 0.756306
0.069421, 0.748746
0.046256, 0.739787
0.023613, 0.729430
0.001518, 0.717678
-0.020004, 0.704537
-0.040924, 0.690011
-0.061215, 0.674109
-0.080845, 0.656838
-0.099785, 0.638206
-0.118001, 0.618223
-0.135461, 0.596898
-0.152131, 0.574239
-0.167977, 0.550255
-0.182963, 0.524955
-0.197055, 0.498346
-0.210217, 0.470436
-0.222414, 0.441230
-0.233613, 0.410734
-0.243780, 0.378952
-0.252883, 0.345890
-0.260894, 0.311551
-0.267787, 0.275942
-0.273541, 0.239070
-0.278140, 0.200945
-0.281576, 0.161586
-0.283851, 0.121017
-0.284979, 0.079274
-0.284989, 0.036408
-0.283927, -0.007510
-0.281860, -0.052387
-0.278879, -0.098105
-0.275096, -0.144517
-0.270647, -0.191450
-0.265687, -0.238707
-0.260382, -0.286077
-0.254908, -0.333340
-0.249435, -0.380279
-0.244123, -0.426690
-0.239114, -0.472393
-0.234529, -0.517232
-0.230466, -0.561081
-0.226997, -0.603841
-0.224174, -0.645442
-0.222027, -0.685832
-0.220574, -0.724980
-0.219815, -0.762869
-0.219742, -0.799494
-0.220337, -0.834856
-0.221579, -0.868962
-0.223439, -0.901825
-0.225887, -0.933459
-0.228889, -0.963878
-0.232411, -0.993098
-0.236418, -1.021136
-0.240875, -1.048007
-0.245745, -1.073726
-0.250995, -1.098308
-0.256589, -1.121766
-0.262493, -1.144115
-0.268676, -1.165365
-0.275105, -1.185530
-0.281749, -1.204620
-0.288579, -1.222646
-0.295566, -1.239618
-0.302684, -1.255546
-0.309906, -1.270439
-0.317207, -1.284307
-0.324565, -1.297158
-0.331957, -1.309001
-0.339363, -1.319843
-0.346763, -1.329693
-0.354139, -1.338558
-0.361475, -1.346447
-0.368755, -1.353366
-0.375965, -1.359322
-0.383092, -1.364322
-0.390126, -1.368373
-0.397055, -1.371481
-0.403871, -1.373653
-0.410566, -1.374893
-0.417133, -1.375208
-0.423568, -1.374603
-0.429867, -1.373083
-0.436026, -1.370651
-0.442043, -1.367313
-0.447919, -1.363071
-0.453653, -1.357929
-0.459247, -1.351890
-0.464703, -1.344957
-0.470025, -1.337131
-0.475218, -1.328413
-0.480286, -1.318806
-0.485236, -1.308309
-0.490075, -1.296924
-0.494810, -1.284649
-0.499450, -1.271485
-0.504004, -1.257431
-0.508481, -1.242486
-0.512891, -1.226649
-0.517244, -1.209920
-0.521550, -1.192298
-0.525818, -1.173782
-0.530060, -1.154372
-0.534282, -1.134071
-0.538494, -1.112880
-0.542701, -1.090803
-0.546910, -1.067846
-0.551123, -1.044018
-0.555340, -1.019329
-0.559559, -0.993796
-0.563773, -0.967439
-0.567971, -0.940281
-0.572137, -0.912355
-0.576251, -0.883697
-0.580285, -0.854352
-0.584206, -0.824373
-0.587973, -0.793818
-0.591542, -0.762757
-0.594861, -0.731262
-0.597872, -0.699416
-0.600516, -0.667303
-0.602728, -0.635014
-0.604444, -0.602638
-0.605600, -0.570267
-0.606133, -0.537990
-0.605982, -0.505891
-0.605093, -0.474053
-0.603414, -0.442549
-0.600901, -0.411450
-0.597515, -0.380817
-0.593222, -0.350709
-0.587996, -0.321176
-0.581813, -0.292264
-0.574657, -0.264014
-0.566517, -0.236465
-0.557383, -0.209649
-0.547252, -0.183599
-0.536123, -0.158343
-0.523997, -0.133908
-0.510879, -0.110321
-0.496776, -0.087605
-0.481697, -0.065784
-0.465651, -0.044880
-0.448653, -0.024914
-0.430714, -0.005906
-0.411850, 0.012126
-0.392077, 0.029164
-0.371414, 0.045194
-0.349879, 0.060201
-0.327493, 0.074177
-0.304278, 0.087115
-0.280258, 0.099010
-0.255460, 0.109865
-0.229912, 0.119686
-0.203646, 0.128486
-0.176697, 0.136283
-0.149103, 0.143105
-0.120908, 0.148988
-0.092159, 0.153976
-0.062911, 0.158124
-0.033221, 0.161497
-0.003155, 0.164170
0.027218, 0.166229
0.057821, 0.167769
0.088575, 0.168892
0.119395, 0.169709
0.150194, 0.170333
0.180885, 0.170880
0.211380, 0.171465
0.241596, 0.172199
0.271449, 0.173188
0.300863, 0.174531
0.329768, 0.176317
0.358096, 0.178625
0.385790, 0.181522
0.412798, 0.185066
0.439073, 0.189304
0.464574, 0.194271
0.489268, 0.199996
0.513123, 0.206498
0.536114, 0.213787
0.558219, 0.221871
0.579417, 0.230749
0.599693, 0.240416
0.619031, 0.250865
0.637420, 0.262085
0.654849, 0.274061
0.671307, 0.286779
0.686788, 0.300222
0.701284, 0.314372
0.714788, 0.329211
0.727296, 0.344720
0.738803, 0.360879
0.749307, 0.377670
0.758804, 0.395074
0.767294, 0.413070
0.774776, 0.431640
0.781252, 0.450764
0.786723, 0.470423
0.791194, 0.490595
0.794671, 0.511259
0.797162, 0.532393
0.798677, 0.553972
0.799229, 0.575970
0.798833, 0.598358
0.797509, 0.621104
0.795279, 0.644171
0.792168, 0.667521
0.788207, 0.691109
0.783429, 0.714887
0.777871, 0.738802
0.771575, 0.762795
0.764583, 0.786807
0.756942, 0.810772
0.748700, 0.834623
0.739906, 0.858291
0.730609, 0.881707
0.720856, 0.904803
0.710694, 0.927512
0.700167, 0.949770
0.689315, 0.971516
0.678176, 0.992695
0.666785, 1.013254
0.655169, 1.033146
0.643356, 1.052329
0.631368, 1.070764
0.619223, 1.088419
0.606939, 1.105262
0.594527, 1.121268
0.581999, 1.136414
0.569363, 1.150677
0.556628, 1.164041
0.543798, 1.176488
0.530878, 1.188004
0.517873, 1.198576
0.504787, 1.208189
0.491623, 1.216835
0.478385, 1.224500
0.465077, 1.231174
0.451702, 1.236849
0.438266, 1.241513
0.424775, 1.245158
0.411233, 1.247774
0.397649, 1.249352
0.384031, 1.249883
0.370387, 1.249358
0.356728, 1.247769
0.343066, 1.245107
0.329414, 1.241364
0.315785, 1.236531
0.302195, 1.230601
0.288662, 1.223565
0.275203, 1.215417
0.261838, 1.206147
0.248590, 1.195751
0.235481, 1.184220
0.222535, 1.171547
0.209778, 1.157726
0.197238, 1.142751
0.184945, 1.126614
0.172927, 1.109310
0.161218, 1.090831
0.149850, 1.071172
0.138858, 1.050325
0.128279, 1.028282
0.118149, 1.005036
0.108507, 0.980579
0.099392, 0.954900
0.090845, 0.927989
0.082906, 0.899835
0.075618, 0.870425
0.069022, 0.839746
0.063161, 0.807782
0.058077, 0.774519
0.053810, 0.739938
0.050398, 0.704025
0.047880, 0.666763
0.046287, 0.628137
0.045646, 0.588140
0.045976, 0.546767
0.047286, 0.504024
0.049569, 0.459933
0.052804, 0.414532
0.056942, 0.367885
0.061913, 0.320088
0.067614, 0.271269
0.073912, 0.221597
0.080640, 0.171278
0.087609, 0.120547
0.094611, 0.069665
0.101430, 0.018898
0.107859, -0.031495
0.113705, -0.081276
0.118803, -0.130238
0.123016, -0.178210
0.126241, -0.225061
0.128404, -0.270693
0.129455, -0.315039
0.129371, -0.358056
0.128142, -0.399717
0.125775, -0.440012
0.122288, -0.478939
0.117705, -0.516501
0.112057, -0.552706
0.105379, -0.587561
0.097711, -0.621077
0.089090, -0.653263
0.079559, -0.684125
0.069160, -0.713672
0.057934, -0.741908
0.045923, -0.768837
0.033169, -0.794463
0.019712, -0.818787
0.005592, -0.841810
-0.009151, -0.863533
-0.024479, -0.883955
-0.040357, -0.903076
-0.056748, -0.920896
-0.073618, -0.937413
-0.090935, -0.952627
-0.108668, -0.966538
-0.126788, -0.979146
-0.145265, -0.990452
-0.164075, -1.000458
-0.183193, -1.009166
-0.202595, -1.016577
-0.222260, -1.022698
-0.242167, -1.027531
-0.262299, -1.031082
-0.282638, -1.033360
-0.303168, -1.034370
-0.323872, -1.034124
-0.344737, -1.032631
-0.365749, -1.029905
-0.386894, -1.025960
-0.408157, -1.020813
-0.429524, -1.014484
-0.450979, -1.006996
-0.472504, -0.998375
-0.494081, -0.988653
-0.515687, -0.977865
-0.537295, -0.966053
-0.558878, -0.953265
-0.580399, -0.939555
-0.601820, -0.924985
-0.623096, -0.909625
-0.644176, -0.893551
-0.665006, -0.876848
-0.685524, -0.859606
-0.705668, -0.841919
-0.725368, -0.823884
-0.744558, -0.805601
-0.763170, -0.787166
-0.781138, -0.768672
-0.798398, -0.750206
-0.814894, -0.731850
-0.830572, -0.713674
-0.845388, -0.695740
-0.859300, -0.678100
-0.872276, -0.660800
-0.884288, -0.643872
-0.895313, -0.627346
-0.905335, -0.611240
-0.914340, -0.595571
-0.922319, -0.580349
-0.929264, -0.565582
-0.935172, -0.551273
-0.940039, -0.537427
-0.943865, -0.524044
-0.946650, -0.511126
-0.948393, -0.498674
-0.949096, -0.486691
-0.948760, -0.475179
-0.947387, -0.464141
-0.944979, -0.453584
-0.941536, -0.443513
-0.937060, -0.433936
-0.931553, -0.424863
-0.925014, -0.416305
-0.917445, -0.408275
-0.908847, -0.400786
-0.899218, -0.393855
-0.888560, -0.387499
-0.876871, -0.381735
-0.864153, -0.376583
-0.850404, -0.372064
-0.835625, -0.368196
-0.819816, -0.365000
-0.802977, -0.362496
-0.785111, -0.360701
-0.766220, -0.359634
-0.746309, -0.359307
-0.725384, -0.359731
-0.703456, -0.360912
-0.680537, -0.362847
-0.656646, -0.365528
-0.631806, -0.368938
-0.606048, -0.373048
-0.579409, -0.377814
-0.551937, -0.383183
-0.523686, -0.389082
-0.494722, -0.395424
-0.465121, -0.402107
-0.434968, -0.409014
-0.404353, -0.416015
-0.373375, -0.422973
-0.342135, -0.429741
-0.310734, -0.436175
-0.279273, -0.442132
-0.247847, -0.447473
-0.216547, -0.452073
-0.185454, -0.455814
-0.154645, -0.458596
-0.124186, -0.460329
-0.094136, -0.460939
-0.064546, -0.460364
-0.035463, -0.458555
-0.006927, -0.455472
0.021026, -0.451087
0.048363, -0.445379
0.075055, -0.438334
0.101074, -0.429946
0.126392, -0.420211
0.150984, -0.409133
0.174826, -0.396717
0.197892, -0.382973
0.220157, -0.367910
0.241597, -0.351544
0.262186, -0.333888
0.281901, -0.314958
0.300715, -0.294771
0.318605, -0.273345
0.335544, -0.250696
0.351509, -0.226843
0.366476, -0.201802
0.380423, -0.175592
0.393326, -0.148230
0.405166, -0.119732
0.415926, -0.090118
0.425588, -0.059406
0.434141, -0.027615
0.441576, 0.005233
0.447890, 0.039112
0.453085, 0.073992
0.457171, 0.109838
0.460167, 0.146605
0.462101, 0.184241
0.463014, 0.222680
0.462959, 0.261843
0.462002, 0.301635
0.460224, 0.341947
0.457717, 0.382653
0.454588, 0.423615
0.450949, 0.464683
0.446918, 0.505704
0.442614, 0.546521
0.438151, 0.586985
0.433636, 0.626954
0.429165, 0.666300
0.424821, 0.704914
0.420672, 0.742700
0.416771, 0.779582
0.413158, 0.815501
0.409860, 0.850411
0.406895, 0.884280
0.404269, 0.917085
0.401981, 0.948815
0.400024, 0.979462
0.398386, 1.009027
0.397052, 1.037512
0.396002, 1.064923
0.395215, 1.091270
0.394669, 1.116562
0.394340, 1.140808
0.394206, 1.164021
0.394241, 1.186212
0.394423, 1.207391
0.394726, 1.227569
0.395129, 1.246757
0.395609, 1.264964
0.396145, 1.282200
0.396715, 1.298474
0.397300, 1.313794
0.397881, 1.328168
0.398440, 1.341602
0.398961, 1.354104
0.399427, 1.365679
0.399825, 1.376333
0.400141, 1.386070
0.400362, 1.394896
0.400479, 1.402813
0.400480, 1.409826
0.400357, 1.415936
0.400103, 1.421147
0.399711, 1.425460
0.399176, 1.428877
0.398495, 1.431398
0.397664, 1.433023
0.396683, 1.433754
0.395550, 1.433589
0.394268, 1.432528
0.392838, 1.430568
0.391264, 1.427709
0.389551, 1.423948
0.387703, 1.419282
0.385730, 1.413709
0.383638, 1.407225
0.381438, 1.399825
0.379141, 1.391506
0.376758, 1.382263
0.374304, 1.372090
0.371792, 1.360981
0.369239, 1.348931
0.366661, 1.335932
0.364077, 1.321977
0.361506, 1.307059
0.358969, 1.291169
0.356488, 1.274299
0.354085, 1.256438
0.351784, 1.237577
0.349611, 1.217704
0.347591, 1.196809
0.345750, 1.174880
0.344116, 1.151904
0.342718, 1.127868
0.341583, 1.102758
0.340740, 1.076561
0.340218, 1.049262
0.340044, 1.020849
0.340245, 0.991309
0.340846, 0.960629
0.341870, 0.928801
0.343337, 0.895818
0.345261, 0.861679
0.347652, 0.826388
0.350509, 0.789958
0.353825, 0.752413
0.357580, 0.713789
0.361738, 0.674139
0.366251, 0.633534
0.371050, 0.592067
0.376050, 0.549852
0.381148, 0.507024
0.386224, 0.463738
0.391147, 0.420165
0.395779, 0.376482
0.399978, 0.332872
0.403608, 0.289509
0.406543, 0.246558
0.408669, 0.204167
0.409889, 0.162465
0.410124, 0.121559
0.409311, 0.081539
0.407403, 0.042475
0.404370, 0.004425
0.400190, -0.032570
0.394855, -0.068475
0.388364, -0.103263
0.380725, -0.136913
0.371949, -0.169409
0.362053, -0.200734
0.351057, -0.230875
0.338984, -0.259818
0.325858, -0.287550
0.311706, -0.314058
0.296556, -0.339327
0.280434, -0.363344
0.263370, -0.386092
0.245392, -0.407558
0.226528, -0.427725
0.206807, -0.446579
0.186257, -0.464104
0.164904, -0.480286
0.142776, -0.495111
0.119898, -0.508567
0.096297, -0.520642
0.071998, -0.531328
0.047025, -0.540618
0.021403, -0.548509
-0.004844, -0.555000
-0.031689, -0.560096
-0.059107, -0.563805
-0.087069, -0.566144
-0.115545, -0.567133
-0.144501, -0.566805
-0.173899, -0.565198
-0.203695, -0.562363
-0.233841, -0.558365
-0.264277, -0.553278
-0.294941, -0.547193
-0.325757, -0.540214
-0.356644, -0.532459
-0.387513, -0.524058
-0.418267, -0.515150
-0.448805, -0.505883
-0.479026, -0.496406
-0.508827, -0.486864
-0.538111, -0.477400
-0.566786, -0.468144
-0.594770, -0.459212
-0.621987, -0.450707
-0.648375, -0.442714
-0.673881, -0.435301
-0.698461, -0.428522
-0.722081, -0.422416
-0.744715, -0.417007
-0.766343, -0.412311
-0.786951, -0.408333
-0.806529, -0.405072
-0.825071, -0.402519
-0.842575, -0.400663
-0.859038, -0.399488
-0.874461, -0.398976
-0.888846, -0.399109
-0.902193, -0.399865
-0.914506, -0.401226
-0.925787, -0.403172
-0.936038, -0.405683
-0.945261, -0.408742
-0.953458, -0.412332
-0.960631, -0.416437
-0.966781, -0.421044
-0.971908, -0.426142
-0.976012, -0.431718
-0.979094, -0.437766
-0.981153, -0.444279
-0.982188, -0.451252
-0.982196, -0.458682
-0.981177, -0.466568
-0.979128, -0.474911
-0.976046, -0.483713
-0.971929, -0.492977
-0.966774, -0.502709
-0.960578, -0.512913
-0.953339, -0.523596
-0.945056, -0.534763
-0.935727, -0.546419
-0.925354, -0.558570
-0.913939, -0.571216
-0.901486, -0.584356
-0.888004, -0.597986
-0.873504, -0.612095
-0.858003, -0.626665
-0.841523, -0.641672
-0.824091, -0.657081
-0.805744, -0.672847
-0.786524, -0.688914
-0.766481, -0.705213
-0.745674, -0.721664
-0.724168, -0.738177
-0.702033, -0.754652
-0.679344, -0.770981
-0.656180, -0.787053
-0.632618, -0.802752
-0.608736, -0.817967
-0.584605, -0.832590
-0.560296, -0.846516
-0.535870, -0.859652
-0.511384, -0.871911
-0.486889, -0.883218
-0.462428, -0.893503
-0.438040, -0.902710
-0.413757, -0.910787
-0.389609, -0.917692
-0.365620, -0.923388
-0.341812, -0.927847
-0.318206, -0.931042
-0.294821, -0.932952
-0.271674, -0.933561
-0.248782, -0.932854
-0.226164, -0.930821
-0.203838, -0.927452
-0.181821, -0.922740
-0.160134, -0.916682
-0.138797, -0.909273
-0.117833, -0.900511
-0.097265, -0.890396
-0.077118, -0.878928
-0.057419, -0.866108
-0.038195, -0.851939
-0.019476, -0.836423
-0.001294, -0.819564
0.016320, -0.801366
0.033331, -0.781833
0.049705, -0.760969
0.065404, -0.738777
0.080392, -0.715262
0.094631, -0.690426
0.108081, -0.664273
0.120703, -0.636803
0.132457, -0.608017
0.143304, -0.577914
0.153202, -0.546493
0.162115, -0.513750
0.170003, -0.479682
0.176831, -0.444285
0.182567, -0.407554
0.187181, -0.369487
0.190649, -0.330085
0.192956, -0.289354
0.194096, -0.247307
0.194075, -0.203971
0.192916, -0.159387
0.190662, -0.113619
0.187379, -0.066757
0.183162, -0.018921
0.178133, 0.029732
0.172442, 0.079014
0.166266, 0.128705
0.159797, 0.178564
0.153237, 0.228339
0.146786, 0.277781
0.140629, 0.326657
0.134930, 0.374763
0.129826, 0.421925
0.125425, 0.468006
0.121805, 0.512905
0.119019, 0.556547
0.117099, 0.598886
0.116054, 0.639894
0.115884, 0.679560
0.116575, 0.717882
0.118102, 0.754868
0.120439, 0.790529
0.123551, 0.824881
0.127403, 0.857940
0.131956, 0.889722
0.137170, 0.920246
0.143006, 0.949527
0.149424, 0.977581
0.156382, 1.004423
0.163843, 1.030066
0.171767, 1.054523
0.180116, 1.077807
0.188853, 1.099927
0.197943, 1.120894
0.207352, 1.140717
0.217044, 1.159407
0.226990, 1.176971
0.237157, 1.193419
0.247517, 1.208757
0.258041, 1.222995
0.268704, 1.236140
0.279479, 1.248200
0.290344, 1.259183
0.301276, 1.269096
0.312254, 1.277948
0.323259, 1.285747
0.334274, 1.292499
0.345281, 1.298214
0.356265, 1.302899
0.367213, 1.306562
0.378113, 1.309210
0.388953, 1.310852
0.399724, 1.311495
0.410416, 1.311147
0.421023, 1.309816
0.431538, 1.307509
0.441957, 1.304232
0.452274, 1.299994
0.462487, 1.294800
0.472593, 1.288659
0.482592, 1.281576
0.492482, 1.273558
0.502264, 1.264611
0.511938, 1.254742
0.521504, 1.243957
0.530965, 1.232263
0.540322, 1.219666
0.549576, 1.206174
0.558728, 1.191795
0.567780, 1.176537
0.576732, 1.160409
0.585582, 1.143423
0.594330, 1.125590
0.602971, 1.106926
0.611501, 1.087447
0.619911, 1.067173
0.628193, 1.046127
0.636331, 1.024335
0.644311, 1.001827
0.652111, 0.978640
0.659708, 0.954813
0.667073, 0.930391
0.674173, 0.905425
0.680972, 0.879970
0.687429, 0.854085
0.693500, 0.827835
0.699138, 0.801287
0.704296, 0.774510
0.708922, 0.747575
0.712968, 0.720553
0.716384, 0.693514
0.719122, 0.666526
0.721138, 0.639653
0.722388, 0.612957
0.722836, 0.586496
0.722445, 0.560322
0.721185, 0.534485
0.719030, 0.509028
0.715956, 0.483994
0.711944, 0.459419
0.706980, 0.435337
0.701049, 0.411779
0.694143, 0.388776
0.686255, 0.366354
0.677381, 0.344540
0.667518, 0.323357
0.656666, 0.302830
0.644827, 0.282981
0.632004, 0.263833
0.618200, 0.245408
0.603424, 0.227725
0.587681, 0.210805
0.570980, 0.194666
0.553332, 0.179328
0.534748, 0.164806
0.515242, 0.151115
0.494826, 0.138266
0.473519, 0.126271
0.451338, 0.115134
0.428304, 0.104859
0.404440, 0.095442
0.379772, 0.086876
0.354331, 0.079146
0.328151, 0.072232
0.301269, 0.066103
0.273728, 0.060722
0.245578, 0.056042
0.216872, 0.052004
0.187670, 0.048542
0.158037, 0.045579
0.128045, 0.043027
0.097770, 0.040793
0.067291, 0.038774
0.036692, 0.036864
0.006057, 0.034953
-0.024528, 0.032931
-0.054980, 0.030691
-0.085217, 0.028127
-0.115161, 0.025143
-0.144739, 0.021648
-0.173882, 0.017560
-0.202527, 0.012809
-0.230618, 0.007331
-0.258102, 0.001075
-0.284935, -0.006002
-0.311073, -0.013933
-0.336480, -0.022743
-0.361124, -0.032450
-0.384975, -0.043066
-0.408006, -0.054595
-0.430195, -0.067038
-0.451521, -0.080391
-0.471963, -0.094645
-0.491506, -0.109791
-0.510133, -0.125815
-0.527832, -0.142700
-0.544589, -0.160430
-0.560393, -0.178986
-0.575236, -0.198347
-0.589108, -0.218493
-0.602004, -0.239402
-0.613918, -0.261050
-0.624849, -0.283414
-0.634793, -0.306469
-0.643754, -0.330188
-0.651734, -0.354545
-0.658740, -0.379509
-0.664781, -0.405049
-0.669870, -0.431130
-0.674023, -0.457717
-0.677260, -0.484767
-0.679606, -0.512236
-0.681090, -0.540076
-0.681744, -0.568233
-0.681607, -0.596649
-0.680719, -0.625261
-0.679127, -0.654002
-0.676880, -0.682803
-0.674027, -0.711589
-0.670623, -0.740286
-0.666720, -0.768819
-0.662370, -0.797111
-0.657626, -0.825091
-0.652536, -0.852687
-0.647144, -0.879835
-0.641493, -0.906474
-0.635618, -0.932546
-0.629552, -0.958004
-0.623323, -0.982802
-0.616953, -1.006902
-0.610461, -1.030270
-0.603861, -1.052878
-0.597165, -1.074702
-0.590380, -1.095722
-0.583511, -1.115921
-0.576561, -1.135284
-0.569530, -1.153801
-0.562418, -1.171462
-0.555222, -1.188258
-0.547939, -1.204184
-0.540566, -1.219233
-0.533098, -1.233401
-0.525531, -1.246683
-0.517862, -1.259074
-0.510084, -1.270570
-0.502196, -1.281168
-0.494193, -1.290864
-0.486072, -1.299653
-0.477831, -1.307531
-0.469469, -1.314493
-0.460985, -1.320535
-0.452378, -1.325651
-0.443650, -1.329836
-0.434803, -1.333084
-0.425839, -1.335390
-0.416763, -1.336747
-0.407579, -1.337149
-0.398295, -1.336589
-0.388917, -1.335060
-0.379455, -1.332555
-0.369918, -1.329066
-0.360317, -1.324588
-0.350665, -1.319111
-0.340976, -1.312628
-0.331265, -1.305132
-0.321549, -1.296614
-0.311846, -1.287068
-0.302175, -1.276484
-0.292556, -1.264855
-0.283013, -1.252173
-0.273568, -1.238429
-0.264247, -1.223616
-0.255075, -1.207724
-0.246082, -1.190745
-0.237295, -1.172671
-0.228745, -1.153491
-0.220464, -1.133196
-0.212485, -1.111776
-0.204841, -1.089221
-0.197569, -1.065517
-0.190704, -1.040655
-0.184283, -1.014619
-0.178345, -0.987397
-0.172927, -0.958974
-0.168068, -0.929335
-0.163808, -0.898462
-0.160183, -0.866339
-0.157232, -0.832950
-0.154990, -0.798277
-0.153490, -0.762307
-0.152760, -0.725026
-0.152825, -0.686427
-0.153699, -0.646510
-0.155389, -0.605282
-0.157888, -0.562767
-0.161172, -0.519003
-0.165198, -0.474054
-0.169898, -0.428010
-0.175179, -0.380991
-0.180921, -0.333152
-0.186974, -0.284678
-0.193169, -0.235784
-0.199321, -0.186704
-0.205235, -0.137678
-0.210724, -0.088946
-0.215610, -0.040726
-0.219738, 0.006783
-0.222979, 0.053419
-0.225228, 0.099047
-0.226409, 0.143564
-0.226470, 0.186897
-0.225378, 0.228992
-0.223118, 0.269814
-0.219689, 0.309341
-0.215102, 0.347562
-0.209374, 0.384468
-0.202530, 0.420060
-0.194598, 0.454337
-0.185613, 0.487300
-0.175608, 0.518950
-0.164620, 0.549288
-0.152687, 0.578313
-0.139848, 0.606025
-0.126140, 0.632420
-0.111602, 0.657496
-0.096272, 0.681248
-0.080187, 0.703672
-0.063384, 0.724761
-0.045898, 0.744510
-0.027765, 0.762914
-0.009017, 0.779966
0.010312, 0.795661
0.030194, 0.809994
0.050597, 0.822961
0.071494, 0.834557
0.092858, 0.844780
0.114665, 0.853628
0.136890, 0.861101
0.159511, 0.867202
0.182507, 0.871931
0.205857, 0.875295
0.229541, 0.877301
0.253540, 0.877959
0.277836, 0.877281
0.302407, 0.875285
0.327233, 0.871992
0.352292, 0.867426
0.377559, 0.861619
0.403006, 0.854609
0.428602, 0.846442
0.454311, 0.837172
0.480089, 0.826860
0.505890, 0.815580
0.531658, 0.803415
0.557331, 0.790457
0.582841, 0.776810
0.608115, 0.762584
0.633072, 0.747895
0.657633, 0.732863
0.681713, 0.717610
0.705231, 0.702252
0.728110, 0.686902
0.750276, 0.671663
0.771663, 0.656627
0.792214, 0.641874
0.811877, 0.627470
0.830612, 0.613472
0.848384, 0.599920
0.865167, 0.586846
0.880941, 0.574273
0.895691, 0.562213
0.909406, 0.550674
0.922081, 0.539657
0.933711, 0.529160
0.944296, 0.519177
0.953837, 0.509701
0.962334, 0.500724
0.969791, 0.492236
0.976210, 0.484229
0.981594, 0.476693
0.985947, 0.469621
0.989272, 0.463008
0.991572, 0.456847
0.992848, 0.451135
0.993104, 0.445871
0.992340, 0.441055
0.990559, 0.436688
0.987759, 0.432774
0.983943, 0.429320
0.979108, 0.426333
0.973255, 0.423823
0.966382, 0.421800
0.958487, 0.420279
0.949567, 0.419273
0.939621, 0.418799
0.928645, 0.418874
0.916635, 0.419516
0.903590, 0.420744
0.889507, 0.422577
0.874382, 0.425033
0.858214, 0.428130
0.841004, 0.431884
0.822752, 0.436309
0.803462, 0.441412
0.783142, 0.447200
0.761802, 0.453668
0.739459, 0.460807
0.716134, 0.468597
0.691859, 0.477003
0.666671, 0.485981
0.640619, 0.495470
0.613759, 0.505392
0.586160, 0.515653
0.557900, 0.526145
0.529066, 0.536743
0.499751, 0.547315
0.470054, 0.557716
0.440074, 0.567801
0.409912, 0.577426
0.379662, 0.586449
0.349415, 0.594738
0.319254, 0.602174
0.289254, 0.608647
0.259481, 0.614064
0.229995, 0.618343
0.200844, 0.621416
0.172075, 0.623229
0.143726, 0.623737
0.115830, 0.622904
0.088420, 0.620704
0.061522, 0.617118
0.035163, 0.612133
0.009368, 0.605741
-0.015838, 0.597938
-0.040432, 0.588726
-0.064388, 0.578107
-0.087682, 0.566088
-0.110289, 0.552676
-0.132181, 0.537883
-0.153332, 0.521718
-0.173715, 0.504196
-0.193300, 0.485327
-0.212059, 0.465128
-0.229962, 0.443610
-0.246978, 0.420788
-0.263077, 0.396676
-0.278228, 0.371287
-0.292403, 0.344633
-0.305569, 0.316727
-0.317700, 0.287579
-0.328767, 0.257203
-0.338744, 0.225607
-0.347607, 0.192804
-0.355338, 0.158805
-0.361919, 0.123625
-0.367341, 0.087282
-0.371599, 0.049798
-0.374697, 0.011201
-0.376653, -0.028468
-0.377492, -0.069159
-0.377259, -0.110804
-0.376013, -0.153317
-0.373833, -0.196592
-0.370816, -0.240500
-0.367079, -0.284890
-0.362753, -0.329592
-0.357982, -0.374422
-0.352915, -0.419189
-0.347703, -0.463699
-0.342488, -0.507772
-0.337400, -0.551238
-0.332551, -0.593952
-0.328036, -0.635790
-0.323929, -0.676651
-0.320284, -0.716459
-0.317138, -0.755159
-0.314515, -0.792710
-0.312422, -0.829089
-0.310860, -0.864282
-0.309817, -0.898287
-0.309279, -0.931105
-0.309224, -0.962743
-0.309627, -0.993212
-0.310462, -1.022524
-0.311699, -1.050695
-0.313309, -1.077737
-0.315262, -1.103667
-0.317525, -1.128498
-0.320070, -1.152245
-0.322866, -1.174922
-0.325883, -1.196542
-0.329093, -1.217117
-0.332467, -1.236660
-0.335980, -1.255182
-0.339605, -1.272693
-0.343317, -1.289204
-0.347093, -1.304725
-0.350911, -1.319263
-0.354748, -1.332829
-0.358586, -1.345429
-0.362404, -1.357071
-0.366187, -1.367763
-0.369917, -1.377511
-0.373578, -1.386321
-0.377159, -1.394199
-0.380645, -1.401150
-0.384026, -1.407180
-0.387292, -1.412293
-0.390434, -1.416493
-0.393444, -1.419785
-0.396316, -1.422171
-0.399045, -1.423654
-0.401627, -1.424238
-0.404060, -1.423924
-0.406342, -1.422714
-0.408473, -1.420610
-0.410455, -1.417611
-0.412289, -1.413719
-0.413979, -1.408934
-0.415529, -1.403255
-0.416946, -1.396680
-0.418236, -1.389209
-0.419407, -1.380839
-0.420469, -1.371568
-0.421432, -1.361392
-0.422307, -1.350307
-0.423107, -1.338311
-0.423846, -1.325397
-0.424538, -1.311560
-0.425198, -1.296795
-0.425844, -1.281095
-0.426492, -1.264454
-0.427160, -1.246863
-0.427869, -1.228315
-0.428636, -1.208802
-0.429483, -1.188315
-0.430429, -1.166846
-0.431496, -1.144385
-0.432702, -1.120924
-0.434070, -1.096455
-0.435616, -1.070971
-0.437361, -1.044466
-0.439319, -1.016935
-0.441505, -0.988377
-0.443929, -0.958794
-0.446599, -0.928192
-0.449515, -0.896582
-0.452672, -0.863985
-0.456060, -0.830427
-0.459656, -0.795947
-0.463430, -0.760594
-0.467340, -0.724431
-0.471331, -0.687535
-0.475339, -0.649998
-0.479286, -0.611925
-0.483085, -0.573433
-0.486641, -0.534651
-0.489851, -0.495712
-0.492615, -0.456754
-0.494830, -0.417913
-0.496399, -0.379317
-0.497233, -0.341089
-0.497251, -0.303338
-0.496384, -0.266162
-0.494575, -0.229647
-0.491774, -0.193866
-0.487947, -0.158881
-0.483066, -0.124744
-0.477113, -0.091499
-0.470077, -0.059184
-0.461954, -0.027831
-0.452745, 0.002533
-0.442455, 0.031881
-0.431094, 0.060192
-0.418674, 0.087444
-0.405211, 0.113616
-0.390721, 0.138687
-0.375222, 0.162640
-0.358735, 0.185453
-0.341281, 0.207109
-0.322880, 0.227588
-0.303556, 0.246873
-0.283331, 0.264945
-0.262228, 0.281790
-0.240271, 0.297390
-0.217483, 0.311733
-0.193889, 0.324808
-0.169512, 0.336606
-0.144379, 0.347121
-0.118516, 0.356352
-0.091951, 0.364302
-0.064712, 0.370981
-0.036833, 0.376402
-0.008348, 0.380590
0.020704, 0.383575
0.050279, 0.385399
0.080329, 0.386115
0.110798, 0.385786
0.141624, 0.384490
0.172737, 0.382317
0.204062, 0.379368
0.235514, 0.375760
0.267002, 0.371618
0.298432, 0.367073
0.329707, 0.362265
0.360726, 0.357332
0.391393, 0.352412
0.421615, 0.347634
0.451302, 0.343121
0.480376, 0.338981
0.508762, 0.335311
0.536399, 0.332192
0.563232, 0.329691
0.589214, 0.327860
0.614308, 0.326740
0.638483, 0.326359
0.661713, 0.326734
0.683978, 0.327875
0.705265, 0.329784
0.725559, 0.332456
0.744852, 0.335882
0.763138, 0.340051
0.780410, 0.344946
0.796665, 0.350550
0.811900, 0.356845
0.826112, 0.363812
0.839299, 0.371430
0.851460, 0.379681
0.862593, 0.388545
0.872698, 0.398005
0.881772, 0.408043
0.889815, 0.418643
0.896826, 0.429790
0.902803, 0.441471
0.907745, 0.453673
0.911651, 0.466385
0.914520, 0.479597
0.916351, 0.493299
0.917144, 0.507485
0.916899, 0.522147
0.915617, 0.537277
0.913299, 0.552869
0.909949, 0.568915
0.905570, 0.585408
0.900168, 0.602336
0.893752, 0.619689
0.886334, 0.637449
0.877928, 0.655600
0.868553, 0.674115
0.858230, 0.692966
0.846988, 0.712116
0.834860, 0.731521
0.821884, 0.751131
0.808103, 0.770887
0.793567, 0.790723
0.778328, 0.810564
0.762444, 0.830331
0.745974, 0.849941
0.728980, 0.869306
0.711522, 0.888339
0.693662, 0.906953
0.675457, 0.925063
0.656961, 0.942588
0.638224, 0.959453
0.619293, 0.975588
0.600207, 0.990930
0.581002, 1.005422
0.561710, 1.019012
0.542359, 1.031657
0.522970, 1.043316
0.503565, 1.053955
0.484162, 1.063543
0.464775, 1.072055
0.445418, 1.079467
0.426104, 1.085758
0.406844, 1.090910
0.387651, 1.094908
0.368534, 1.097738
0.349507, 1.099385
0.330581, 1.099839
0.311770, 1.099090
0.293086, 1.097129
0.274545, 1.093946
0.256163, 1.089534
0.237957, 1.083887
0.219947, 1.076998
0.202152, 1.068862
0.184595, 1.059474
0.167299, 1.048831
0.150289, 1.036929
0.133593, 1.023764
0.117237, 1.009335
0.101253, 0.993639
0.085672, 0.976675
0.070527, 0.958440
0.055853, 0.938933
0.041684, 0.918153
0.028059, 0.896098
0.015017, 0.872764
0.002595, 0.848150
-0.009164, 0.822252
-0.020220, 0.795065
-0.030530, 0.766583
-0.040052, 0.736800
-0.048743, 0.705707
-0.056560, 0.673294
-0.063461, 0.639551
-0.069406, 0.604466
-0.074355, 0.568027
-0.078272, 0.530222
-0.081124, 0.491041
-0.082886, 0.450478
-0.083540, 0.408532
-0.083078, 0.365215
-0.081509, 0.320548
-0.078857, 0.274575
-0.075173, 0.227365
-0.070533, 0.179016
-0.065044, 0.129664
-0.058845, 0.079484
-0.052109, 0.028687
-0.045033, -0.022480
-0.037830, -0.073752
-0.030721, -0.124857
-0.023917, -0.175532
-0.017612, -0.225537
-0.011970, -0.274665
-0.007127, -0.322751
-0.003182, -0.369666
-0.000207, -0.415318
0.001755, -0.459645
0.002681, -0.502608
0.002569, -0.544191
0.001428, -0.584386
-0.000722, -0.623198
-0.003852, -0.660638
-0.007929, -0.696718
-0.012916, -0.731453
-0.018772, -0.764859
-0.025456, -0.796951
-0.032925, -0.827744
-0.041137, -0.857251
-0.050048, -0.885483
-0.059617, -0.912451
-0.069801, -0.938166
-0.080559, -0.962634
-0.091851, -0.985865
-0.103639, -1.007863
-0.115884, -1.028636
-0.128550, -1.048189
-0.141600, -1.066527
-0.155003, -1.083655
-0.168724, -1.099579
-0.182733, -1.114302
-0.197000, -1.127831
-0.211498, -1.140170
-0.226200, -1.151324
-0.241081, -1.161301
-0.256118, -1.170106
-0.271290, -1.177744
-0.286576, -1.184224
-0.301957, -1.189553
-0.317416, -1.193737
-0.332939, -1.196785
-0.348509, -1.198705
-0.364115, -1.199506
-0.379744, -1.199196
-0.395386, -1.197786
-0.411031, -1.195284
-0.426670, -1.191702
-0.442294, -1.187049
-0.457898, -1.181337
-0.473473, -1.174579
-0.489014, -1.166786
-0.504512, -1.157973
-0.519962, -1.148155
-0.535357, -1.137349
-0.550687, -1.125571
-0.565943, -1.112843
-0.581115, -1.099187
-0.596190, -1.084629
-0.611153, -1.069197
-0.625986, -1.052924
-0.640668, -1.035845
-0.655176, -1.018002
-0.669480, -0.999441
-0.683550, -0.980212
-0.697348, -0.960371
-0.710836, -0.939978
-0.723969, -0.919098
-0.736701, -0.897800
-0.748983, -0.876154
-0.760763, -0.854234
-0.771990, -0.832113
-0.782611, -0.809864
-0.792576, -0.787558
-0.801836, -0.765261
-0.810347, -0.743038
-0.818064, -0.720947
-0.824951, -0.699040
-0.830972, -0.677367
-0.836097, -0.655968
-0.840301, -0.634882
-0.843560, -0.614141
-0.845858, -0.593774
-0.847177, -0.573807
-0.847505, -0.554261
-0.846834, -0.535156
-0.845154, -0.516511
-0.842460, -0.498344
-0.838748, -0.480669
-0.834016, -0.463504
-0.828261, -0.446863
-0.821482, -0.430763
-0.813681, -0.415220
-0.804857, -0.400250
-0.795013, -0.385870
-0.784151, -0.372098
-0.772273, -0.358952
-0.759383, -0.346451
-0.745485, -0.334611
-0.730583, -0.323453
-0.714682, -0.312994
-0.697790, -0.303251
-0.679911, -0.294242
-0.661056, -0.285980
-0.641234, -0.278478
-0.620457, -0.271746
-0.598738, -0.265789
-0.576094, -0.260610
-0.552544, -0.256204
-0.528113, -0.252561
-0.502829, -0.249662
-0.476724, -0.247480
-0.449837, -0.245977
-0.422215, -0.245107
-0.393910, -0.244809
-0.364980, -0.245011
-0.335494, -0.245630
-0.305525, -0.246571
-0.275153, -0.247728
-0.244464, -0.248987
-0.213546, -0.250228
-0.182490, -0.251329
-0.151389, -0.252166
-0.120331, -0.252618
-0.089403, -0.252568
-0.058689, -0.251909
-0.028265, -0.250541
0.001798, -0.248377
0.031435, -0.245339
0.060588, -0.241361
0.089203, -0.236387
0.117233, -0.230373
0.144635, -0.223284
0.171372, -0.215093
0.197408, -0.205782
0.222712, -0.195338
0.247255, -0.183756
0.271010, -0.171036
0.293951, -0.157180
0.316055, -0.142197
0.337300, -0.126096
0.357664, -0.108891
0.377128, -0.090597
0.395672, -0.071230
0.413279, -0.050808
0.429930, -0.029352
0.445612, -0.006882
0.460309, 0.016582
0.474009, 0.041017
0.486700, 0.066399
0.498376, 0.092705
0.509029, 0.119909
0.518657, 0.147983
0.527260, 0.176898
0.534842, 0.206622
0.541414, 0.237118
0.546988, 0.268346
0.551585, 0.300260
0.555233, 0.332808
0.557963, 0.365932
0.559819, 0.399565
0.560848, 0.433633
0.561107, 0.468053
0.560658, 0.502735
0.559571, 0.537583
0.557918, 0.572493
0.555776, 0.607361
0.553221, 0.642081
0.550331, 0.676548
0.547177, 0.710661
0.543827, 0.744326
0.540342, 0.777456
0.536778, 0.809974
0.533179, 0.841811
0.529583, 0.872910
0.526021, 0.903221
0.522516, 0.932706
0.519084, 0.961331
0.515734, 0.989072
0.512471, 1.015912
0.509296, 1.041836
0.506206, 1.066836
0.503194, 1.090906
0.500251, 1.114044
0.497368, 1.136248
0.494532, 1.157520
0.491729, 1.177862
0.488948, 1.197277
0.486173, 1.215769
0.483391, 1.233342
0.480589, 1.249999
0.477751, 1.265746
0.474865, 1.280585
0.471918, 1.294520
0.468899, 1.307555
0.465796, 1.319693
0.462597, 1.330935
0.459294, 1.341284
0.455878, 1.350742
0.452340, 1.359309
0.448673, 1.366987
0.444873, 1.373774
0.440933, 1.379672
0.436849, 1.384678
0.432620, 1.388792
0.428243, 1.392011
0.423718, 1.394333
0.419045, 1.395756
0.414226, 1.396277
0.409264, 1.395891
0.404164, 1.394595
0.398929, 1.392384
0.393568, 1.389254
0.388088, 1.385200
0.382498, 1.380215
0.376807, 1.374296
0.371029, 1.367435
0.365175, 1.359625
0.359260, 1.350862
0.353299, 1.341137
0.347309, 1.330443
0.341308, 1.318773
0.335315, 1.306119
0.329352, 1.292472
0.323439, 1.277825
0.317600, 1.262168
0.311859, 1.245491
0.306242, 1.227786
0.300776, 1.209041
0.295489, 1.189247
0.290410, 1.168391
0.285569, 1.146461
0.280997, 1.123446
0.276727, 1.099332
0.272790, 1.074104
0.269220, 1.047749
0.266050, 1.020251
0.263314, 0.991595
0.261046, 0.961765
0.259277, 0.930747
0.258038, 0.898525
0.257359, 0.865087
0.257264, 0.830423
0.257775, 0.794526
0.258906, 0.757396
0.260664, 0.719040
0.263046, 0.679478
0.266036, 0.638741
