0.196369, 0.005793
0.196503, 0.022851
0.196861, 0.050519
0.197546, 0.087944
0.198649, 0.134129
0.200254, 0.187986
0.202431, 0.248391
0.205240, 0.314223
0.208730, 0.384411
0.212939, 0.457954
0.217897, 0.533941
0.223624, 0.611562
0.230131, 0.690109
0.237427, 0.768974
0.245510, 0.847644
0.254378, 0.925696
0.264021, 1.002784
0.274429, 1.078633
0.285589, 1.153030
0.297484, 1.225814
0.310099, 1.296870
0.323416, 1.366120
0.337416, 1.433517
0.352080, 1.499038
0.367390, 1.562680
0.383327, 1.624447
0.399873, 1.684355
0.417008, 1.742416
0.434715, 1.798638
0.452975, 1.853019
0.471769, 1.905536
0.491079, 1.956146
0.510885, 2.004772
0.531168, 2.051304
0.551904, 2.095586
0.573071, 2.137420
0.594643, 2.176552
0.616592, 2.212679
0.638886, 2.245445
0.661489, 2.274446
0.684361, 2.299240
0.707458, 2.319357
0.730731, 2.334317
0.754125, 2.343651
0.777583, 2.346923
0.801042, 2.343756
0.824436, 2.333850
0.847696, 2.317009
0.870753, 2.293144
0.893536, 2.262284
0.915976, 2.224574
0.938005, 2.180261
0.959560, 2.129677
0.980579, 2.073225
1.001006, 2.011352
1.020790, 1.944526
1.039882, 1.873223
1.058241, 1.797903
1.075828, 1.719005
1.092610, 1.636931
1.108557, 1.552046
1.123643, 1.464673
1.137843, 1.375095
1.151138, 1.283553
1.163509, 1.190252
1.174938, 1.095364
1.185411, 0.999030
1.194914, 0.901365
1.203434, 0.802465
1.210960, 0.702404
1.217479, 0.601244
1.222981, 0.499032
1.227456, 0.395807
1.230894, 0.291603
1.233285, 0.186446
1.234620, 0.080360
1.234889, -0.026633
1.234084, -0.134513
1.232196, -0.243258
1.229216, -0.352848
1.225136, -0.463260
1.219948, -0.574472
1.213644, -0.686457
1.206217, -0.799193
1.197658, -0.912652
1.187961, -1.026809
1.177120, -1.141640
1.165126, -1.257123
1.151975, -1.373236
1.137659, -1.489966
1.122174, -1.607300
1.105511, -1.725236
1.087667, -1.843779
1.068634, -1.962943
1.048406, -2.082753
1.026976, -2.203247
1.004338, -2.324478
0.980484, -2.446510
0.955405, -2.569425
0.929092, -2.693317
0.901535, -2.818294
0.872723, -2.944472
0.842642, -3.071973
0.811278, -3.200917
0.778618, -3.331408
0.744645, -3.463520
0.709342, -3.597274
0.672694, -3.732606
0.634685, -3.869324
0.595304, -4.007058
0.554543, -4.145187
0.512402, -4.282760
0.468894, -4.418407
0.424047, -4.550245
0.377910, -4.675817
0.330561, -4.792074
0.282111, -4.895452
0.232708, -4.982084
0.182538, -5.048151
0.131825, -5.090357
0.080818, -5.106429
0.029786, -5.095503
-0.021004, -5.058282
-0.071299, -4.996904
-0.120872, -4.914562
-0.169532, -4.815011
-0.217127, -4.702088
-0.263541, -4.579346
-0.308692, -4.449835
-0.352524, -4.316014
-0.395004, -4.179763
-0.436116, -4.042446
-0.475853, -3.905000
-0.514217, -3.768028
-0.551216, -3.631879
-0.586858, -3.496722
-0.621154, -3.362598
-0.654113, -3.229463
-0.685746, -3.097223
-0.716060, -2.965757
-0.745063, -2.834932
-0.772761, -2.704615
-0.799157, -2.574685
-0.824255, -2.445033
-0.848058, -2.315568
-0.870567, -2.186217
-0.891783, -2.056926
-0.911706, -1.927660
-0.930336, -1.798401
-0.947674, -1.669149
-0.963719, -1.539915
-0.978472, -1.410728
-0.991934, -1.281625
-1.004105, -1.152653
-1.014988, -1.023870
-1.024583, -0.895339
-1.032895, -0.767131
-1.039927, -0.639323
-1.045684, -0.511997
-1.050169, -0.385244
-1.053391, -0.259159
-1.055355, -0.133848
-1.056071, -0.009427
-1.055547, 0.113975
-1.053795, 0.236211
-1.050827, 0.357114
-1.046658, 0.476491
-1.041303, 0.594114
-1.034782, 0.709722
-1.027116, 0.823005
-1.018331, 0.933605
-1.008455, 1.041105
-0.997521, 1.145026
-0.985568, 1.244828
-0.972640, 1.339907
-0.958788, 1.429605
-0.944068, 1.513224
-0.928546, 1.590045
-0.912292, 1.659363
-0.895386, 1.720516
-0.877911, 1.772933
-0.859958, 1.816174
-0.841619, 1.849970
-0.822990, 1.874250
-0.804165, 1.889159
-0.785237, 1.895055
-0.766293, 1.892485
-0.747413, 1.882154
-0.728673, 1.864882
-0.710136, 1.841547
-0.691859, 1.813045
-0.673889, 1.780244
-0.656266, 1.743952
-0.639019, 1.704894
-0.622175, 1.663698
-0.605751, 1.620893
-0.589761, 1.576902
-0.574216, 1.532057
-0.559122, 1.486600
-0.544485, 1.440696
-0.530309, 1.394442
-0.516597, 1.347879
-0.503353, 1.300999
-0.490579, 1.253755
-0.478279, 1.206069
-0.466459, 1.157836
-0.455125, 1.108933
-0.444283, 1.059226
-0.433943, 1.008567
-0.424115, 0.956808
-0.414811, 0.903796
-0.406044, 0.849384
-0.397829, 0.793430
-0.390181, 0.735802
-0.383119, 0.676385
-0.376660, 0.615081
-0.370823, 0.551817
-0.365630, 0.486550
-0.361099, 0.419276
-0.357251, 0.350035
-0.354105, 0.278923
-0.351678, 0.206102
-0.349988, 0.131813
-0.349046, 0.056390
-0.348862, -0.019721
-0.349441, -0.095953
-0.350779, -0.171595
-0.352868, -0.245783
-0.355687, -0.317492
-0.359205, -0.385533
-0.363381, -0.448566
-0.368155, -0.505130
-0.373457, -0.553687
-0.379197, -0.592688
-0.385273, -0.620656
-0.391569, -0.636280
-0.397954, -0.638507
-0.404292, -0.626620
-0.410439, -0.600295
-0.416250, -0.559614
-0.421585, -0.505052
-0.426307, -0.437422
-0.430293, -0.357802
-0.433428, -0.267448
-0.435611, -0.167707
-0.436755, -0.059949
-0.436787, 0.054501
-0.435647, 0.174397
-0.433285, 0.298601
-0.429664, 0.426098
-0.424755, 0.555995
-0.418539, 0.687517
-0.411002, 0.820000
-0.402137, 0.952881
-0.391944, 1.085685
-0.380425, 1.218017
-0.367587, 1.349548
-0.353438, 1.480012
-0.337991, 1.609194
-0.321259, 1.736923
-0.303257, 1.863072
-0.284003, 1.987545
-0.263512, 2.110277
-0.241803, 2.231227
-0.218894, 2.350376
-0.194802, 2.467714
-0.169545, 2.583240
-0.143143, 2.696950
-0.115613, 2.808829
-0.086973, 2.918838
-0.057242, 3.026897
-0.026442, 3.132875
0.005408, 3.236560
0.038281, 3.337644
0.072150, 3.435699
0.106983, 3.530145
0.142739, 3.620238
0.179370, 3.705048
0.216818, 3.783459
0.255014, 3.854185
0.293872, 3.915809
0.333295, 3.966854
0.373169, 4.005883
0.413368, 4.031618
0.453753, 4.043066
0.494179, 4.039637
0.534496, 4.021217
0.574555, 3.988194
0.614214, 3.941424
0.653342, 3.882141
0.691820, 3.811847
0.729547, 3.732177
0.766438, 3.644788
0.802423, 3.551258
0.837448, 3.453024
0.871472, 3.351345
0.904467, 3.247287
0.936413, 3.141728
0.967298, 3.035372
0.997119, 2.928770
1.025874, 2.822343
1.053568, 2.716401
1.080205, 2.611170
1.105794, 2.506802
1.130344, 2.403395
1.153865, 2.301006
1.176368, 2.199657
1.197862, 2.099347
1.218358, 2.000056
1.237866, 1.901753
1.256396, 1.804396
1.273957, 1.707936
1.290558, 1.612321
1.306206, 1.517496
1.320910, 1.423405
1.334677, 1.329990
1.347512, 1.237196
1.359422, 1.144964
1.370413, 1.053241
1.380489, 0.961970
1.389654, 0.871098
1.397912, 0.780572
1.405266, 0.690340
1.411719, 0.600352
1.417274, 0.510557
1.421931, 0.420907
1.425692, 0.331354
1.428558, 0.241851
1.430529, 0.152350
1.431605, 0.062808
1.431785, -0.026821
1.431068, -0.116582
1.429453, -0.206518
1.426937, -0.296671
1.423519, -0.387086
1.419194, -0.477804
1.413961, -0.568867
1.407816, -0.660318
1.400754, -0.752200
1.392770, -0.844554
1.383861, -0.937424
1.374020, -1.030855
1.363242, -1.124891
1.351520, -1.219579
1.338848, -1.314966
1.325218, -1.411103
1.310623, -1.508040
1.295054, -1.605833
1.278503, -1.704538
1.260960, -1.804213
1.242416, -1.904919
1.222858, -2.006719
1.202277, -2.109677
1.180661, -2.213856
1.157996, -2.319317
1.134270, -2.426116
1.109469, -2.534300
1.083579, -2.643902
1.056586, -2.754933
1.028476, -2.867373
0.999234, -2.981159
0.968849, -3.096165
0.937308, -3.212189
0.904602, -3.328919
0.870728, -3.445907
0.835686, -3.562537
0.799482, -3.677979
0.762133, -3.791162
0.723670, -3.900735
0.684136, -4.005055
0.643593, -4.102201
0.602123, -4.190022
0.559831, -4.266242
0.516845, -4.328615
0.473312, -4.375123
0.429400, -4.404190
0.385290, -4.414866
0.341165, -4.406945
0.297211, -4.380985
0.253602, -4.338213
0.210497, -4.280363
0.168038, -4.209462
0.126344, -4.127623
0.085515, -4.036877
0.045630, -3.939051
0.006752, -3.835705
-0.031070, -3.728111
-0.067799, -3.617259
-0.103407, -3.503891
-0.137870, -3.388535
-0.171172, -3.271548
-0.203296, -3.153152
-0.234231, -3.033466
-0.263962, -2.912537
-0.292477, -2.790365
-0.319765, -2.666917
-0.345811, -2.542143
-0.370603, -2.415991
-0.394126, -2.288411
-0.416366, -2.159367
-0.437309, -2.028836
-0.456938, -1.896818
-0.475240, -1.763335
-0.492200, -1.628434
-0.507804, -1.492194
-0.522040, -1.354722
-0.534895, -1.216162
-0.546360, -1.076696
-0.556427, -0.936550
-0.565090, -0.795998
-0.572346, -0.655374
-0.578198, -0.515075
-0.582651, -0.375576
-0.585714, -0.237442
-0.587406, -0.101337
-0.587750, 0.031960
-0.586779, 0.161544
-0.584535, 0.286383
-0.581071, 0.405311
-0.576453, 0.517050
-0.570759, 0.620229
-0.564082, 0.713437
-0.556528, 0.795289
-0.548218, 0.864508
-0.539284, 0.920025
-0.529866, 0.961074
-0.520112, 0.987271
-0.510170, 0.998669
-0.500186, 0.995768
-0.490299, 0.979480
-0.480637, 0.951061
-0.471313, 0.912007
-0.462427, 0.863953
-0.454059, 0.808564
-0.446275, 0.747452
-0.439124, 0.682109
-0.432642, 0.613866
-0.426852, 0.543873
-0.421767, 0.473096
-0.417390, 0.402323
-0.413719, 0.332178
-0.410743, 0.263142
-0.408451, 0.195569
-0.406826, 0.129708
-0.405850, 0.065717
-0.405505, 0.003683
-0.405770, -0.056370
-0.406626, -0.114466
-0.408053, -0.170669
-0.410033, -0.225077
-0.412549, -0.277812
-0.415585, -0.329016
-0.419125, -0.378848
-0.423157, -0.427479
-0.427671, -0.475088
-0.432656, -0.521862
-0.438106, -0.567989
-0.444015, -0.613659
-0.450378, -0.659060
-0.457196, -0.704376
-0.464466, -0.749781
-0.472192, -0.795440
-0.480376, -0.841500
-0.489024, -0.888091
-0.498140, -0.935314
-0.507732, -0.983238
-0.517807, -1.031889
-0.528373, -1.081244
-0.539434, -1.131216
-0.550998, -1.181646
-0.563068, -1.232282
-0.575644, -1.282773
-0.588721, -1.332647
-0.602293, -1.381305
-0.616341, -1.428008
-0.630843, -1.471877
-0.645766, -1.511900
-0.661065, -1.546952
-0.676684, -1.575828
-0.692557, -1.597298
-0.708602, -1.610167
-0.724728, -1.613347
-0.740833, -1.605937
-0.756809, -1.587276
-0.772540, -1.556998
-0.787910, -1.515044
-0.802803, -1.461655
-0.817106, -1.397336
-0.830715, -1.322804
-0.843531, -1.238923
-0.855466, -1.146641
-0.866439, -1.046931
-0.876383, -0.940747
-0.885236, -0.828990
-0.892947, -0.712487
-0.899472, -0.591978
-0.904775, -0.468117
-0.908825, -0.341471
-0.911597, -0.212530
-0.913070, -0.081717
-0.913226, 0.050611
-0.912053, 0.184143
-0.909540, 0.318615
-0.905679, 0.453796
-0.900463, 0.589486
-0.893888, 0.725511
-0.885952, 0.861716
-0.876653, 0.997965
-0.865993, 1.134140
-0.853971, 1.270135
-0.840591, 1.405860
-0.825855, 1.541242
-0.809767, 1.676220
-0.792332, 1.810751
-0.773554, 1.944808
-0.753438, 2.078385
-0.731988, 2.211491
-0.709209, 2.344158
-0.685106, 2.476435
-0.659682, 2.608393
-0.632939, 2.740119
-0.604880, 2.871715
-0.575505, 3.003294
-0.544814, 3.134970
-0.512805, 3.266850
-0.479476, 3.399013
-0.444823, 3.531499
-0.408845, 3.664268
-0.371537, 3.797172
-0.332902, 3.929903
-0.292942, 4.061936
-0.251668, 4.192454
-0.209102, 4.320277
-0.165277, 4.443785
-0.120247, 4.560864
-0.074090, 4.668890
-0.026910, 4.764791
0.021155, 4.845216
0.069932, 4.906816
0.119218, 4.946631
0.168784, 4.962509
0.218385, 4.953457
0.267771, 4.919818
0.316705, 4.863223
0.364968, 4.786320
0.412374, 4.692386
0.458771, 4.584905
0.504038, 4.467231
0.548091, 4.342349
0.590870, 4.212759
0.632337, 4.080451
0.672475, 3.946941
0.711276, 3.813333
0.748744, 3.680394
0.784888, 3.548633
0.819721, 3.418358
0.853260, 3.289735
0.885522, 3.162826
0.916523, 3.037624
0.946280, 2.914080
0.974810, 2.792115
1.002127, 2.671637
1.028247, 2.552552
1.053182, 2.434764
1.076946, 2.318184
1.099550, 2.202734
1.121004, 2.088340
1.141320, 1.974942
1.160506, 1.862489
1.178573, 1.750939
1.195528, 1.640258
1.211381, 1.530420
1.226139, 1.421406
1.239812, 1.313202
1.252406, 1.205798
1.263930, 1.099189
1.274392, 0.993370
1.283800, 0.888340
1.292162, 0.784098
1.299485, 0.680641
1.305777, 0.577969
1.311047, 0.476077
1.315301, 0.374962
1.318549, 0.274616
1.320796, 0.175032
1.322052, 0.076198
1.322323, -0.021899
1.321616, -0.119274
1.319940, -0.215943
1.317300, -0.311927
1.313703, -0.407246
1.309157, -0.501919
1.303667, -0.595969
1.297239, -0.689417
1.289880, -0.782280
1.281596, -0.874575
1.272391, -0.966315
1.262271, -1.057507
1.251243, -1.148149
1.239310, -1.238231
1.226480, -1.327733
1.212758, -1.416616
1.198150, -1.504827
1.182663, -1.592292
1.166307, -1.678909
1.149089, -1.764550
1.131020, -1.849054
1.112112, -1.932221
1.092380, -2.013811
1.071842, -2.093539
1.050517, -2.171072
1.028429, -2.246031
1.005606, -2.317989
0.982081, -2.386476
0.957890, -2.450990
0.933076, -2.511002
0.907687, -2.565979
0.881775, -2.615395
0.855399, -2.658760
0.828621, -2.695641
0.801509, -2.725681
0.774132, -2.748623
0.746561, -2.764321
0.718869, -2.772748
0.691130, -2.773993
0.663413, -2.768255
0.635787, -2.755825
0.608317, -2.737065
0.581065, -2.712387
0.554088, -2.682229
0.527438, -2.647033
0.501163, -2.607228
0.475307, -2.563215
0.449911, -2.515359
0.425012, -2.463983
0.400642, -2.409365
0.376834, -2.351741
0.353617, -2.291304
0.331017, -2.228215
0.309061, -2.162602
0.287773, -2.094573
0.267177, -2.024217
0.247296, -1.951612
0.228152, -1.876836
0.209767, -1.799967
0.192160, -1.721096
0.175351, -1.640328
0.159359, -1.557792
0.144200, -1.473650
0.129891, -1.388097
0.116442, -1.301375
0.103866, -1.213776
0.092169, -1.125651
0.081353, -1.037416
0.071419, -0.949562
0.062359, -0.862655
0.054161, -0.777345
0.046804, -0.694365
0.040263, -0.614529
0.034500, -0.538728
0.029472, -0.467909
0.025122, -0.403063
0.021387, -0.345191
0.018192, -0.295271
0.015452, -0.254216
0.013075, -0.222828
0.010961, -0.201756
0.009004, -0.191456
0.007095, -0.192160
0.005124, -0.203865
0.002982, -0.226331
0.000563, -0.259095
-0.002232, -0.301504
-0.005496, -0.352753
-0.009313, -0.411929
-0.013758, -0.478053
-0.018894, -0.550126
-0.024777, -0.627162
-0.031451, -0.708214
-0.038952, -0.792398
-0.047307, -0.878901
-0.056535, -0.966995
-0.066650, -1.056032
-0.077657, -1.145446
-0.089558, -1.234749
-0.102350, -1.323526
-0.116026, -1.411425
-0.130575, -1.498152
-0.145984, -1.583466
-0.162239, -1.667168
-0.179322, -1.749096
-0.197214, -1.829118
-0.215897, -1.907123
-0.235350, -1.983018
-0.255550, -2.056719
-0.276476, -2.128145
-0.298105, -2.197209
-0.320412, -2.263817
-0.343373, -2.327852
-0.366960, -2.389177
-0.391147, -2.447621
-0.415903, -2.502978
-0.441195, -2.555001
-0.466991, -2.603398
-0.493250, -2.647832
-0.519933, -2.687925
-0.546993, -2.723262
-0.574381, -2.753404
-0.602042, -2.777900
-0.629918, -2.796309
-0.657947, -2.808219
-0.686060, -2.813275
-0.714188, -2.811198
-0.742259, -2.801808
-0.770200, -2.785039
-0.797936, -2.760946
-0.825395, -2.729704
-0.852507, -2.691600
-0.879205, -2.647019
-0.905427, -2.596422
-0.931115, -2.540320
-0.956217, -2.479257
-0.980686, -2.413781
-1.004480, -2.344428
-1.027563, -2.271709
-1.049904, -2.196093
-1.071477, -2.118009
-1.092258, -2.037835
-1.112228, -1.955898
-1.131371, -1.872481
-1.149673, -1.787818
-1.167124, -1.702104
-1.183712, -1.615496
-1.199431, -1.528118
-1.214272, -1.440066
-1.228230, -1.351409
-1.241299, -1.262200
-1.253472, -1.172470
-1.264746, -1.082237
-1.275116, -0.991509
-1.284575, -0.900284
-1.293120, -0.808551
-1.300744, -0.716297
-1.307444, -0.623501
-1.313212, -0.530141
-1.318045, -0.436196
-1.321934, -0.341641
-1.324875, -0.246453
-1.326861, -0.150608
-1.327885, -0.054084
-1.327940, 0.043137
-1.327020, 0.141075
-1.325117, 0.239745
-1.322223, 0.339161
-1.318331, 0.439333
-1.313433, 0.540272
-1.307523, 0.641984
-1.300591, 0.744476
-1.292631, 0.847751
-1.283633, 0.951814
-1.273592, 1.056666
-1.262497, 1.162313
-1.250343, 1.268758
-1.237120, 1.376010
-1.222820, 1.484076
-1.207435, 1.592972
-1.190958, 1.702716
-1.173378, 1.813332
-1.154688, 1.924851
-1.134878, 2.037314
-1.113938, 2.150767
-1.091859, 2.265269
-1.068629, 2.380887
-1.044237, 2.497695
-1.018671, 2.615780
-0.991917, 2.735231
-0.963962, 2.856142
-0.934789, 2.978604
-0.904384, 3.102698
-0.872730, 3.228484
-0.839809, 3.355981
-0.805604, 3.485155
-0.770100, 3.615878
-0.733282, 3.747900
-0.695139, 3.880796
-0.655666, 4.013906
-0.614864, 4.146269
-0.572747, 4.276548
-0.529346, 4.402960
-0.484709, 4.523228
-0.438911, 4.634583
-0.392057, 4.733837
-0.344286, 4.817569
-0.295769, 4.882418
-0.246710, 4.925477
-0.197339, 4.944692
-0.147899, 4.939187
-0.098636, 4.909410
-0.049786, 4.857039
-0.001562, 4.784707
0.045852, 4.695599
0.092305, 4.593056
0.137679, 4.480247
0.181885, 4.359958
0.224861, 4.234493
0.266564, 4.105656
0.306967, 3.974792
0.346056, 3.842854
0.383823, 3.710479
0.420266, 3.578060
0.455385, 3.445807
0.489183, 3.313802
0.521662, 3.182039
0.552824, 3.050456
0.582671, 2.918956
0.611203, 2.787432
0.638419, 2.655770
0.664318, 2.523867
0.688895, 2.391630
0.712149, 2.258984
0.734073, 2.125873
0.754665, 1.992260
0.773917, 1.858127
0.791825, 1.723477
0.808385, 1.588332
0.823590, 1.452731
0.837438, 1.316729
0.849924, 1.180399
0.861045, 1.043829
0.870800, 0.907122
0.879188, 0.770396
0.886208, 0.633789
0.891864, 0.497456
0.896159, 0.361572
0.899098, 0.226339
0.900689, 0.091991
0.900942, -0.041205
0.899870, -0.172936
0.897489, -0.302838
0.893820, -0.430486
0.888888, -0.555385
0.882724, -0.676958
0.875363, -0.794546
0.866849, -0.907397
0.857233, -1.014674
0.846577, -1.115460
0.834949, -1.208786
0.822429, -1.293658
0.809107, -1.369108
0.795081, -1.434250
0.780459, -1.488345
0.765353, -1.530869
0.749881, -1.561566
0.734161, -1.580484
0.718309, -1.587989
0.702437, -1.584744
0.686647, -1.571663
0.671033, -1.549850
0.655675, -1.520520
0.640643, -1.484928
0.625994, -1.444300
0.611770, -1.399786
0.598007, -1.352418
0.584729, -1.303094
0.571950, -1.252568
0.559679, -1.201454
0.547921, -1.150234
0.536674, -1.099269
0.525934, -1.048817
0.515695, -0.999044
0.505950, -0.950042
0.496692, -0.901837
0.487911, -0.854407
0.479601, -0.807683
0.471755, -0.761566
0.464368, -0.715929
0.457436, -0.670625
0.450955, -0.625489
0.444926, -0.580346
0.439349, -0.535013
0.434227, -0.489301
0.429565, -0.443019
0.425369, -0.395976
0.421648, -0.347985
0.418413, -0.298863
0.415675, -0.248437
0.413449, -0.196543
0.411750, -0.143033
0.410594, -0.087780
0.410000, -0.030680
0.409987, 0.028342
0.410574, 0.089319
0.411780, 0.152239
0.413625, 0.217033
0.416126, 0.283559
0.419301, 0.351590
0.423162, 0.420797
0.427719, 0.490727
0.432977, 0.560790
0.438933, 0.630232
0.445577, 0.698127
0.452887, 0.763365
0.460831, 0.824652
0.469362, 0.880529
0.478418, 0.929408
0.487921, 0.969633
0.497776, 0.999564
0.507873, 1.017675
0.518086, 1.022662
0.528279, 1.013548
0.538308, 0.989755
0.548025, 0.951147
0.557283, 0.898027
0.565939, 0.831091
0.573862, 0.751355
0.580928, 0.660054
0.587029, 0.558552
0.592070, 0.448252
0.595969, 0.330525
0.598660, 0.206661
0.600086, 0.077837
0.600203, -0.054895
0.598978, -0.190616
0.596384, -0.328529
0.592402, -0.467955
0.587022, -0.608317
0.580235, -0.749126
0.572039, -0.889973
0.562436, -1.030516
0.551431, -1.170470
0.539029, -1.309601
0.525242, -1.447718
0.510079, -1.584670
0.493553, -1.720341
0.475677, -1.854646
0.456465, -1.987529
0.435931, -2.118962
0.414090, -2.248939
0.390957, -2.377478
0.366545, -2.504612
0.340869, -2.630390
0.313942, -2.754866
0.285776, -2.878095
0.256384, -3.000118
0.225778, -3.120956
0.193969, -3.240583
0.160970, -3.358912
0.126796, -3.475765
0.091461, -3.590842
0.054986, -3.703679
0.017397, -3.813617
-0.021274, -3.919750
-0.060981, -4.020901
-0.101670, -4.115593
-0.143266, -4.202062
-0.185677, -4.278305
-0.228791, -4.342174
-0.272472, -4.391540
-0.316567, -4.424491
-0.360902, -4.439551
-0.405295, -4.435881
-0.449557, -4.413398
-0.493503, -4.372806
-0.536957, -4.315503
-0.579763, -4.243414
-0.621784, -4.158774
-0.662905, -4.063916
-0.703036, -3.961088
-0.742107, -3.852336
-0.780069, -3.739430
-0.816887, -3.623839
-0.852540, -3.506742
-0.887020, -3.389057
-0.920322, -3.271471
-0.952451, -3.154489
-0.983415, -3.038462
-1.013224, -2.923628
-1.041892, -2.810132
-1.069432, -2.698053
-1.095858, -2.587423
-1.121185, -2.478237
-1.145427, -2.370467
-1.168599, -2.264068
-1.190713, -2.158985
-1.211783, -2.055157
-1.231820, -1.952521
-1.250837, -1.851013
-1.268844, -1.750570
-1.285852, -1.651130
-1.301870, -1.552634
-1.316907, -1.455026
-1.330973, -1.358251
-1.344075, -1.262258
-1.356221, -1.166998
-1.367417, -1.072422
-1.377671, -0.978485
-1.386989, -0.885143
-1.395376, -0.792353
-1.402838, -0.700071
-1.409379, -0.608256
-1.415004, -0.516867
-1.419717, -0.425861
-1.423522, -0.335199
-1.426422, -0.244836
-1.428420, -0.154733
-1.429518, -0.064846
-1.429717, 0.024869
-1.429021, 0.114454
-1.427429, 0.203954
-1.424942, 0.293415
-1.421560, 0.382882
-1.417284, 0.472403
-1.412112, 0.562025
-1.406043, 0.651798
-1.399075, 0.741770
-1.391207, 0.831993
-1.382434, 0.922519
-1.372755, 1.013400
-1.362165, 1.104690
-1.350660, 1.196444
-1.338235, 1.288717
-1.324884, 1.381566
-1.310601, 1.475045
-1.295380, 1.569213
-1.279214, 1.664124
-1.262095, 1.759832
-1.244015, 1.856388
-1.224965, 1.953841
-1.204935, 2.052229
-1.183917, 2.151586
-1.161900, 2.251929
-1.138875, 2.353261
-1.114832, 2.455560
-1.089761, 2.558774
-1.063653, 2.662810
-1.036502, 2.767524
-1.008301, 2.872705
-0.979047, 2.978062
-0.948741, 3.083201
-0.917386, 3.187608
-0.884993, 3.290623
-0.851581, 3.391428
-0.817175, 3.489025
-0.781815, 3.582235
-0.745550, 3.669706
-0.708445, 3.749945
-0.670580, 3.821373
-0.632052, 3.882411
-0.592972, 3.931583
-0.553464, 3.967638
-0.513666, 3.989661
-0.473719, 3.997163
-0.433771, 3.990125
-0.393964, 3.968992
-0.354435, 3.934608
-0.315312, 3.888124
-0.276709, 3.830877
-0.238726, 3.764273
-0.201450, 3.689690
-0.164954, 3.608400
-0.129300, 3.521527
-0.094539, 3.430022
-0.060713, 3.334658
-0.027857, 3.236045
0.003999, 3.134646
0.034828, 3.030799
0.064607, 2.924742
0.093316, 2.816632
0.120934, 2.706568
0.147441, 2.594604
0.172819, 2.480771
0.197050, 2.365080
0.220115, 2.247542
0.241995, 2.128170
0.262672, 2.006989
0.282129, 1.884043
0.300347, 1.759396
0.317311, 1.633146
0.333005, 1.505421
0.347415, 1.376392
0.360530, 1.246272
0.372338, 1.115329
0.382835, 0.983890
0.392016, 0.852351
0.399883, 0.721186
0.406442, 0.590955
0.411707, 0.462322
0.415697, 0.336055
0.418439, 0.213043
0.419972, 0.094295
0.420343, -0.019065
0.419613, -0.125804
0.417853, -0.224610
0.415151, -0.314135
0.411606, -0.393047
0.407330, -0.460107
0.402447, -0.514251
0.397091, -0.554672
0.391401, -0.580892
0.385521, -0.592816
0.379591, -0.590749
0.373750, -0.575378
0.368125, -0.547723
0.362832, -0.509059
0.357975, -0.460831
0.353642, -0.404557
0.349906, -0.341753
0.346824, -0.273862
0.344441, -0.202214
0.342789, -0.127992
0.341887, -0.052221
0.341746, 0.024229
0.342371, 0.100644
0.343757, 0.176447
0.345896, 0.251183
0.348776, 0.324508
0.352381, 0.396173
0.356694, 0.466003
0.361695, 0.533895
0.367365, 0.599800
0.373684, 0.663713
0.380633, 0.725670
0.388191, 0.785737
0.396341, 0.844002
0.405066, 0.900577
0.414348, 0.955586
0.424173, 1.009164
0.434527, 1.061452
0.445398, 1.112596
0.456775, 1.162737
0.468650, 1.212013
0.481013, 1.260552
0.493859, 1.308467
0.507181, 1.355850
0.520974, 1.402767
0.535234, 1.449252
0.549958, 1.495295
0.565139, 1.540839
0.580772, 1.585766
0.596851, 1.629890
0.613367, 1.672945
0.630306, 1.714580
0.647652, 1.754347
0.665384, 1.791702
0.683476, 1.826004
0.701892, 1.856526
0.720591, 1.882466
0.739523, 1.902978
0.758630, 1.917205
0.777844, 1.924322
0.797090, 1.923580
0.816287, 1.914354
0.835347, 1.896184
0.854180, 1.868801
0.872692, 1.832140
0.890792, 1.786339
0.908390, 1.731717
0.925399, 1.668746
0.941739, 1.598009
0.957335, 1.520161
0.972120, 1.435891
0.986034, 1.345886
0.999021, 1.250811
1.011035, 1.151284
1.022034, 1.047870
1.031981, 0.941072
1.040846, 0.831334
1.048599, 0.719041
1.055219, 0.604524
1.060683, 0.488067
1.064975, 0.369913
1.068077, 0.250268
1.069976, 0.129311
1.070659, 0.007195
1.070116, -0.115943
1.068337, -0.239984
1.065314, -0.364821
1.061038, -0.490356
1.055505, -0.616498
1.048707, -0.743162
1.040640, -0.870271
1.031300, -0.997751
1.020684, -1.125534
1.008789, -1.253558
0.995612, -1.381769
0.981153, -1.510117
0.965409, -1.638566
0.948381, -1.767088
0.930068, -1.895667
0.910468, -2.024303
0.889581, -2.153011
0.867407, -2.281821
0.843944, -2.410783
0.819191, -2.539966
0.793144, -2.669457
0.765800, -2.799360
0.737155, -2.929795
0.707202, -3.060892
0.675934, -3.192786
0.643343, -3.325605
0.609419, -3.459453
0.574151, -3.594392
0.537527, -3.730412
0.499539, -3.867388
0.460177, -4.005032
0.419438, -4.142824
0.377323, -4.279934
0.333846, -4.415132
0.289033, -4.546693
0.242931, -4.672324
0.195615, -4.789129
0.147190, -4.893666
0.097796, -4.982121
0.047614, -5.050635
-0.003139, -5.095762
-0.054215, -5.114977
-0.105348, -5.107109
-0.156268, -5.072559
-0.206716, -5.013228
-0.256460, -4.932183
-0.305300, -4.833165
-0.353076, -4.720099
-0.399667, -4.596685
-0.444986, -4.466156
-0.488976, -4.331152
-0.531601, -4.193725
-0.572847, -4.055388
-0.612710, -3.917202
-0.651194, -3.779873
-0.688312, -3.643833
-0.724076, -3.509314
-0.758503, -3.376407
-0.791609, -3.245109
-0.823411, -3.115355
-0.853921, -2.987043
-0.883156, -2.860055
-0.911126, -2.734266
-0.937845, -2.609555
-0.963321, -2.485811
-0.987564, -2.362934
-1.010582, -2.240839
-1.032383, -2.119457
-1.052973, -1.998733
-1.072360, -1.878625
-1.090548, -1.759107
-1.107544, -1.640163
-1.123353, -1.521787
-1.137981, -1.403983
-1.151435, -1.286762
-1.163719, -1.170140
-1.174839, -1.054140
-1.184804, -0.938787
-1.193617, -0.824106
-1.201288, -0.710128
-1.207822, -0.596880
-1.213228, -0.484391
-1.217513, -0.372690
-1.220685, -0.261804
-1.222752, -0.151760
-1.223723, -0.042583
-1.223606, 0.065700
-1.222412, 0.173063
-1.220148, 0.279480
-1.216825, 0.384919
-1.212453, 0.489347
-1.207042, 0.592723
-1.200603, 0.694999
-1.193146, 0.796116
-1.184684, 0.896003
-1.175230, 0.994570
-1.164798, 1.091710
-1.153401, 1.187288
-1.141058, 1.281144
-1.127785, 1.373086
-1.113603, 1.462885
-1.098535, 1.550273
-1.082607, 1.634942
-1.065846, 1.716540
-1.048287, 1.794676
-1.029966, 1.868920
-1.010923, 1.938815
-0.991206, 2.003884
-0.970863, 2.063646
-0.949952, 2.117638
-0.928531, 2.165430
-0.906665, 2.206654
-0.884421, 2.241022
-0.861868, 2.268347
-0.839078, 2.288555
-0.816121, 2.301693
-0.793067, 2.307925
-0.769985, 2.307525
-0.746938, 2.300855
-0.723987, 2.288350
-0.701188, 2.270486
-0.678593, 2.247760
-0.656248, 2.220666
-0.634193, 2.189675
-0.612466, 2.155224
-0.591099, 2.117699
-0.570121, 2.077435
-0.549558, 2.034712
-0.529434, 1.989756
-0.509770, 1.942743
-0.490586, 1.893799
-0.471900, 1.843013
-0.453731, 1.790438
-0.436097, 1.736099
-0.419015, 1.680000
-0.402503, 1.622127
-0.386579, 1.562460
-0.371260, 1.500971
-0.356566, 1.437638
-0.342514, 1.372445
-0.329123, 1.305390
-0.316412, 1.236489
-0.304399, 1.165786
-0.293102, 1.093356
-0.282537, 1.019313
-0.272721, 0.943818
-0.263665, 0.867088
-0.255382, 0.789404
-0.247879, 0.711119
-0.241160, 0.632670
-0.235224, 0.554583
-0.230065, 0.477486
-0.225669, 0.402107
-0.222015, 0.329286
-0.219072, 0.259959
-0.216800, 0.195160
-0.215150, 0.135992
-0.214058, 0.083602
-0.213451, 0.039139
-0.213245, 0.003707
-0.213344, -0.021690
-0.213642, -0.036208
-0.214029, -0.039210
-0.214387, -0.030314
-0.214596, -0.009407
-0.214536, 0.023338
-0.214091, 0.067488
-0.213150, 0.122380
-0.211610, 0.187165
-0.209377, 0.260864
-0.206367, 0.342420
-0.202506, 0.430748
-0.197733, 0.524775
-0.191995, 0.623473
-0.185251, 0.725881
-0.177468, 0.831120
-0.168622, 0.938397
-0.158695, 1.047010
-0.147679, 1.156346
-0.135568, 1.265873
-0.122363, 1.375133
-0.108067, 1.483741
-0.092691, 1.591369
-0.076244, 1.697745
-0.058741, 1.802643
-0.040197, 1.905877
-0.020630, 2.007292
-0.000058, 2.106758
0.021499, 2.204164
0.044018, 2.299408
0.067479, 2.392393
0.091858, 2.483016
0.117131, 2.571158
0.143273, 2.656678
0.170256, 2.739400
0.198051, 2.819104
0.226627, 2.895516
0.255949, 2.968299
0.285979, 3.037044
0.316675, 3.101265
0.347988, 3.160403
0.379864, 3.213829
0.412243, 3.260860
0.445057, 3.300779
0.478232, 3.332874
0.511687, 3.356473
0.545332, 3.370989
0.579074, 3.375968
0.612818, 3.371128
0.646464, 3.356389
0.679913, 3.331883
0.713070, 3.297956
0.745843, 3.255139
0.778146, 3.204121
0.809901, 3.145698
0.841038, 3.080732
0.871496, 3.010103
0.901224, 2.934676
0.930177, 2.855265
0.958318, 2.772617
0.985620, 2.687400
1.012060, 2.600195
1.037619, 2.511499
1.062286, 2.421728
1.086051, 2.331225
1.108909, 2.240265
1.130856, 2.149067
1.151890, 2.057798
1.172012, 1.966585
1.191222, 1.875518
1.209523, 1.784657
1.226916, 1.694042
1.243405, 1.603688
1.258991, 1.513597
1.273678, 1.423759
1.287467, 1.334153
1.300361, 1.244751
1.312363, 1.155516
1.323472, 1.066412
1.333691, 0.977394
1.343020, 0.888418
1.351459, 0.799439
1.359009, 0.710408
1.365667, 0.621280
1.371434, 0.532007
1.376307, 0.442543
1.380284, 0.352842
1.383363, 0.262861
1.385540, 0.172556
1.386813, 0.081887
1.387176, -0.009187
1.386627, -0.100702
1.385161, -0.192696
1.382772, -0.285203
1.379455, -0.378255
1.375205, -0.471883
1.370015, -0.566118
1.363880, -0.660987
1.356793, -0.756518
1.348748, -0.852738
1.339736, -0.949672
1.329752, -1.047348
1.318787, -1.145793
1.306833, -1.245032
1.293883, -1.345097
1.279928, -1.446018
1.264960, -1.547828
1.248969, -1.650566
1.231945, -1.754270
1.213880, -1.858988
1.194762, -1.964767
1.174581, -2.071663
1.153325, -2.179733
1.130982, -2.289042
1.107540, -2.399655
1.082984, -2.511640
1.057302, -2.625063
1.030478, -2.739984
1.002497, -2.856450
0.973344, -2.974490
0.943002, -3.094100
0.911457, -3.215227
0.878693, -3.337751
0.844698, -3.461456
0.809461, -3.586000
0.772977, -3.710869
0.735245, -3.835335
0.696275, -3.958401
0.656086, -4.078750
0.614714, -4.194705
0.572213, -4.304210
0.528660, -4.404855
0.484155, -4.493963
0.438828, -4.568747
0.392837, -4.626551
0.346361, -4.665134
0.299603, -4.682949
0.252774, -4.679364
0.206086, -4.654741
0.159745, -4.610374
0.113938, -4.548288
0.068830, -4.470959
0.024561, -4.381025
-0.018757, -4.281044
-0.061034, -4.173322
-0.102204, -4.059817
-0.142217, -3.942112
-0.181037, -3.821428
-0.218638, -3.698664
-0.255005, -3.574453
-0.290124, -3.449212
-0.323987, -3.323194
-0.356586, -3.196531
-0.387915, -3.069267
-0.417969, -2.941388
-0.446741, -2.812848
-0.474224, -2.683577
-0.500410, -2.553503
-0.525291, -2.422556
-0.548858, -2.290677
-0.571101, -2.157820
-0.592011, -2.023960
-0.611577, -1.889088
-0.629789, -1.753220
-0.646638, -1.616394
-0.662114, -1.478669
-0.676209, -1.340130
-0.688914, -1.200886
-0.700225, -1.061072
-0.710134, -0.920852
-0.718641, -0.780422
-0.725743, -0.640012
-0.731442, -0.499894
-0.735743, -0.360386
-0.738653, -0.221865
-0.740185, -0.084769
-0.740355, 0.050386
-0.739186, 0.182999
-0.736706, 0.312371
-0.732952, 0.437699
-0.727968, 0.558070
-0.721810, 0.672464
-0.714543, 0.779770
-0.706242, 0.878805
-0.696998, 0.968366
-0.686911, 1.047280
-0.676092, 1.114484
-0.664663, 1.169100
-0.652754, 1.210521
-0.640497, 1.238475
-0.628029, 1.253065
-0.615479, 1.254780
-0.602973, 1.244458
-0.590626, 1.223234
-0.578541, 1.192447
-0.566804, 1.153552
-0.555492, 1.108032
-0.544661, 1.057316
-0.534358, 1.002731
-0.524615, 0.945458
-0.515455, 0.886516
-0.506888, 0.826759
-0.498920, 0.766877
-0.491549, 0.707415
-0.484769, 0.648783
-0.478569, 0.591279
-0.472939, 0.535102
-0.467863, 0.480369
-0.463326, 0.427130
-0.459315, 0.375380
-0.455814, 0.325067
-0.452809, 0.276106
-0.450288, 0.228380
-0.448238, 0.181751
-0.446650, 0.136062
-0.445514, 0.091145
-0.444825, 0.046817
-0.444576, 0.002894
-0.444766, -0.040819
-0.445393, -0.084514
-0.446457, -0.128385
-0.447962, -0.172623
-0.449911, -0.217414
-0.452312, -0.262936
-0.455173, -0.309356
-0.458503, -0.356826
-0.462313, -0.405480
-0.466617, -0.455426
-0.471427, -0.506744
-0.476756, -0.559471
-0.482621, -0.613601
-0.489033, -0.669067
-0.496006, -0.725731
-0.503551, -0.783368
-0.511676, -0.841654
-0.520385, -0.900144
-0.529677, -0.958257
-0.539546, -1.015264
-0.549976, -1.070272
-0.560941, -1.122226
-0.572406, -1.169918
-0.584321, -1.212007
-0.596623, -1.247068
-0.609234, -1.273649
-0.622063, -1.290353
-0.635004, -1.295927
-0.647941, -1.289351
-0.660748, -1.269911
-0.673295, -1.237252
-0.685449, -1.191396
-0.697080, -1.132721
-0.708063, -1.061910
-0.718281, -0.979886
-0.727627, -0.887729
-0.736006, -0.786597
-0.743333, -0.677663
-0.749537, -0.562059
-0.754555, -0.440845
-0.758338, -0.314983
-0.760842, -0.185328
-0.762034, -0.052633
-0.761887, 0.082452
-0.760379, 0.219366
-0.757495, 0.357630
-0.753224, 0.496833
-0.747557, 0.636627
-0.740490, 0.776713
-0.732022, 0.916836
-0.722154, 1.056778
-0.710888, 1.196355
-0.698229, 1.335412
-0.684182, 1.473819
-0.668755, 1.611473
-0.651955, 1.748292
-0.633792, 1.884218
-0.614274, 2.019217
-0.593411, 2.153273
-0.571212, 2.286396
-0.547686, 2.418612
-0.522842, 2.549967
-0.496689, 2.680523
-0.469234, 2.810352
-0.440484, 2.939532
-0.410445, 3.068135
-0.379123, 3.196217
-0.346523, 3.323804
-0.312649, 3.450863
-0.277508, 3.577282
-0.241106, 3.702828
-0.203455, 3.827111
-0.164570, 3.949527
-0.124474, 4.069203
-0.083199, 4.184948
-0.040793, 4.295198
0.002680, 4.398001
0.047134, 4.491033
0.092459, 4.571689
0.138518, 4.637245
0.185145, 4.685104
0.232154, 4.713091
0.279336, 4.719758
0.326476, 4.704598
0.373357, 4.668141
0.419772, 4.611880
0.465536, 4.538059
0.510484, 4.449380
0.554483, 4.348707
0.597427, 4.238809
0.639237, 4.122184
0.679856, 4.000970
0.719247, 3.876910
0.757389, 3.751373
0.794273, 3.625392
0.829898, 3.499724
0.864270, 3.374896
0.897400, 3.251261
0.929300, 3.129039
0.959986, 3.008353
0.989473, 2.889252
1.017776, 2.771739
1.044913, 2.655784
1.070897, 2.541336
1.095744, 2.428331
1.119468, 2.316702
1.142083, 2.206380
1.163600, 2.097297
1.184032, 1.989389
1.203391, 1.882597
1.221688, 1.776869
1.238932, 1.672154
1.255134, 1.568410
1.270304, 1.465597
1.284449, 1.363682
1.297580, 1.262631
1.309705, 1.162417
1.320831, 1.063014
1.330967, 0.964395
1.340122, 0.866539
1.348301, 0.769420
1.355512, 0.673016
1.361763, 0.577304
1.367061, 0.482257
1.371411, 0.387852
1.374820, 0.294060
1.377294, 0.200853
1.378839, 0.108200
1.379460, 0.016071
1.379162, -0.075570
1.377950, -0.166758
1.375828, -0.257531
1.372800, -0.347929
1.368870, -0.437991
1.364041, -0.527761
1.358316, -0.617282
1.351696, -0.706598
1.344185, -0.795755
1.335782, -0.884796
1.326489, -0.973766
1.316307, -1.062709
1.305235, -1.151665
1.293273, -1.240672
1.280421, -1.329766
1.266677, -1.418974
1.252041, -1.508317
1.236511, -1.597809
1.220084, -1.687450
1.202761, -1.777226
1.184539, -1.867106
1.165419, -1.957038
1.145399, -2.046940
1.124480, -2.136702
1.102666, -2.226174
1.079959, -2.315162
1.056365, -2.403422
1.031894, -2.490649
1.006557, -2.576472
0.980370, -2.660449
0.953355, -2.742063
0.925539, -2.820718
0.896953, -2.895746
0.867638, -2.966411
0.837642, -3.031933
0.807020, -3.091502
0.775835, -3.144318
0.744158, -3.189622
0.712069, -3.226741
0.679653, -3.255123
0.646997, -3.274377
0.614196, -3.284291
0.581343, -3.284848
0.548530, -3.276218
0.515848, -3.258737
0.483383, -3.232882
0.451216, -3.199227
0.419423, -3.158404
0.388070, -3.111067
0.357221, -3.057859
0.326930, -2.999385
0.297249, -2.936196
0.268221, -2.868778
0.239886, -2.797552
0.212281, -2.722870
0.185439, -2.645023
0.159390, -2.564249
0.134163, -2.480743
0.109784, -2.394659
0.086278, -2.306131
0.063669, -2.215269
0.041980, -2.122181
0.021233, -2.026970
0.001448, -1.929748
-0.017356, -1.830643
-0.035160, -1.729804
-0.051947, -1.627409
-0.067703, -1.523674
-0.082417, -1.418856
-0.096078, -1.313265
-0.108681, -1.207266
-0.120223, -1.101294
-0.130708, -0.995851
-0.140144, -0.891522
-0.148545, -0.788973
-0.155932, -0.688959
-0.162335, -0.592318
-0.167792, -0.499970
-0.172352, -0.412904
-0.176072, -0.332155
-0.179020, -0.258780
-0.181275, -0.193818
-0.182927, -0.138247
-0.184074, -0.092932
-0.184823, -0.058575
-0.185284, -0.035671
-0.185575, -0.024470
-0.185813, -0.024956
-0.186112, -0.036849
-0.186586, -0.059617
-0.187338, -0.092515
-0.188467, -0.134627
-0.190058, -0.184921
-0.192189, -0.242299
-0.194924, -0.305651
-0.198318, -0.373889
-0.202415, -0.445985
-0.207248, -0.520991
-0.212841, -0.598050
-0.219213, -0.676408
-0.226372, -0.755407
-0.234321, -0.834490
-0.243060, -0.913186
-0.252582, -0.991111
-0.262879, -1.067951
-0.273937, -1.143459
-0.285743, -1.217445
-0.298280, -1.289767
-0.311532, -1.360324
-0.325481, -1.429049
-0.340107, -1.495903
-0.355392, -1.560867
-0.371318, -1.623936
-0.387865, -1.685114
-0.405014, -1.744408
-0.422747, -1.801823
-0.441044, -1.857354
-0.459888, -1.910980
-0.479257, -1.962661
-0.499134, -2.012327
-0.519497, -2.059876
-0.540324, -2.105164
-0.561592, -2.148006
-0.583275, -2.188166
-0.605345, -2.225356
-0.627771, -2.259240
-0.650518, -2.289433
-0.673546, -2.315509
-0.696813, -2.337013
-0.720270, -2.353477
-0.743864, -2.364436
-0.767539, -2.369456
-0.791232, -2.368151
-0.814880, -2.360209
-0.838413, -2.345413
-0.861765, -2.323652
-0.884863, -2.294929
-0.907640, -2.259359
-0.930028, -2.217166
-0.951963, -2.168661
-0.973382, -2.114227
-0.994229, -2.054299
-1.014451, -1.989340
-1.034000, -1.919821
-1.052834, -1.846205
-1.070912, -1.768934
-1.088202, -1.688418
-1.104671, -1.605031
-1.120294, -1.519106
-1.135046, -1.430933
-1.148906, -1.340763
-1.161855, -1.248809
-1.173877, -1.155250
-1.184955, -1.060234
-1.195077, -0.963882
-1.204229, -0.866291
-1.212399, -0.767540
-1.219576, -0.667691
-1.225749, -0.566793
-1.230908, -0.464887
-1.235044, -0.362004
-1.238145, -0.258168
-1.240204, -0.153403
-1.241210, -0.047727
-1.241155, 0.058841
-1.240030, 0.166285
-1.237827, 0.274585
-1.234536, 0.383723
-1.230150, 0.493678
-1.224660, 0.604430
-1.218058, 0.715956
-1.210338, 0.828233
-1.201491, 0.941236
-1.191511, 1.054942
-1.180390, 1.169330
-1.168122, 1.284377
-1.154701, 1.400068
-1.140119, 1.516389
-1.124371, 1.633332
-1.107450, 1.750897
-1.089351, 1.869092
-1.070066, 1.987935
-1.049590, 2.107454
-1.027915, 2.227691
-1.005033, 2.348701
-0.980938, 2.470553
-0.955619, 2.593331
-0.929068, 2.717131
-0.901273, 2.842064
-0.872222, 2.968245
-0.841903, 3.095795
-0.810302, 3.224830
-0.777401, 3.355446
-0.743187, 3.487705
-0.707642, 3.621609
-0.670750, 3.757067
-0.632496, 3.893850
-0.592870, 4.031537
-0.551865, 4.169440
-0.509484, 4.306524
-0.465742, 4.441313
-0.420672, 4.571812
-0.374328, 4.695438
-0.326796, 4.809035
-0.278193, 4.908965
-0.228675, 4.991358
-0.178437, 5.052485
-0.127707, 5.089249
-0.076740, 5.099662
-0.025804, 5.083197
0.024837, 5.040873
0.074935, 4.975075
0.124272, 4.889134
0.172664, 4.786836
0.219967, 4.671960
0.266072, 4.547949
0.310905, 4.417715
0.354414, 4.283582
0.396569, 4.147310
0.437357, 4.010159
0.476773, 3.872988
0.514819, 3.736338
0.551502, 3.600517
0.586832, 3.465662
0.620819, 3.331794
0.653471, 3.198858
0.684799, 3.066752
0.714809, 2.935352
0.743508, 2.804526
0.770901, 2.674144
0.796992, 2.544087
0.821783, 2.414251
0.845277, 2.284549
0.867474, 2.154914
0.888375, 2.025297
0.907980, 1.895667
0.926289, 1.766013
0.943300, 1.636337
0.959015, 1.506657
0.973434, 1.377004
0.986556, 1.247419
0.998382, 1.117956
1.008915, 0.988673
1.018157, 0.859640
1.026109, 0.730931
1.032777, 0.602628
1.038163, 0.474820
1.042275, 0.347601
1.045118, 0.221075
1.046699, 0.095357
1.047028, -0.029428
1.046114, -0.153136
1.043969, -0.275606
1.040607, -0.396652
1.036042, -0.516058
1.030292, -0.633571
1.023378, -0.748898
1.015322, -0.861693
1.006154, -0.971558
0.995903, -1.078032
0.984606, -1.180589
0.972306, -1.278639
0.959050, -1.371532
0.944895, -1.458572
0.929901, -1.539029
0.914138, -1.612173
0.897684, -1.677304
0.880621, -1.733795
0.863039, -1.781138
0.845030, -1.818983
0.826691, -1.847175
0.808119, -1.865776
0.789407, -1.875067
0.770647, -1.875538
0.751923, -1.867854
0.733314, -1.852817
0.714889, -1.831308
0.696707, -1.804246
0.678819, -1.772534
0.661269, -1.737027
0.644089, -1.698501
0.627306, -1.657638
0.610942, -1.615016
0.595010, -1.571108
0.579523, -1.526289
0.564487, -1.480840
0.549907, -1.434956
0.535788, -1.388765
0.522133, -1.342327
0.508943, -1.295655
0.496221, -1.248714
0.483969, -1.201436
0.472193, -1.153727
0.460897, -1.105467
0.450086, -1.056523
0.439769, -1.006751
0.429954, -0.955997
0.420653, -0.904108
0.411877, -0.850929
0.403639, -0.796310
0.395956, -0.740111
0.388843, -0.682201
0.382318, -0.622467
0.376400, -0.560818
0.371108, -0.497187
0.366463, -0.431541
0.362484, -0.363888
0.359191, -0.294284
0.356604, -0.222843
0.354740, -0.149753
0.353614, -0.075284
0.353238, 0.000193
0.353619, 0.076193
0.354761, 0.152095
0.356659, 0.227135
0.359298, 0.300387
0.362657, 0.370758
0.366699, 0.436996
0.371378, 0.497703
0.376630, 0.551369
0.382377, 0.596431
0.388525, 0.631341
0.394965, 0.654658
0.401575, 0.665146
0.408222, 0.661858
0.414764, 0.644215
0.421058, 0.612045
0.426958, 0.565584
0.432324, 0.505450
0.437024, 0.432575
0.440937, 0.348124
0.443952, 0.253408
0.445975, 0.149800
0.446923, 0.038666
0.446728, -0.078688
0.445333, -0.201052
0.442694, -0.327332
0.438776, -0.456557
0.433556, -0.587880
0.427014, -0.720570
0.419142, -0.854004
0.409933, -0.987654
0.399389, -1.121079
0.387514, -1.253910
0.374314, -1.385845
0.359801, -1.516637
0.343986, -1.646091
0.326884, -1.774053
0.308510, -1.900408
0.288881, -2.025076
0.268015, -2.148000
0.245927, -2.269151
0.222637, -2.388516
0.198163, -2.506093
0.172522, -2.621886
0.145731, -2.735892
0.117810, -2.848097
0.088775, -2.958458
0.058647, -3.066888
0.027445, -3.173240
-0.004810, -3.277287
-0.038092, -3.378692
-0.072374, -3.476991
-0.107620, -3.571560
-0.143790, -3.661601
-0.180833, -3.746121
-0.218690, -3.823938
-0.257285, -3.893699
-0.296532, -3.953926
-0.336327, -4.003103
-0.376552, -4.039774
-0.417077, -4.062680
-0.457757, -4.070887
-0.498444, -4.063899
-0.538984, -4.041722
-0.579229, -4.004880
-0.619036, -3.954358
-0.658275, -3.891507
-0.696830, -3.817917
-0.734603, -3.735282
-0.771512, -3.645283
-0.807490, -3.549502
-0.842487, -3.449359
-0.876466, -3.346084
-0.909402, -3.240707
-0.941276, -3.134068
-0.972081, -3.026834
-1.001813, -2.919522
-1.030473, -2.812522
-1.058065, -2.706118
-1.084598, -2.600511
-1.110079, -2.495838
-1.134518, -2.392180
-1.157926, -2.289582
-1.180313, -2.188056
-1.201690, -2.087593
-1.222068, -1.988169
-1.241457, -1.889746
-1.259867, -1.792280
-1.277306, -1.695718
-1.293784, -1.600008
-1.309309, -1.505093
-1.323888, -1.410916
-1.337529, -1.317420
-1.350239, -1.224547
-1.362022, -1.132241
-1.372885, -1.040448
-1.382832, -0.949111
-1.391869, -0.858179
-1.399997, -0.767598
-1.407222, -0.677317
-1.413544, -0.587285
-1.418968, -0.497454
-1.423494, -0.407775
-1.427124, -0.318200
-1.429858, -0.228682
-1.431697, -0.139176
-1.432642, -0.049635
-1.432690, 0.039985
-1.431841, 0.129728
-1.430095, 0.219637
-1.427448, 0.309757
-1.423899, 0.400131
-1.419444, 0.490800
-1.414082, 0.581808
-1.407807, 0.673198
-1.400616, 0.765012
-1.392505, 0.857295
-1.383469, 0.950089
-1.373502, 1.043440
-1.362598, 1.137394
-1.350751, 1.231998
-1.337956, 1.327301
-1.324203, 1.423354
-1.309486, 1.520209
-1.293796, 1.617922
-1.277124, 1.716549
-1.259462, 1.816149
-1.240798, 1.916786
-1.221122, 2.018520
-1.200424, 2.121416
-1.178690, 2.225535
-1.155909, 2.330937
-1.132067, 2.437675
-1.107151, 2.545793
-1.081146, 2.655318
-1.054040, 2.766254
-1.025817, 2.878569
-0.996464, 2.992189
-0.965969, 3.106971
-0.934321, 3.222690
-0.901513, 3.339008
-0.867541, 3.455448
-0.832406, 3.571353
-0.796118, 3.685853
-0.758697, 3.797831
-0.720175, 3.905889
-0.680598, 4.008346
-0.640033, 4.103253
-0.598565, 4.188453
-0.556304, 4.261696
-0.513379, 4.320798
-0.469941, 4.363842
-0.426160, 4.389382
-0.382215, 4.396618
-0.338289, 4.385491
-0.294564, 4.356680
-0.251210, 4.311496
-0.208383, 4.251712
-0.166218, 4.179351
-0.124831, 4.096487
-0.084317, 4.005092
-0.044751, 3.906925
-0.006196, 3.803474
0.031304, 3.695945
0.067713, 3.585275
0.103002, 3.472158
0.137149, 3.357088
0.170138, 3.240393
0.201953, 3.122276
0.232579, 3.002843
0.262005, 2.882135
0.290218, 2.760145
0.317204, 2.636838
0.342950, 2.512167
0.367442, 2.386081
0.390667, 2.258535
0.412608, 2.129496
0.433252, 1.998947
0.452582, 1.866895
0.470585, 1.733367
0.487245, 1.598420
0.502549, 1.462140
0.516483, 1.324645
0.529038, 1.186089
0.540202, 1.046668
0.549969, 0.906622
0.558334, 0.766244
0.565294, 0.625887
0.570853, 0.485974
0.575017, 0.347008
0.577798, 0.209587
0.579216, 0.074413
0.579297, -0.057692
0.578075, -0.185782
0.575598, -0.308775
0.571921, -0.425466
0.567114, -0.534537
0.561260, -0.634598
0.554457, -0.724232
0.546815, -0.802076
0.538459, -0.866905
0.529524, -0.917736
0.520153, -0.953913
0.510495, -0.975187
0.500698, -0.981752
0.490907, -0.974244
0.481257, -0.953693
0.471872, -0.921441
0.462862, -0.879041
0.454320, -0.828148
0.446322, -0.770419
0.438929, -0.707435
0.432186, -0.640642
0.426124, -0.571319
0.420764, -0.500558
0.416115, -0.429272
0.412178, -0.358196
0.408948, -0.287912
0.406416, -0.218860
0.404566, -0.151362
0.403382, -0.085640
0.402847, -0.021830
0.402939, 0.040000
0.403640, 0.099839
0.404930, 0.157725
0.406788, 0.213729
0.409198, 0.267957
0.412142, 0.320535
0.415604, 0.371611
0.419570, 0.421345
0.424027, 0.469912
0.428965, 0.517491
0.434374, 0.564268
0.440248, 0.610432
0.446581, 0.656172
0.453371, 0.701672
0.460615, 0.747112
0.468313, 0.792663
0.476469, 0.838482
0.485084, 0.884709
0.494165, 0.931461
0.503715, 0.978828
0.513743, 1.026861
0.524255, 1.075568
0.535257, 1.124900
0.546755, 1.174742
0.558753, 1.224899
0.571253, 1.275081
0.584253, 1.324890
0.597748, 1.373807
0.611724, 1.421181
0.626163, 1.466219
0.641038, 1.507996
0.656309, 1.545461
0.671929, 1.577464
0.687836, 1.602800
0.703958, 1.620262
0.720211, 1.628712
0.736499, 1.627149
0.752718, 1.614780
0.768757, 1.591079
0.784501, 1.555814
0.799835, 1.509056
0.814645, 1.451162
0.828823, 1.382723
0.842267, 1.304517
0.854884, 1.217435
0.866589, 1.122429
0.877309, 1.020455
0.886978, 0.912433
0.895540, 0.799224
0.902948, 0.681606
0.909160, 0.560274
0.914143, 0.435837
0.917868, 0.308821
0.920312, 0.179680
0.921456, 0.048803
0.921284, -0.083477
0.919783, -0.216873
0.916944, -0.351140
0.912758, -0.486063
0.907221, -0.621456
0.900328, -0.757153
0.892077, -0.893011
0.882468, -1.028900
0.871499, -1.164708
0.859174, -1.300336
0.845494, -1.435700
0.830461, -1.570730
0.814080, -1.705372
0.796355, -1.839586
0.777290, -1.973351
0.756890, -2.106663
0.735158, -2.239538
0.712100, -2.372011
0.687719, -2.504137
0.662018, -2.635991
0.635000, -2.767664
0.606665, -2.899261
0.577015, -3.030898
0.546047, -3.162689
0.513760, -3.294740
0.480151, -3.427126
0.445216, -3.559876
0.408952, -3.692937
0.371357, -3.826139
0.332430, -3.959139
0.292177, -4.091365
0.250608, -4.221943
0.207747, -4.349613
0.163631, -4.472663
0.118317, -4.588875
0.071886, -4.695518
0.024449, -4.789432
-0.023849, -4.867210
-0.072830, -4.925512
-0.122285, -4.961462
-0.171978, -4.973073
-0.221662, -4.959575
-0.271088, -4.921560
-0.320018, -4.860883
-0.368239, -4.780366
-0.415570, -4.683379
-0.461864, -4.573436
-0.507007, -4.453858
-0.550918, -4.327566
-0.593544, -4.196977
-0.634850, -4.063998
-0.674821, -3.930065
-0.713452, -3.796213
-0.750748, -3.663158
-0.786719, -3.531361
-0.821380, -3.401097
-0.854747, -3.272508
-0.886836, -3.145636
-0.917665, -3.020464
-0.947251, -2.896931
-0.975609, -2.774954
-1.002755, -2.654438
-1.028702, -2.535286
-1.053464, -2.417403
-1.077054, -2.300701
-1.099482, -2.185101
-1.120760, -2.070534
-1.140896, -1.956940
-1.159901, -1.844271
-1.177784, -1.732487
-1.194554, -1.621556
-1.210218, -1.511454
-1.224786, -1.402166
-1.238264, -1.293678
-1.250662, -1.185983
-1.261987, -1.079078
-1.272246, -0.972960
-1.281448, -0.867628
-1.289601, -0.763083
-1.296713, -0.659325
-1.302790, -0.556353
-1.307842, -0.454165
-1.311876, -0.352757
-1.314900, -0.252124
-1.316921, -0.152259
-1.317948, -0.053150
-1.317987, 0.045212
-1.317046, 0.142844
-1.315132, 0.239760
-1.312253, 0.335979
-1.308415, 0.431519
-1.303625, 0.526400
-1.297889, 0.620640
-1.291214, 0.714257
-1.283606, 0.807267
-1.275071, 0.899683
-1.265614, 0.991512
-1.255243, 1.082756
-1.243961, 1.173408
-1.231776, 1.263449
-1.218694, 1.352848
-1.204722, 1.441558
-1.189866, 1.529513
-1.174134, 1.616623
-1.157537, 1.702771
-1.140083, 1.787810
-1.121785, 1.871558
-1.102656, 1.953793
-1.082715, 2.034250
-1.061978, 2.112619
-1.040470, 2.188546
-1.018217, 2.261625
-0.995249, 2.331411
-0.971601, 2.397421
-0.947315, 2.459143
-0.922435, 2.516053
-0.897011, 2.567631
-0.871101, 2.613381
-0.844765, 2.652853
-0.818067, 2.685668
-0.791075, 2.711536
-0.763860, 2.730271
-0.736493, 2.741804
-0.709047, 2.746182
-0.681593, 2.743561
-0.654199, 2.734196
-0.626930, 2.718422
-0.599850, 2.696629
-0.573016, 2.669243
-0.546483, 2.636700
-0.520298, 2.599433
-0.494508, 2.557849
-0.469154, 2.512324
-0.444274, 2.463193
-0.419902, 2.410750
-0.396069, 2.355241
-0.372806, 2.296875
-0.350141, 2.235821
-0.328098, 2.172217
-0.306704, 2.106175
-0.285983, 2.037787
-0.265956, 1.967132
-0.246647, 1.894284
-0.228078, 1.819315
-0.210268, 1.742307
-0.193238, 1.663353
-0.177007, 1.582569
-0.161592, 1.500094
-0.147010, 1.416106
-0.133274, 1.330818
-0.120397, 1.244495
-0.108387, 1.157457
-0.097249, 1.070084
-0.086985, 0.982827
-0.077590, 0.896213
-0.069056, 0.810849
-0.061367, 0.727427
-0.054499, 0.646720
-0.048421, 0.569582
-0.043092, 0.496933
-0.038464, 0.429749
-0.034476, 0.369027
-0.031058, 0.315765
-0.028132, 0.270913
-0.025609, 0.235335
-0.023392, 0.209763
-0.021379, 0.194753
-0.019461, 0.190653
-0.017529, 0.197580
-0.015473, 0.215411
-0.013185, 0.243793
-0.010564, 0.282167
-0.007511, 0.329799
-0.003940, 0.385826
0.000230, 0.449301
0.005068, 0.519231
0.010633, 0.594623
0.016975, 0.674507
0.024135, 0.757970
0.032144, 0.844161
0.041025, 0.932311
0.050794, 1.021731
0.061462, 1.111816
0.073031, 1.202037
0.085501, 1.291942
0.098867, 1.381147
0.113121, 1.469330
0.128250, 1.556221
0.144240, 1.641598
0.161076, 1.725279
0.178740, 1.807115
0.197212, 1.886984
0.216472, 1.964780
0.236500, 2.040413
0.257273, 2.113797
0.278768, 2.184844
0.300962, 2.253462
0.323829, 2.319539
0.347344, 2.382944
0.371479, 2.443518
0.396204, 2.501066
0.421489, 2.555354
0.447299, 2.606105
0.473598, 2.652994
0.500345, 2.695657
0.527496, 2.733686
0.555002, 2.766646
0.582810, 2.794082
0.610864, 2.815543
0.639100, 2.830596
0.667453, 2.838858
0.695853, 2.840014
0.724229, 2.833841
0.752505, 2.820226
0.780609, 2.799180
0.808465, 2.770834
0.836002, 2.735441
0.863151, 2.693356
0.889848, 2.645022
0.916032, 2.590943
0.941650, 2.531663
0.966650, 2.467740
0.990991, 2.399728
1.014633, 2.328155
1.037544, 2.253517
1.059694, 2.176266
1.081062, 2.096804
1.101624, 2.015484
1.121366, 1.932609
1.140272, 1.848435
1.158331, 1.763174
1.175533, 1.676998
1.191869, 1.590046
1.207331, 1.502424
1.221915, 1.414212
1.235614, 1.325469
1.248423, 1.236233
1.260337, 1.146527
1.271352, 1.056363
1.281463, 0.965740
1.290665, 0.874651
1.298954, 0.783081
1.306325, 0.691011
1.312773, 0.598419
1.318292, 0.505281
1.322876, 0.411572
1.326521, 0.317265
1.329220, 0.222336
1.330966, 0.126760
1.331752, 0.030516
1.331574, -0.066419
1.330422, -0.164064
1.328290, -0.262434
1.325171, -0.361545
1.321056, -0.461408
1.315940, -0.562034
1.309813, -0.663432
1.302669, -0.765607
1.294498, -0.868566
1.285295, -0.972313
1.275050, -1.076852
1.263755, -1.182191
1.251403, -1.288333
1.237986, -1.395289
1.223495, -1.503071
1.207921, -1.611693
1.191258, -1.721176
1.173495, -1.831547
1.154624, -1.942840
1.134635, -2.055096
1.113518, -2.168365
1.091264, -2.282706
1.067861, -2.398188
1.043296, -2.514888
1.017558, -2.632889
0.990634, -2.752283
0.962508, -2.873161
0.933165, -2.995608
0.902590, -3.119701
0.870766, -3.245488
0.837675, -3.372977
0.803301, -3.502111
0.767628, -3.632738
0.730642, -3.764573
0.692334, -3.897144
0.652699, -4.029737
0.611742, -4.161320
0.569480, -4.290480
0.525947, -4.415346
0.481196, -4.533560
0.435307, -4.642286
0.388392, -4.738304
0.340595, -4.818217
0.292093, -4.878763
0.243093, -4.917203
0.193828, -4.931716
0.144541, -4.921684
0.095475, -4.887792
0.046859, -4.831901
-0.001099, -4.756738
-0.048222, -4.665506
-0.094367, -4.561494
-0.139420, -4.447776
-0.183299, -4.327025
-0.225944, -4.201433
-0.267317, -4.072701
-0.307392, -3.942089
-0.346156, -3.810483
-0.383601, -3.678470
-0.419725, -3.546406
-0.454529, -3.414475
-0.488015, -3.282745
-0.520185, -3.151198
-0.551039, -3.019768
-0.580580, -2.888358
-0.608806, -2.756861
-0.635717, -2.625167
-0.661309, -2.493176
-0.685579, -2.360801
-0.708523, -2.227971
-0.730137, -2.094637
-0.750414, -1.960766
-0.769350, -1.826346
-0.786939, -1.691386
-0.803176, -1.555914
-0.818056, -1.419972
-0.831574, -1.283623
-0.843727, -1.146946
-0.854512, -1.010033
-0.863928, -0.872997
-0.871972, -0.735963
-0.878647, -0.599078
-0.883955, -0.462507
-0.887899, -0.326441
-0.890486, -0.191097
-0.891724, -0.056726
-0.891625, 0.076379
-0.890202, 0.207881
-0.887474, 0.337382
-0.883463, 0.464420
-0.878195, 0.588458
-0.871705, 0.708873
-0.864032, 0.824954
-0.855224, 0.935901
-0.845334, 1.040825
-0.834430, 1.138771
-0.822586, 1.228741
-0.809885, 1.309734
-0.796424, 1.380800
-0.782305, 1.441104
-0.767640, 1.489990
-0.752545, 1.527050
-0.737139, 1.552164
-0.721541, 1.565533
-0.705866, 1.567672
-0.690222, 1.559381
-0.674710, 1.541684
-0.659416, 1.515760
-0.644418, 1.482869
-0.629778, 1.444273
-0.615547, 1.401182
-0.601765, 1.354704
-0.588461, 1.305822
-0.575654, 1.255375
-0.563356, 1.204057
-0.551574, 1.152425
-0.540307, 1.100906
-0.529554, 1.049816
-0.519309, 0.999369
-0.509564, 0.949698
-0.500312, 0.900865
-0.491544, 0.852871
-0.483252, 0.805675
-0.475428, 0.759192
-0.468066, 0.713311
-0.461161, 0.667894
-0.454707, 0.622786
-0.448704, 0.577817
-0.443151, 0.532808
-0.438049, 0.487573
-0.433401, 0.441920
-0.429213, 0.395659
-0.425491, 0.348598
-0.422244, 0.300551
-0.419483, 0.251337
-0.417222, 0.200786
-0.415473, 0.148739
-0.414252, 0.095054
-0.413578, 0.039610
-0.413466, -0.017687
-0.413938, -0.076898
-0.415011, -0.138045
-0.416705, -0.201096
-0.419039, -0.265958
-0.422030, -0.332461
-0.425693, -0.400346
-0.430040, -0.469242
-0.435079, -0.538650
-0.440812, -0.607924
-0.447235, -0.676254
-0.454331, -0.742648
-0.462077, -0.805932
-0.470435, -0.864754
-0.479352, -0.917608
-0.488762, -0.962880
-0.498579, -0.998917
-0.508704, -1.024117
-0.519020, -1.037031
-0.529400, -1.036475
-0.539702, -1.021616
-0.549783, -0.992041
-0.559494, -0.947781
-0.568691, -0.889287
-0.577235, -0.817381
-0.584997, -0.733161
-0.591861, -0.637915
-0.597724, -0.533019
-0.602494, -0.419860
-0.606098, -0.299775
-0.608471, -0.174006
-0.609563, -0.043675
-0.609332, 0.090221
-0.607749, 0.226817
-0.604790, 0.365366
-0.600438, 0.505230
-0.594682, 0.645871
-0.587519, 0.786834
-0.578946, 0.927736
-0.568966, 1.068258
-0.557583, 1.208137
-0.544806, 1.347153
-0.530643, 1.485131
-0.515107, 1.621931
-0.498209, 1.757448
-0.479963, 1.891606
-0.460382, 2.024359
-0.439480, 2.155684
-0.417273, 2.285584
-0.393773, 2.414081
-0.368996, 2.541215
-0.342953, 2.667036
-0.315659, 2.791601
-0.287125, 2.914964
-0.257364, 3.037166
-0.226386, 3.158216
-0.194203, 3.278081
-0.160828, 3.396654
-0.126275, 3.513733
-0.090560, 3.628980
-0.053703, 3.741890
-0.015732, 3.851741
0.023318, 3.957560
0.063401, 4.058086
0.104457, 4.151756
0.146407, 4.236720
0.189155, 4.310901
0.232582, 4.372108
0.276547, 4.418211
0.320890, 4.447354
0.365433, 4.458176
0.409990, 4.449999
0.454370, 4.422938
0.498389, 4.377888
0.541873, 4.316422
0.584669, 4.240589
0.626645, 4.152701
0.667691, 4.055113
0.707722, 3.950060
0.746674, 3.839543
0.784500, 3.725272
0.821171, 3.608654
0.856669, 3.490804
0.890986, 3.372582
0.924122, 3.254626
0.956081, 3.137397
0.986873, 3.021215
1.016510, 2.906289
1.045004, 2.792743
1.072369, 2.680642
1.098622, 2.570004
1.123774, 2.460816
1.147843, 2.353044
1.170840, 2.246639
1.192780, 2.141542
1.213675, 2.037693
1.233537, 1.935027
1.252379, 1.833480
1.270211, 1.732990
1.287042, 1.633496
1.302884, 1.534940
1.317744, 1.437267
1.331632, 1.340424
1.344555, 1.244362
1.356521, 1.149031
1.367538, 1.054386
1.377611, 0.960382
1.386748, 0.866976
1.394953, 0.774125
1.402232, 0.681790
1.408590, 0.589927
1.414032, 0.498497
1.418561, 0.407459
1.422182, 0.316772
1.424898, 0.226394
1.426711, 0.136284
1.427624, 0.046400
1.427640, -0.043302
1.426759, -0.132866
1.424983, -0.222335
1.422312, -0.311755
1.418747, -0.401173
1.414288, -0.490635
1.408934, -0.580191
1.402684, -0.669889
1.395536, -0.759780
1.387488, -0.849914
1.378537, -0.940344
1.368680, -1.031124
1.357913, -1.122307
1.346232, -1.213947
1.333632, -1.306101
1.320108, -1.398825
1.305654, -1.492173
1.290262, -1.586202
1.273927, -1.680965
1.256640, -1.776514
1.238394, -1.872897
1.219180, -1.970157
1.198988, -2.068330
1.177810, -2.167439
1.155636, -2.267496
1.132457, -2.368490
1.108263, -2.470385
1.083046, -2.573112
1.056799, -2.676556
1.029513, -2.780547
1.001187, -2.884844
0.971817, -2.989119
0.941406, -3.092939
0.909961, -3.195743
0.877497, -3.296825
0.844033, -3.395319
0.809602, -3.490183
0.774246, -3.580207
0.738019, -3.664024
0.700991, -3.740150
0.663247, -3.807053
0.624886, -3.863234
0.586022, -3.907337
0.546783, -3.938264
0.507303, -3.955269
0.467725, -3.958036
0.428190, -3.946699
0.388836, -3.921818
0.349796, -3.884308
0.311188, -3.835343
0.273123, -3.776235
0.235693, -3.708337
0.198981, -3.632948
0.163055, -3.551256
0.127973, -3.464297
0.093784, -3.372940
0.060527, -3.277889
0.028236, -3.179694
-0.003058, -3.078771
-0.033331, -2.975425
-0.062559, -2.869865
-0.090721, -2.762234
-0.117797, -2.652619
-0.143767, -2.541071
-0.168612, -2.427620
-0.192314, -2.312284
-0.214852, -2.195078
-0.236209, -2.076028
-0.256366, -1.955169
-0.275306, -1.832560
-0.293012, -1.708283
-0.309467, -1.582454
-0.324656, -1.455224
-0.338567, -1.326786
-0.351189, -1.197383
-0.362513, -1.067316
-0.372534, -0.936946
-0.381252, -0.806712
-0.388671, -0.677132
-0.394799, -0.548821
-0.399654, -0.422496
-0.403258, -0.298986
-0.405646, -0.179240
-0.406859, -0.064322
-0.406952, 0.044593
-0.405992, 0.146237
-0.404056, 0.239289
-0.401239, 0.322419
-0.397645, 0.394353
-0.393393, 0.453952
-0.388610, 0.500293
-0.383434, 0.532746
-0.378003, 0.551036
-0.372460, 0.555274
-0.366943, 0.545959
-0.361583, 0.523943
-0.356502, 0.490368
-0.351810, 0.446583
-0.347600, 0.394056
-0.343953, 0.334288
-0.340933, 0.268745
-0.338592, 0.198797
-0.336968, 0.125688
-0.336086, 0.050512
-0.335961, -0.025792
-0.336602, -0.102438
-0.338009, -0.178783
-0.340175, -0.254313
-0.343091, -0.328629
-0.346743, -0.401433
-0.351114, -0.472509
-0.356187, -0.541718
-0.361942, -0.608979
-0.368360, -0.674261
-0.375421, -0.737576
-0.383105, -0.798970
-0.391394, -0.858518
-0.400269, -0.916314
-0.409715, -0.972471
-0.419714, -1.027115
-0.430252, -1.080379
-0.441317, -1.132400
-0.452897, -1.183317
-0.464980, -1.233262
-0.477559, -1.282362
-0.490625, -1.330727
-0.504172, -1.378452
-0.518192, -1.425603
-0.532682, -1.472219
-0.547635, -1.518297
-0.563046, -1.563788
-0.578908, -1.608586
-0.595215, -1.652518
-0.611955, -1.695339
-0.629117, -1.736718
-0.646683, -1.776235
-0.664633, -1.813374
-0.682941, -1.847528
-0.701572, -1.878003
-0.720486, -1.904034
-0.739635, -1.924809
-0.758962, -1.939499
-0.778402, -1.947303
-0.797883, -1.947486
-0.817324, -1.939427
-0.836642, -1.922657
-0.855747, -1.896890
-0.874549, -1.862033
-0.892958, -1.818192
-0.910884, -1.765649
-0.928243, -1.704840
-0.944955, -1.636313
-0.960946, -1.560695
-0.976148, -1.478649
-0.990500, -1.390846
-1.003948, -1.297934
-1.016444, -1.200525
-1.027945, -1.099176
-1.038416, -0.994389
-1.047823, -0.886606
-1.056139, -0.776212
-1.063340, -0.663538
-1.069403, -0.548868
-1.074311, -0.432446
-1.078047, -0.314478
-1.080596, -0.195143
-1.081946, -0.074593
-1.082084, 0.047037
-1.081002, 0.169631
-1.078689, 0.293081
-1.075138, 0.417292
-1.070341, 0.542176
-1.064292, 0.667649
-1.056986, 0.793635
-1.048418, 0.920060
-1.038584, 1.046858
-1.027480, 1.173966
-1.015103, 1.301325
-1.001453, 1.428887
-0.986525, 1.556609
-0.970320, 1.684458
-0.952836, 1.812412
-0.934071, 1.940462
-0.914026, 2.068613
-0.892699, 2.196887
-0.870088, 2.325321
-0.846192, 2.453973
-0.821007, 2.582916
-0.794532, 2.712245
-0.766761, 2.842069
-0.737689, 2.972513
-0.707308, 3.103710
-0.675611, 3.235793
-0.642589, 3.368885
-0.608230, 3.503080
-0.572523, 3.638421
-0.535458, 3.774867
-0.497023, 3.912248
-0.457211, 4.050211
-0.416019, 4.188146
-0.373451, 4.325108
-0.329524, 4.459716
-0.284271, 4.590070
-0.237745, 4.713679
-0.190030, 4.827454
-0.141241, 4.927794
-0.091532, 5.010808
-0.041095, 5.072692
0.009840, 5.110215
0.061020, 5.121221
0.112174, 5.105015
0.163033, 5.062492
0.213344, 4.995975
0.262883, 4.908812
0.311464, 4.804870
0.358938, 4.688053
0.405194, 4.561949
0.450156, 4.429615
0.493774, 4.293510
0.536020, 4.155507
0.576882, 4.016967
0.616361, 3.878827
0.654462, 3.741693
0.691199, 3.605925
0.726586, 3.471700
0.760638, 3.339074
0.793373, 3.208015
0.824804, 3.078444
0.854946, 2.950248
0.883813, 2.823305
0.911416, 2.697488
0.937766, 2.572679
0.962872, 2.448769
0.986744, 2.325662
1.009388, 2.203280
1.030812, 2.081557
1.051021, 1.960444
1.070023, 1.839905
1.087821, 1.719919
1.104423, 1.600474
1.119832, 1.481571
1.134056, 1.363216
1.147099, 1.245426
1.158966, 1.128220
1.169665, 1.011625
1.179201, 0.895668
1.187581, 0.780379
1.194811, 0.665790
1.200899, 0.551932
1.205852, 0.438837
1.209678, 0.326536
1.212386, 0.215060
1.213982, 0.104438
1.214477, -0.005300
1.213879, -0.114124
1.212198, -0.222001
1.209443, -0.328897
1.205623, -0.434775
1.200751, -0.539591
1.194835, -0.643293
1.187889, -0.745819
1.179923, -0.847094
1.170951, -0.947026
1.160987, -1.045503
1.150047, -1.142390
1.138146, -1.237523
1.125303, -1.330706
1.111539, -1.421707
1.096877, -1.510255
1.081343, -1.596038
1.064966, -1.678699
1.047781, -1.757842
1.029823, -1.833033
1.011135, -1.903807
0.991763, -1.969681
0.971759, -2.030170
0.951179, -2.084801
0.930084, -2.133144
0.908538, -2.174827
0.886611, -2.209560
0.864371, -2.237161
0.841891, -2.257560
0.819244, -2.270814
0.796498, -2.277099
0.773724, -2.276703
0.750985, -2.270005
0.728343, -2.257457
0.705854, -2.239553
0.683568, -2.216806
0.661532, -2.189725
0.639787, -2.158796
0.618368, -2.124465
0.597307, -2.087129
0.576634, -2.047129
0.556373, -2.004749
0.536546, -1.960219
0.517175, -1.913713
0.498278, -1.865361
0.479874, -1.815246
0.461979, -1.763420
0.444611, -1.709903
0.427786, -1.654692
0.411523, -1.597769
0.395837, -1.539103
0.380747, -1.478660
0.366270, -1.416406
0.352425, -1.352314
0.339230, -1.286368
0.326703, -1.218572
0.314864, -1.148953
0.303730, -1.077567
0.293318, -1.004509
0.283645, -0.929918
0.274725, -0.853988
0.266569, -0.776971
0.259188, -0.699194
0.252586, -0.621063
0.246766, -0.543073
0.241722, -0.465820
0.237445, -0.390004
0.233915, -0.316434
0.231106, -0.246026
0.228980, -0.179799
0.227492, -0.118850
0.226582, -0.064338
0.226180, -0.017436
0.226204, 0.020707
0.226561, 0.049027
0.227149, 0.066604
0.227855, 0.072714
0.228563, 0.066878
0.229152, 0.048893
0.229501, 0.018844
0.229490, -0.022909
0.229006, -0.075758
0.227940, -0.138891
0.226197, -0.211348
0.223686, -0.292075
0.220331, -0.379973
0.216066, -0.473948
0.210836, -0.572944
0.204594, -0.675966
0.197306, -0.782103
0.188944, -0.890528
0.179490, -1.000509
0.168931, -1.111401
0.157261, -1.222647
0.144479, -1.333767
0.130587, -1.444353
0.115594, -1.554061
0.099510, -1.662603
0.082347, -1.769741
0.064121, -1.875278
0.044847, -1.979051
0.024546, -2.080927
0.003236, -2.180792
-0.019063, -2.278545
-0.042328, -2.374092
-0.066537, -2.467335
-0.091667, -2.558167
-0.117692, -2.646459
-0.144587, -2.732050
-0.172323, -2.814739
-0.200871, -2.894272
-0.230197, -2.970332
-0.260265, -3.042530
-0.291033, -3.110399
-0.322457, -3.173391
-0.354483, -3.230879
-0.387054, -3.282173
-0.420103, -3.326534
-0.453559, -3.363207
-0.487339, -3.391463
-0.521358, -3.410641
-0.555520, -3.420199
-0.589728, -3.419762
-0.623881, -3.409156
-0.657878, -3.388429
-0.691617, -3.357857
-0.725003, -3.317925
-0.757947, -3.269297
-0.790363, -3.212771
-0.822179, -3.149228
-0.853327, -3.079585
-0.883753, -3.004752
-0.913408, -2.925598
-0.942253, -2.842926
-0.970257, -2.757456
-0.997395, -2.669819
-1.023648, -2.580558
-1.049002, -2.490127
-1.073448, -2.398901
-1.096979, -2.307184
-1.119591, -2.215217
-1.141283, -2.123186
-1.162055, -2.031232
-1.181908, -1.939456
-1.200845, -1.847929
-1.218868, -1.756694
-1.235980, -1.665775
-1.252184, -1.575176
-1.267484, -1.484890
-1.281883, -1.394898
-1.295383, -1.305173
-1.307987, -1.215680
-1.319697, -1.126380
-1.330515, -1.037232
-1.340442, -0.948190
-1.349479, -0.859207
-1.357627, -0.770236
-1.364884, -0.681229
-1.371251, -0.592137
-1.376726, -0.502914
-1.381309, -0.413511
-1.384996, -0.323884
-1.387785, -0.233988
-1.389674, -0.143780
-1.390660, -0.053218
-1.390738, 0.037737
-1.389904, 0.129124
-1.388153, 0.220979
-1.385482, 0.313338
-1.381885, 0.406232
-1.377356, 0.499695
-1.371889, 0.593756
-1.365479, 0.688445
-1.358118, 0.783791
-1.349800, 0.879822
-1.340519, 0.976564
-1.330267, 1.074047
-1.319036, 1.172297
-1.306818, 1.271346
-1.293606, 1.371224
-1.279391, 1.471964
-1.264164, 1.573603
-1.247916, 1.676179
-1.230637, 1.779735
-1.212317, 1.884320
-1.192947, 1.989983
-1.172514, 2.096782
-1.151007, 2.204776
-1.128414, 2.314030
-1.104722, 2.424610
-1.079917, 2.536581
-1.053986, 2.650007
-1.026912, 2.764944
-0.998682, 2.881431
-0.969278, 2.999485
-0.938687, 3.119086
-0.906892, 3.240159
-0.873879, 3.362554
-0.839637, 3.486017
-0.804157, 3.610154
-0.767434, 3.734390
-0.729471, 3.857921
-0.690281, 3.979661
-0.649889, 4.098198
-0.608334, 4.211753
-0.565677, 4.318181
-0.522002, 4.415010
-0.477418, 4.499546
-0.432061, 4.569055
-0.386095, 4.621018
-0.339706, 4.653407
-0.293097, 4.664954
-0.246478, 4.655322
-0.200059, 4.625150
-0.154039, 4.575945
-0.108597, 4.509854
-0.063889, 4.429384
-0.020048, 4.337129
0.022822, 4.235552
0.064639, 4.126831
0.105341, 4.012797
0.144882, 3.894907
0.183230, 3.774276
0.220361, 3.651715
0.256260, 3.527789
0.290914, 3.402861
0.324315, 3.277148
0.356455, 3.150755
0.387327, 3.023708
0.416926, 2.895987
0.445245, 2.767537
0.472275, 2.638290
0.498008, 2.508176
0.522435, 2.377130
0.545547, 2.245097
0.567333, 2.112039
0.587784, 1.977938
0.606889, 1.842794
0.624637, 1.706632
0.641018, 1.569498
0.656024, 1.431462
0.669645, 1.292619
0.681874, 1.153091
0.692705, 1.013026
0.702133, 0.872605
0.710156, 0.732040
0.716774, 0.591585
0.721989, 0.451536
0.725808, 0.312244
0.728238, 0.174120
0.729295, 0.037645
0.728998, -0.096615
0.727373, -0.228004
0.724450, -0.355761
0.720272, -0.479016
0.714888, -0.596789
0.708359, -0.707996
0.700754, -0.811473
0.692159, -0.906005
0.682668, -0.990382
0.672389, -1.063465
0.661440, -1.124263
0.649947, -1.172023
0.638044, -1.206299
0.625866, -1.227009
0.613548, -1.234462
0.601219, -1.229343
0.589000, -1.212664
0.577000, -1.185690
0.565316, -1.149847
0.554028, -1.106628
0.543203, -1.057510
0.532893, -1.003887
0.523136, -0.947023
0.513959, -0.888026
0.505379, -0.827836
0.497404, -0.767227
0.490034, -0.706816
0.483265, -0.647080
0.477089, -0.588374
0.471494, -0.530943
0.466465, -0.474945
0.461990, -0.420463
0.458051, -0.367518
0.454634, -0.316081
0.451725, -0.266085
0.449308, -0.217426
0.447372, -0.169979
0.445905, -0.123595
0.444897, -0.078112
0.444340, -0.033355
0.444228, 0.010861
0.444556, 0.054725
0.445322, 0.098429
0.446525, 0.142168
0.448166, 0.186134
0.450249, 0.230515
0.452779, 0.275494
0.455762, 0.321245
0.459207, 0.367926
0.463124, 0.415681
0.467524, 0.464632
0.472421, 0.514873
0.477826, 0.566464
0.483754, 0.619421
0.490219, 0.673708
0.497233, 0.729223
0.504807, 0.785787
0.512951, 0.843127
0.521671, 0.900858
0.530968, 0.958470
0.540838, 1.015310
0.551269, 1.070568
0.562241, 1.123275
0.573722, 1.172302
0.585670, 1.216377
0.598029, 1.254126
0.610727, 1.284114
0.623680, 1.304929
0.636790, 1.315255
0.649947, 1.313969
0.663028, 1.300221
0.675908, 1.273493
0.688454, 1.233635
0.700537, 1.180862
0.712030, 1.115714
0.722813, 1.039003
0.732775, 0.951729
0.741816, 0.855007
0.749847, 0.749994
0.756792, 0.637829
0.762584, 0.519595
0.767167, 0.396287
0.770496, 0.268798
0.772532, 0.137918
0.773245, 0.004336
0.772611, -0.131355
0.770613, -0.268646
0.767235, -0.407099
0.762468, -0.546343
0.756306, -0.686058
0.748746, -0.825974
0.739787, -0.965856
0.729430, -1.105506
0.717678, -1.244756
0.704537, -1.383463
0.690011, -1.521510
0.674109, -1.658805
0.656838, -1.795275
0.638206, -1.930873
0.618223, -2.065572
0.596898, -2.199366
0.574239, -2.332270
0.550255, -2.464319
0.524955, -2.595566
0.498346, -2.726077
0.470436, -2.855929
0.441230, -2.985201
0.410734, -3.113964
0.378952, -3.242270
0.345890, -3.370130
0.311551, -3.497496
0.275942, -3.624224
0.239070, -3.750043
0.200945, -3.874501
0.161586, -3.996922
0.121017, -4.116337
0.079274, -4.231438
0.036408, -4.340530
-0.007510, -4.441523
-0.052387, -4.531965
-0.098105, -4.609156
-0.144517, -4.670339
-0.191450, -4.712968
-0.238707, -4.735024
-0.286077, -4.735299
-0.333340, -4.713591
-0.380279, -4.670749
-0.426690, -4.608548
-0.472393, -4.529441
-0.517232, -4.436251
-0.561081, -4.331873
-0.603841, -4.219040
-0.645442, -4.100171
-0.685832, -3.977301
-0.724980, -3.852065
-0.762869, -3.725727
-0.799494, -3.599233
-0.834856, -3.473258
-0.868962, -3.348272
-0.901825, -3.224577
-0.933459, -3.102356
-0.963878, -2.981703
-0.993098, -2.862647
-1.021136, -2.745177
-1.048007, -2.629251
-1.073726, -2.514812
-1.098308, -2.401794
-1.121766, -2.290126
-1.144115, -2.179739
-1.165365, -2.070567
-1.185530, -1.962546
-1.204620, -1.855620
-1.222646, -1.749738
-1.239618, -1.644854
-1.255546, -1.540925
-1.270439, -1.437917
-1.284307, -1.335796
-1.297158, -1.234533
-1.309001, -1.134103
-1.319843, -1.034481
-1.329693, -0.935643
-1.338558, -0.837569
-1.346447, -0.740235
-1.353366, -0.643621
-1.359322, -0.547704
-1.364322, -0.452460
-1.368373, -0.357864
-1.371481, -0.263891
-1.373653, -0.170512
-1.374893, -0.077698
-1.375208, 0.014582
-1.374603, 0.106363
-1.373083, 0.197679
-1.370651, 0.288568
-1.367313, 0.379069
-1.363071, 0.469221
-1.357929, 0.559068
-1.351890, 0.648650
-1.344957, 0.738012
-1.337131, 0.827198
-1.328413, 0.916249
-1.318806, 1.005209
-1.308309, 1.094119
-1.296924, 1.183015
-1.284649, 1.271932
-1.271485, 1.360899
-1.257431, 1.449939
-1.242486, 1.539065
-1.226649, 1.628280
-1.209920, 1.717575
-1.192298, 1.806922
-1.173782, 1.896274
-1.154372, 1.985559
-1.134071, 2.074675
-1.112880, 2.163486
-1.090803, 2.251812
-1.067846, 2.339429
-1.044018, 2.426055
-1.019329, 2.511347
-0.993796, 2.594895
-0.967439, 2.676218
-0.940281, 2.754762
-0.912355, 2.829900
-0.883697, 2.900944
-0.854352, 2.967153
-0.824373, 3.027759
-0.793818, 3.081990
-0.762757, 3.129105
-0.731262, 3.168433
-0.699416, 3.199409
-0.667303, 3.221609
-0.635014, 3.234775
-0.602638, 3.238829
-0.570267, 3.233874
-0.537990, 3.220180
-0.505891, 3.198157
-0.474053, 3.168320
-0.442549, 3.131257
-0.411450, 3.087587
-0.380817, 3.037930
-0.350709, 2.982879
-0.321176, 2.922982
-0.292264, 2.858729
-0.264014, 2.790548
-0.236465, 2.718803
-0.209649, 2.643798
-0.183599, 2.565785
-0.158343, 2.484966
-0.133908, 2.401511
-0.110321, 2.315557
-0.087605, 2.227224
-0.065784, 2.136621
-0.044880, 2.043854
-0.024914, 1.949034
-0.005906, 1.852287
0.012126, 1.753755
0.029164, 1.653611
0.045194, 1.552058
0.060201, 1.449344
0.074177, 1.345763
0.087115, 1.241666
0.099010, 1.137465
0.109865, 1.033643
0.119686, 0.930761
0.128486, 0.829457
0.136283, 0.730459
0.143105, 0.634577
0.148988, 0.542701
0.153976, 0.455793
0.158124, 0.374865
0.161497, 0.300957
0.164170, 0.235104
0.166229, 0.178286
0.167769, 0.131390
0.168892, 0.095154
0.169709, 0.070122
0.170333, 0.056608
0.170880, 0.054671
0.171465, 0.064106
0.172199, 0.084463
0.173188, 0.115065
0.174531, 0.155059
0.176317, 0.203461
0.178625, 0.259210
0.181522, 0.321214
0.185066, 0.388394
0.189304, 0.459720
0.194271, 0.534230
0.199996, 0.611053
0.206498, 0.689411
0.213787, 0.768622
0.221871, 0.848104
0.230749, 0.927361
0.240416, 1.005983
0.250865, 1.083633
0.262085, 1.160043
0.274061, 1.235001
0.286779, 1.308346
0.300222, 1.379961
0.314372, 1.449762
0.329211, 1.517695
0.344720, 1.583727
0.360879, 1.647844
0.377670, 1.710037
0.395074, 1.770304
0.413070, 1.828642
0.431640, 1.885036
0.450764, 1.939461
0.470423, 1.991868
0.490595, 2.042184
0.511259, 2.090303
0.532393, 2.136080
0.553972, 2.179326
0.575970, 2.219806
0.598358, 2.257235
0.621104, 2.291281
0.644171, 2.321564
0.667521, 2.347667
0.691109, 2.369146
0.714887, 2.385546
0.738802, 2.396416
0.762795, 2.401337
0.786807, 2.399940
0.810772, 2.391930
0.834623, 2.377105
0.858291, 2.355367
0.881707, 2.326730
0.904803, 2.291320
0.927512, 2.249364
0.949770, 2.201178
0.971516, 2.147147
0.992695, 2.087704
1.013254, 2.023309
1.033146, 1.954430
1.052329, 1.881527
1.070764, 1.805037
1.088419, 1.725367
1.105262, 1.642886
1.121268, 1.557921
1.136414, 1.470762
1.150677, 1.381655
1.164041, 1.290811
1.176488, 1.198406
1.188004, 1.104583
1.198576, 1.009462
1.208189, 0.913138
1.216835, 0.815685
1.224500, 0.717164
1.231174, 0.617621
1.236849, 0.517092
1.241513, 0.415605
1.245158, 0.313182
1.247774, 0.209841
1.249352, 0.105598
1.249883, 0.000466
1.249358, -0.105541
1.247769, -0.212408
1.245107, -0.320121
1.241364, -0.428663
1.236531, -0.538018
1.230601, -0.648166
1.223565, -0.759087
1.215417, -0.870761
1.206147, -0.983165
1.195751, -1.096280
1.184220, -1.210086
1.171547, -1.324566
1.157726, -1.439705
1.142751, -1.555494
1.126614, -1.671931
1.109310, -1.789018
1.090831, -1.906769
1.071172, -2.025205
1.050325, -2.144362
1.028282, -2.264284
1.005036, -2.385034
0.980579, -2.506683
0.954900, -2.629319
0.927989, -2.753044
0.899835, -2.877967
0.870425, -3.004205
0.839746, -3.131875
0.807782, -3.261084
0.774519, -3.391917
0.739938, -3.524414
0.704025, -3.658545
0.666763, -3.794174
0.628137, -3.931012
0.588140, -4.068552
0.546767, -4.205999
0.504024, -4.342183
0.459933, -4.475468
0.414532, -4.603677
0.367885, -4.724050
0.320088, -4.833275
0.271269, -4.927634
0.221597, -5.003286
0.171278, -5.056686
0.120547, -5.085074
0.069665, -5.086925
0.018898, -5.062213
-0.031495, -5.012418
-0.081276, -4.940250
-0.130238, -4.849205
-0.178210, -4.743075
-0.225061, -4.625527
-0.270693, -4.499820
-0.315039, -4.368662
-0.358056, -4.234176
-0.399717, -4.097945
-0.440012, -3.961087
-0.478939, -3.824347
-0.516501, -3.688186
-0.552706, -3.552848
-0.587561, -3.418432
-0.621077, -3.284930
-0.653263, -3.152273
-0.684125, -3.020350
-0.713672, -2.889036
-0.741908, -2.758198
-0.768837, -2.627712
-0.794463, -2.497464
-0.818787, -2.367357
-0.841810, -2.237312
-0.863533, -2.107268
-0.883955, -1.977186
-0.903076, -1.847041
-0.920896, -1.716828
-0.937413, -1.586558
-0.952627, -1.456256
-0.966538, -1.325957
-0.979146, -1.195710
-0.990452, -1.065573
-1.000458, -0.935613
-1.009166, -0.805904
-1.016577, -0.676528
-1.022698, -0.547573
-1.027531, -0.419137
-1.031082, -0.291324
-1.033360, -0.164251
-1.034370, -0.038046
-1.034124, 0.087148
-1.032631, 0.211167
-1.029905, 0.333824
-1.025960, 0.454902
-1.020813, 0.574149
-1.014484, 0.691270
-1.006996, 0.805921
-0.998375, 0.917702
-0.988653, 1.026151
-0.977865, 1.130740
-0.966053, 1.230873
-0.953265, 1.325893
-0.939555, 1.415089
-0.924985, 1.497715
-0.909625, 1.573018
-0.893551, 1.640269
-0.876848, 1.698808
-0.859606, 1.748089
-0.841919, 1.787726
-0.823884, 1.817526
-0.805601, 1.837523
-0.787166, 1.847976
-0.768672, 1.849363
-0.750206, 1.842353
-0.731850, 1.827755
-0.713674, 1.806476
-0.695740, 1.779460
-0.678100, 1.747646
-0.660800, 1.711923
-0.643872, 1.673103
-0.627346, 1.631901
-0.611240, 1.588927
-0.595571, 1.544680
-0.580349, 1.499557
-0.565582, 1.453859
-0.551273, 1.407800
-0.537427, 1.361515
-0.524044, 1.315080
-0.511126, 1.268510
-0.498674, 1.221779
-0.486691, 1.174822
-0.475179, 1.127545
-0.464141, 1.079830
-0.453584, 1.031545
-0.443513, 0.982540
-0.433936, 0.932663
-0.424863, 0.881752
-0.416305, 0.829650
-0.408275, 0.776198
-0.400786, 0.721248
-0.393855, 0.664660
-0.387499, 0.606309
-0.381735, 0.546087
-0.376583, 0.483912
-0.372064, 0.419730
-0.368196, 0.353525
-0.365000, 0.285324
-0.362496, 0.215209
-0.360701, 0.143329
-0.359634, 0.069908
-0.359307, -0.004734
-0.359731, -0.080170
-0.360912, -0.155844
-0.362847, -0.231062
-0.365528, -0.304970
-0.368938, -0.376549
-0.373048, -0.444611
-0.377814, -0.507810
-0.383183, -0.564669
-0.389082, -0.613626
-0.395424, -0.653098
-0.402107, -0.681566
-0.409014, -0.697672
-0.416015, -0.700316
-0.422973, -0.688735
-0.429741, -0.662567
-0.436175, -0.621869
-0.442132, -0.567102
-0.447473, -0.499074
-0.452073, -0.418870
-0.455814, -0.327759
-0.458596, -0.227107
-0.460329, -0.118301
-0.460939, -0.002685
-0.460364, 0.118480
-0.458555, 0.244042
-0.455472, 0.372976
-0.451087, 0.504379
-0.445379, 0.637472
-0.438334, 0.771587
-0.429946, 0.906156
-0.420211, 1.040702
-0.409133, 1.174827
-0.396717, 1.308202
-0.382973, 1.440558
-0.367910, 1.571677
-0.351544, 1.701388
-0.333888, 1.829562
-0.314958, 1.956102
-0.294771, 2.080944
-0.273345, 2.204048
-0.250696, 2.325397
-0.226843, 2.444988
-0.201802, 2.562828
-0.175592, 2.678925
-0.148230, 2.793280
-0.119732, 2.905875
-0.090118, 3.016658
-0.059406, 3.125529
-0.027615, 3.232318
0.005233, 3.336762
0.039112, 3.438481
0.073992, 3.536951
0.109838, 3.631477
0.146605, 3.721173
0.184241, 3.804950
0.222680, 3.881525
0.261843, 3.949446
0.301635, 4.007158
0.341947, 4.053092
0.382653, 4.085794
0.423615, 4.104057
0.464683, 4.107061
0.505704, 4.094473
0.546521, 4.066501
0.586985, 4.023874
0.626954, 3.967774
0.666300, 3.899711
0.704914, 3.821388
0.742700, 3.734563
0.779582, 3.640939
0.815501, 3.542083
0.850411, 3.439376
0.884280, 3.333993
0.917085, 3.226906
0.948815, 3.118894
0.979462, 3.010566
1.009027, 2.902389
1.037512, 2.794707
1.064923, 2.687768
1.091270, 2.581740
1.116562, 2.476734
1.140808, 2.372811
1.164021, 2.269997
1.186212, 2.168294
1.207391, 2.067683
1.227569, 1.968129
1.246757, 1.869590
1.264964, 1.772018
1.282200, 1.675358
1.298474, 1.579553
1.313794, 1.484548
1.328168, 1.390283
1.341602, 1.296702
1.354104, 1.203747
1.365679, 1.111362
1.376333, 1.019494
1.386070, 0.928086
1.394896, 0.837088
1.402813, 0.746447
1.409826, 0.656113
1.415936, 0.566036
1.421147, 0.476166
1.425460, 0.386458
1.428877, 0.296862
1.431398, 0.207334
1.433023, 0.117826
1.433754, 0.028294
1.433589, -0.061307
1.432528, -0.151021
1.430568, -0.240892
1.427709, -0.330964
1.423948, -0.421280
1.419282, -0.511883
1.413709, -0.602817
1.407225, -0.694126
1.399825, -0.785852
1.391506, -0.878042
1.382263, -0.970738
1.372090, -1.063989
1.360981, -1.157841
1.348931, -1.252342
1.335932, -1.347543
1.321977, -1.443496
1.307059, -1.540254
1.291169, -1.637875
1.274299, -1.736415
1.256438, -1.835936
1.237577, -1.936498
1.217704, -2.038165
1.196809, -2.140998
1.174880, -2.245058
1.151904, -2.350401
1.127868, -2.457076
1.102758, -2.565118
1.076561, -2.674546
1.049262, -2.785349
1.020849, -2.897480
0.991309, -3.010841
0.960629, -3.125262
0.928801, -3.240480
0.895818, -3.356115
0.861679, -3.471636
0.826388, -3.586324
0.789958, -3.699243
0.752413, -3.809200
0.713789, -3.914729
0.674139, -4.014089
0.633534, -4.105296
0.592067, -4.186194
0.549852, -4.254587
0.507024, -4.308403
0.463738, -4.345894
0.420165, -4.365832
0.376482, -4.367652
0.332872, -4.351518
0.289509, -4.318287
0.246558, -4.269390
0.204167, -4.206644
0.162465, -4.132054
0.121559, -4.047628
0.081539, -3.955240
0.042475, -3.856539
0.004425, -3.752907
-0.032570, -3.645451
-0.068475, -3.535021
-0.103263, -3.422246
-0.136913, -3.307564
-0.169409, -3.191265
-0.200734, -3.073522
-0.230875, -2.954425
-0.259818, -2.834000
-0.287550, -2.712236
-0.314058, -2.589097
-0.339327, -2.464536
-0.363344, -2.338508
-0.386092, -2.210975
-0.407558, -2.081910
-0.427725, -1.951308
-0.446579, -1.819183
-0.464104, -1.685577
-0.480286, -1.550558
-0.495111, -1.414227
-0.508567, -1.276718
-0.520642, -1.138206
-0.531328, -0.998905
-0.540618, -0.859084
-0.548509, -0.719063
-0.555000, -0.579232
-0.560096, -0.440053
-0.563805, -0.302079
-0.566144, -0.165960
-0.567133, -0.032459
-0.566805, 0.097535
-0.565198, 0.223005
-0.562363, 0.342804
-0.558365, 0.455662
-0.553278, 0.560218
-0.547193, 0.655057
-0.540214, 0.738776
-0.532459, 0.810069
-0.524058, 0.867815
-0.515150, 0.911182
-0.505883, 0.939709
-0.496406, 0.953360
-0.486864, 0.952550
-0.477400, 0.938115
-0.468144, 0.911247
-0.459212, 0.873404
-0.450707, 0.826198
-0.442714, 0.771296
-0.435301, 0.710323
-0.428522, 0.644801
-0.422416, 0.576097
-0.417007, 0.505400
-0.412311, 0.433716
-0.408333, 0.361874
-0.405072, 0.290533
-0.402519, 0.220208
-0.400663, 0.151284
-0.399488, 0.084033
-0.398976, 0.018640
-0.399109, -0.044793
-0.399865, -0.106222
-0.401226, -0.165659
-0.403172, -0.223156
-0.405683, -0.278799
-0.408742, -0.332701
-0.412332, -0.384998
-0.416437, -0.435843
-0.421044, -0.485400
-0.426142, -0.533844
-0.431718, -0.581358
-0.437766, -0.628127
-0.444279, -0.674337
-0.451252, -0.720173
-0.458682, -0.765816
-0.466568, -0.811439
-0.474911, -0.857203
-0.483713, -0.903253
-0.492977, -0.949715
-0.502709, -0.996687
-0.512913, -1.044234
-0.523596, -1.092380
-0.534763, -1.141096
-0.546419, -1.190293
-0.558570, -1.239804
-0.571216, -1.289377
-0.584356, -1.338655
-0.597986, -1.387167
-0.612095, -1.434315
-0.626665, -1.479367
-0.641672, -1.521454
-0.657081, -1.559583
-0.672847, -1.592656
-0.688914, -1.619505
-0.705213, -1.638946
-0.721664, -1.649837
-0.738177, -1.651151
-0.754652, -1.642043
-0.770981, -1.621911
-0.787053, -1.590435
-0.802752, -1.547590
-0.817967, -1.493635
-0.832590, -1.429081
-0.846516, -1.354630
-0.859652, -1.271125
-0.871911, -1.179481
-0.883218, -1.080634
-0.893503, -0.975501
-0.902710, -0.864944
-0.910787, -0.749753
-0.917692, -0.630637
-0.923388, -0.508218
-0.927847, -0.383041
-0.931042, -0.255572
-0.932952, -0.126215
-0.933561, 0.004688
-0.932854, 0.136841
-0.930821, 0.269989
-0.927452, 0.403913
-0.922740, 0.538419
-0.916682, 0.673339
-0.909273, 0.808524
-0.900511, 0.943842
-0.890396, 1.079174
-0.878928, 1.214417
-0.866108, 1.349482
-0.851939, 1.484291
-0.836423, 1.618783
-0.819564, 1.752909
-0.801366, 1.886638
-0.781833, 2.019956
-0.760969, 2.152867
-0.738777, 2.285393
-0.715262, 2.417577
-0.690426, 2.549482
-0.664273, 2.681189
-0.636803, 2.812794
-0.608017, 2.944410
-0.577914, 3.076152
-0.546493, 3.208138
-0.513750, 3.340466
-0.479682, 3.473204
-0.444285, 3.606361
-0.407554, 3.739857
-0.369487, 3.873476
-0.330085, 4.006817
-0.289354, 4.139223
-0.247307, 4.269708
-0.203971, 4.396879
-0.159387, 4.518862
-0.113619, 4.633261
-0.066757, 4.737176
-0.018921, 4.827310
0.029732, 4.900198
0.079014, 4.952549
0.128705, 4.981676
0.178564, 4.985907
0.228339, 4.964874
0.277781, 4.919583
0.326657, 4.852252
0.374763, 4.765951
0.421925, 4.664177
0.468006, 4.550450
0.512905, 4.428015
0.556547, 4.299665
0.598886, 4.167671
0.639894, 4.033795
0.679560, 3.899345
0.717882, 3.765247
0.754868, 3.632126
0.790529, 3.500378
0.824881, 3.370226
0.857940, 3.241771
0.889722, 3.115031
0.920246, 2.989968
0.949527, 2.866510
0.977581, 2.744565
1.004423, 2.624036
1.030066, 2.504823
1.054523, 2.386832
1.077807, 2.269978
1.099927, 2.154184
1.120894, 2.039383
1.140717, 1.925520
1.159407, 1.812551
1.176971, 1.700439
1.193419, 1.589157
1.208757, 1.478684
1.222995, 1.369007
1.236140, 1.260119
1.248200, 1.152013
1.259183, 1.044689
1.269096, 0.938148
1.277948, 0.832391
1.285747, 0.727420
1.292499, 0.623238
1.298214, 0.519845
1.302899, 0.417242
1.306562, 0.315426
1.309210, 0.214392
1.310852, 0.114136
1.311495, 0.014648
1.311147, -0.084082
1.309816, -0.182067
1.307509, -0.279320
1.304232, -0.375858
1.299994, -0.471696
1.294800, -0.566851
1.288659, -0.661336
1.281576, -0.755167
1.273558, -0.848353
1.264611, -0.940899
1.254742, -1.032806
1.243957, -1.124065
1.232263, -1.214657
1.219666, -1.304551
1.206174, -1.393698
1.191795, -1.482034
1.176537, -1.569470
1.160409, -1.655891
1.143423, -1.741153
1.125590, -1.825076
1.106926, -1.907444
1.087447, -1.988000
1.067173, -2.066439
1.046127, -2.142415
1.024335, -2.215534
1.001827, -2.285362
0.978640, -2.351427
0.954813, -2.413233
0.930391, -2.470268
0.905425, -2.522025
0.879970, -2.568022
0.854085, -2.607821
0.827835, -2.641052
0.801287, -2.667431
0.774510, -2.686777
0.747575, -2.699022
0.720553, -2.704209
0.693514, -2.702492
0.666526, -2.694120
0.639653, -2.679419
0.612957, -2.658774
0.586496, -2.632602
0.560322, -2.601333
0.534485, -2.565393
0.509028, -2.525185
0.483994, -2.481081
0.459419, -2.433412
0.435337, -2.382468
0.411779, -2.328495
0.388776, -2.271697
0.366354, -2.212242
0.344540, -2.150264
0.323357, -2.085873
0.302830, -2.019158
0.282981, -1.950192
0.263833, -1.879044
0.245408, -1.805781
0.227725, -1.730477
0.210805, -1.653218
0.194666, -1.574109
0.179328, -1.493281
0.164806, -1.410897
0.151115, -1.327161
0.138266, -1.242321
0.126271, -1.156682
0.115134, -1.070608
0.104859, -0.984532
0.095442, -0.898962
0.086876, -0.814486
0.079146, -0.731777
0.072232, -0.651590
0.066103, -0.574761
0.060722, -0.502201
0.056042, -0.434872
0.052004, -0.373775
0.048542, -0.319909
0.045579, -0.274241
0.043027, -0.237658
0.040793, -0.210927
0.038774, -0.194646
0.036864, -0.189212
0.034953, -0.194795
0.032931, -0.211324
0.030691, -0.238498
0.028127, -0.275800
0.025143, -0.322534
0.021648, -0.377865
0.017560, -0.440862
0.012809, -0.510543
0.007331, -0.585914
0.001075, -0.666001
-0.006002, -0.749878
-0.013933, -0.836682
-0.022743, -0.925626
-0.032450, -1.016004
-0.043066, -1.107192
-0.054595, -1.198645
-0.067038, -1.289892
-0.080391, -1.380534
-0.094645, -1.470232
-0.109791, -1.558703
-0.125815, -1.645713
-0.142700, -1.731067
-0.160430, -1.814607
-0.178986, -1.896200
-0.198347, -1.975733
-0.218493, -2.053109
-0.239402, -2.128237
-0.261050, -2.201023
-0.283414, -2.271370
-0.306469, -2.339165
-0.330188, -2.404272
-0.354545, -2.466531
-0.379509, -2.525745
-0.405049, -2.581678
-0.431130, -2.634049
-0.457717, -2.682533
-0.484767, -2.726759
-0.512236, -2.766316
-0.540076, -2.800761
-0.568233, -2.829632
-0.596649, -2.852468
-0.625261, -2.868825
-0.654002, -2.878307
-0.682803, -2.880589
-0.711589, -2.875438
-0.740286, -2.862732
-0.768819, -2.842474
-0.797111, -2.814795
-0.825091, -2.779947
-0.852687, -2.738293
-0.879835, -2.690284
-0.906474, -2.636435
-0.932546, -2.577304
-0.958004, -2.513466
-0.982802, -2.445487
-1.006902, -2.373913
-1.030270, -2.299255
-1.052878, -2.221978
-1.074702, -2.142495
-1.095722, -2.061170
-1.115921, -1.978316
-1.135284, -1.894196
-1.153801, -1.809029
-1.171462, -1.722991
-1.188258, -1.636226
-1.204184, -1.548842
-1.219233, -1.460922
-1.233401, -1.372527
-1.246683, -1.283695
-1.259074, -1.194451
-1.270570, -1.104805
-1.281168, -1.014757
-1.290864, -0.924298
-1.299653, -0.833412
-1.307531, -0.742080
-1.314493, -0.650277
-1.320535, -0.557976
-1.325651, -0.465152
-1.329836, -0.371774
-1.333084, -0.277816
-1.335390, -0.183250
-1.336747, -0.088050
-1.337149, 0.007807
-1.336589, 0.104344
-1.335060, 0.201582
-1.332555, 0.299537
-1.329066, 0.398225
-1.324588, 0.497661
-1.319111, 0.597855
-1.312628, 0.698818
-1.305132, 0.800557
-1.296614, 0.903081
-1.287068, 1.006395
-1.276484, 1.110506
-1.264855, 1.215423
-1.252173, 1.321154
-1.238429, 1.427710
-1.223616, 1.535107
-1.207724, 1.643364
-1.190745, 1.752503
-1.172671, 1.862555
-1.153491, 1.973558
-1.133196, 2.085555
-1.111776, 2.198601
-1.089221, 2.312756
-1.065517, 2.428091
-1.040655, 2.544684
-1.014619, 2.662621
-0.987397, 2.781988
-0.958974, 2.902873
-0.929335, 3.025355
-0.898462, 3.149497
-0.866339, 3.275329
-0.832950, 3.402833
-0.798277, 3.531919
-0.762307, 3.662385
-0.725026, 3.793883
-0.686427, 3.925861
-0.646510, 4.057505
-0.605282, 4.187664
-0.562767, 4.314786
-0.519003, 4.436859
-0.474054, 4.551390
-0.428010, 4.655442
-0.380991, 4.745763
-0.333152, 4.819024
-0.284678, 4.872154
-0.235784, 4.902728
-0.186704, 4.909327
-0.137678, 4.891763
-0.088946, 4.851101
-0.040726, 4.789472
0.006783, 4.709740
0.053419, 4.615104
0.099047, 4.508751
0.143564, 4.393590
0.186897, 4.272107
0.228992, 4.146308
0.269814, 4.017732
0.309341, 3.887504
0.347562, 3.756404
0.384468, 3.624939
0.420060, 3.493408
0.454337, 3.361959
0.487300, 3.230631
0.518950, 3.099396
0.549288, 2.968178
0.578313, 2.836881
0.606025, 2.705399
0.632420, 2.573630
0.657496, 2.441479
0.681248, 2.308868
0.703672, 2.175736
0.724761, 2.042041
0.744510, 1.907760
0.762914, 1.772891
0.779966, 1.637453
0.795661, 1.501479
0.809994, 1.365026
0.822961, 1.228163
0.834557, 1.090980
0.844780, 0.953581
0.853628, 0.816091
0.861101, 0.678649
0.867202, 0.541418
0.871931, 0.404584
0.875295, 0.268361
0.877301, 0.132993
0.877959, -0.001233
0.877281, -0.133986
0.875285, -0.264879
0.871992, -0.393461
0.867426, -0.519204
0.861619, -0.641501
0.854609, -0.759651
0.846442, -0.872864
0.837172, -0.980260
0.826860, -1.080883
0.815580, -1.173724
0.803415, -1.257762
0.790457, -1.332011
0.776810, -1.395582
0.762584, -1.447754
0.747895, -1.488040
0.732863, -1.516237
0.717610, -1.532465
0.702252, -1.537167
0.686902, -1.531086
0.671663, -1.515210
0.656627, -1.490708
0.641874, -1.458844
0.627470, -1.420908
0.613472, -1.378146
0.599920, -1.331716
0.586846, -1.282648
0.574273, -1.231833
0.562213, -1.180013
0.550674, -1.127789
0.539657, -1.075626
0.529160, -1.023875
0.519177, -0.972779
0.509701, -0.922494
0.500724, -0.873103
0.492236, -0.824625
0.484229, -0.777029
0.476693, -0.730244
0.469621, -0.684166
0.463008, -0.638664
0.456847, -0.593589
0.451135, -0.548774
0.445871, -0.504043
0.441055, -0.459211
0.436688, -0.414087
0.432774, -0.368480
0.429320, -0.322198
0.426333, -0.275051
0.423823, -0.226855
0.421800, -0.177435
0.420279, -0.126626
0.419273, -0.074279
0.418799, -0.020261
0.418874, 0.035534
0.419516, 0.093183
0.420744, 0.152725
0.422577, 0.214153
0.425033, 0.277401
0.428130, 0.342336
0.431884, 0.408736
0.436309, 0.476279
0.441412, 0.544525
0.447200, 0.612891
0.453668, 0.680639
0.460807, 0.746855
0.468597, 0.810446
0.477003, 0.870135
0.485981, 0.924486
0.495470, 0.971931
0.505392, 1.010839
0.515653, 1.039590
0.526145, 1.056680
0.536743, 1.060822
0.547315, 1.051048
0.557716, 1.026784
0.567801, 0.987888
0.577426, 0.934650
0.586449, 0.867747
0.594738, 0.788169
0.602174, 0.697124
0.608647, 0.595947
0.614064, 0.486012
0.618343, 0.368663
0.621416, 0.245166
0.623229, 0.116679
0.623737, -0.015766
0.622904, -0.151262
0.620704, -0.289027
0.617118, -0.428389
0.612133, -0.568778
0.605741, -0.709711
0.597938, -0.850781
0.588726, -0.991648
0.578107, -1.132028
0.566088, -1.271684
0.552676, -1.410425
0.537883, -1.548094
0.521718, -1.684572
0.504196, -1.819768
0.485327, -1.953623
0.465128, -2.086102
0.443610, -2.217194
0.420788, -2.346913
0.396676, -2.475289
0.371287, -2.602369
0.344633, -2.728208
0.316727, -2.852864
0.287579, -2.976389
0.257203, -3.098816
0.225607, -3.220140
0.192804, -3.340302
0.158805, -3.459163
0.123625, -3.576469
0.087282, -3.691817
0.049798, -3.804615
0.011201, -3.914034
-0.028468, -4.018975
-0.069159, -4.118032
-0.110804, -4.209494
-0.153317, -4.291371
-0.196592, -4.361481
-0.240500, -4.417586
-0.284890, -4.457595
-0.329592, -4.479790
-0.374422, -4.483047
-0.419189, -4.467000
-0.463699, -4.432105
-0.507772, -4.379585
-0.551238, -4.311279
-0.593952, -4.229418
-0.635790, -4.136401
-0.676651, -4.034591
-0.716459, -3.926169
-0.755159, -3.813042
-0.792710, -3.696810
-0.829089, -3.578763
-0.864282, -3.459911
-0.898287, -3.341016
-0.931105, -3.222635
-0.962743, -3.105164
-0.993212, -2.988869
-1.022524, -2.873915
-1.050695, -2.760397
-1.077737, -2.648354
-1.103667, -2.537788
-1.128498, -2.428673
-1.152245, -2.320966
-1.174922, -2.214612
-1.196542, -2.109551
-1.217117, -2.005719
-1.236660, -1.903053
-1.255182, -1.801489
-1.272693, -1.700965
-1.289204, -1.601424
-1.304725, -1.502810
-1.319263, -1.405069
-1.332829, -1.308151
-1.345429, -1.212009
-1.357071, -1.116596
-1.367763, -1.021869
-1.377511, -0.927786
-1.386321, -0.834304
-1.394199, -0.741384
-1.401150, -0.648986
-1.407180, -0.557069
-1.412293, -0.465595
-1.416493, -0.374524
-1.419785, -0.283815
-1.422171, -0.193427
-1.423654, -0.103321
-1.424238, -0.013452
-1.423924, 0.076220
-1.422714, 0.165741
-1.420610, 0.255155
-1.417611, 0.344508
-1.413719, 0.433846
-1.408934, 0.523217
-1.403255, 0.612671
-1.396680, 0.702256
-1.389209, 0.792024
-1.380839, 0.882026
-1.371568, 0.972316
-1.361392, 1.062947
-1.350307, 1.153973
-1.338311, 1.245449
-1.325397, 1.337430
-1.311560, 1.429970
-1.296795, 1.523125
-1.281095, 1.616947
-1.264454, 1.711487
-1.246863, 1.806792
-1.228315, 1.902904
-1.208802, 1.999857
-1.188315, 2.097677
-1.166846, 2.196374
-1.144385, 2.295941
-1.120924, 2.396347
-1.096455, 2.497529
-1.070971, 2.599384
-1.044466, 2.701760
-1.016935, 2.804439
-0.988377, 2.907124
-0.958794, 3.009425
-0.928192, 3.110837
-0.896582, 3.210723
-0.863985, 3.308299
-0.830427, 3.402623
-0.795947, 3.492592
-0.760594, 3.576953
-0.724431, 3.654335
-0.687535, 3.723295
-0.649998, 3.782400
-0.611925, 3.830313
-0.573433, 3.865895
-0.534651, 3.888310
-0.495712, 3.897093
-0.456754, 3.892193
-0.417913, 3.873970
-0.379317, 3.843143
-0.341089, 3.800714
-0.303338, 3.747862
-0.266162, 3.685849
-0.229647, 3.615924
-0.193866, 3.539259
-0.158881, 3.456903
-0.124744, 3.369754
-0.091499, 3.278560
-0.059184, 3.183915
-0.027831, 3.086283
0.002533, 2.986011
0.031881, 2.883350
0.060192, 2.778473
0.087444, 2.671499
0.113616, 2.562501
0.138687, 2.451528
0.162640, 2.338611
0.185453, 2.223778
0.207109, 2.107058
0.227588, 1.988494
0.246873, 1.868145
0.264945, 1.746096
0.281790, 1.622461
0.297390, 1.497388
0.311733, 1.371068
0.324808, 1.243741
0.336606, 1.115700
0.347121, 0.987303
0.356352, 0.858979
0.364302, 0.731237
0.370981, 0.604682
0.376402, 0.480014
0.380590, 0.358046
0.383575, 0.239705
0.385399, 0.126032
0.386115, 0.018174
0.385786, -0.082633
0.384490, -0.175095
0.382317, -0.257910
0.379368, -0.329823
0.375760, -0.389707
0.371618, -0.436635
0.367073, -0.469955
0.362265, -0.489356
0.357332, -0.494894
0.352412, -0.487006
0.347634, -0.466473
0.343121, -0.434366
0.338981, -0.391971
0.335311, -0.340703
0.332192, -0.282023
0.329691, -0.217369
0.327860, -0.148096
0.326740, -0.075447
0.326359, -0.000520
0.326734, 0.075733
0.327875, 0.152511
0.329784, 0.229149
0.332456, 0.305116
0.335882, 0.379989
0.340051, 0.453452
0.344946, 0.525269
0.350550, 0.595282
0.356845, 0.663394
0.363812, 0.729558
0.371430, 0.793771
0.379681, 0.856068
0.388545, 0.916508
0.398005, 0.975176
0.408043, 1.032174
0.418643, 1.087617
0.429790, 1.141628
0.441471, 1.194333
0.453673, 1.245861
0.466385, 1.296334
0.479597, 1.345865
0.493299, 1.394554
0.507485, 1.442480
0.522147, 1.489698
0.537277, 1.536226
0.552869, 1.582046
0.568915, 1.627089
0.585408, 1.671228
0.602336, 1.714270
0.619689, 1.755947
0.637449, 1.795910
0.655600, 1.833721
0.674115, 1.868854
0.692966, 1.900697
0.712116, 1.928563
0.731521, 1.951708
0.751131, 1.969353
0.770887, 1.980724
0.790723, 1.985085
0.810564, 1.981783
0.830331, 1.970288
0.849941, 1.950225
0.869306, 1.921394
0.888339, 1.883784
0.906953, 1.837564
0.925063, 1.783059
0.942588, 1.720727
0.959453, 1.651124
0.975588, 1.574860
0.990930, 1.492575
1.005422, 1.404903
1.019012, 1.312452
1.031657, 1.215790
1.043316, 1.115434
1.053955, 1.011844
1.063543, 0.905425
1.072055, 0.796528
1.079467, 0.685456
1.085758, 0.572466
1.090910, 0.457778
1.094908, 0.341581
1.097738, 0.224035
1.099385, 0.105279
1.099839, -0.014566
1.099090, -0.135394
1.097129, -0.257107
1.093946, -0.379618
1.089534, -0.502846
1.083887, -0.626715
1.076998, -0.751153
1.068862, -0.876092
1.059474, -1.001468
1.048831, -1.127221
1.036929, -1.253296
1.023764, -1.379644
1.009335, -1.506221
0.993639, -1.632994
0.976675, -1.759940
0.958440, -1.887045
0.938933, -2.014311
0.918153, -2.141752
0.896098, -2.269401
0.872764, -2.397307
0.848150, -2.525538
0.822252, -2.654179
0.795065, -2.783334
0.766583, -2.913122
0.736800, -3.043672
0.705707, -3.175118
0.673294, -3.307591
0.639551, -3.441200
0.604466, -3.576016
0.568027, -3.712041
0.530222, -3.849171
0.491041, -3.987146
0.450478, -4.125485
0.408532, -4.263411
0.365215, -4.399756
0.320548, -4.532867
0.274575, -4.660529
0.227365, -4.779915
0.179016, -4.887629
0.129664, -4.979856
0.079484, -5.052667
0.028687, -5.102469
-0.022480, -5.126520
-0.073752, -5.123388
-0.124857, -5.093219
-0.175532, -5.037710
-0.225537, -4.959802
-0.274665, -4.863203
-0.322751, -4.751872
-0.369666, -4.629596
-0.415318, -4.499708
-0.459645, -4.364957
-0.502608, -4.227486
-0.544191, -4.088885
-0.584386, -3.950274
-0.623198, -3.812399
-0.660638, -3.675721
-0.696718, -3.540490
-0.731453, -3.406808
-0.764859, -3.274674
-0.796951, -3.144024
-0.827744, -3.014756
-0.857251, -2.886746
-0.885483, -2.759868
-0.912451, -2.633997
-0.938166, -2.509017
-0.962634, -2.384827
-0.985865, -2.261339
-1.007863, -2.138484
-1.028636, -2.016204
-1.048189, -1.894461
-1.066527, -1.773228
-1.083655, -1.652492
-1.099579, -1.532250
-1.114302, -1.412509
-1.127831, -1.293285
-1.140170, -1.174600
-1.151324, -1.056479
-1.161301, -0.938954
-1.170106, -0.822058
-1.177744, -0.705826
-1.184224, -0.590295
-1.189553, -0.475499
-1.193737, -0.361477
-1.196785, -0.248263
-1.198705, -0.135893
-1.199506, -0.024405
-1.199196, 0.086164
-1.197786, 0.195776
-1.195284, 0.304387
-1.191702, 0.411951
-1.187049, 0.518414
-1.181337, 0.623713
-1.174579, 0.727772
-1.166786, 0.830504
-1.157973, 0.931798
-1.148155, 1.031526
-1.137349, 1.129530
-1.125571, 1.225623
-1.112843, 1.319584
-1.099187, 1.411150
-1.084629, 1.500021
-1.069197, 1.585849
-1.052924, 1.668247
-1.035845, 1.746783
-1.018002, 1.820994
-0.999441, 1.890390
-0.980212, 1.954473
-0.960371, 2.012751
-0.939978, 2.064761
-0.919098, 2.110095
-0.897800, 2.148425
-0.876154, 2.179520
-0.854234, 2.203268
-0.832113, 2.219685
-0.809864, 2.228916
-0.787558, 2.231227
-0.765261, 2.226988
-0.743038, 2.216653
-0.720947, 2.200731
-0.699040, 2.179761
-0.677367, 2.154283
-0.655968, 2.124820
-0.634882, 2.091857
-0.614141, 2.055830
-0.593774, 2.017117
-0.573807, 1.976037
-0.554261, 1.932848
-0.535156, 1.887750
-0.516511, 1.840892
-0.498344, 1.792375
-0.480669, 1.742257
-0.463504, 1.690567
-0.446863, 1.637303
-0.430763, 1.582441
-0.415220, 1.525947
-0.400250, 1.467773
-0.385870, 1.407870
-0.372098, 1.346191
-0.358952, 1.282697
-0.346451, 1.217361
-0.334611, 1.150177
-0.323453, 1.081162
-0.312994, 1.010364
-0.303251, 0.937872
-0.294242, 0.863818
-0.285980, 0.788390
-0.278478, 0.711841
-0.271746, 0.634494
-0.265789, 0.556757
-0.260610, 0.479134
-0.256204, 0.402226
-0.252561, 0.326749
-0.249662, 0.253529
-0.247480, 0.183508
-0.245977, 0.117730
-0.245107, 0.057328
-0.244809, 0.003494
-0.245011, -0.042562
-0.245630, -0.079658
-0.246571, -0.106703
-0.247728, -0.122753
-0.248987, -0.127078
-0.250228, -0.119200
-0.251329, -0.098933
-0.252166, -0.066388
-0.252618, -0.021959
-0.252568, 0.033705
-0.251909, 0.099754
-0.250541, 0.175188
-0.248377, 0.258918
-0.245339, 0.349820
-0.241361, 0.446778
-0.236387, 0.548720
-0.230373, 0.654645
-0.223284, 0.763634
-0.215093, 0.874863
-0.205782, 0.987600
-0.195338, 1.101206
-0.183756, 1.215128
-0.171036, 1.328893
-0.157180, 1.442098
-0.142197, 1.554405
-0.126096, 1.665535
-0.108891, 1.775253
-0.090597, 1.883369
-0.071230, 1.989728
-0.050808, 2.094201
-0.029352, 2.196681
-0.006882, 2.297073
0.016582, 2.395291
0.041017, 2.491244
0.066399, 2.584830
0.092705, 2.675927
0.119909, 2.764380
0.147983, 2.849991
0.176898, 2.932508
0.206622, 3.011610
0.237118, 3.086901
0.268346, 3.157902
0.300260, 3.224040
0.332808, 3.284661
0.365932, 3.339031
0.399565, 3.386362
0.433633, 3.425841
0.468053, 3.456673
0.502735, 3.478132
0.537583, 3.489616
0.572493, 3.490697
0.607361, 3.481164
0.642081, 3.461051
0.676548, 3.430636
0.710661, 3.390432
0.744326, 3.341142
0.777456, 3.283621
0.809974, 3.218810
0.841811, 3.147690
0.872910, 3.071234
0.903221, 2.990365
0.932706, 2.905933
0.961331, 2.818699
0.989072, 2.729325
1.015912, 2.638377
1.041836, 2.546328
1.066836, 2.453564
1.090906, 2.360397
1.114044, 2.267073
1.136248, 2.173779
1.157520, 2.080657
1.177862, 1.987807
1.197277, 1.895298
1.215769, 1.803172
1.233342, 1.711449
1.249999, 1.620132
1.265746, 1.529211
1.280585, 1.438665
1.294520, 1.348464
1.307555, 1.258573
1.319693, 1.168950
1.330935, 1.079552
1.341284, 0.990332
1.350742, 0.901242
1.359309, 0.812232
1.366987, 0.723254
1.373774, 0.634258
1.379672, 0.545195
1.384678, 0.456017
1.388792, 0.366676
1.392011, 0.277126
1.394333, 0.187324
1.395756, 0.097224
1.396277, 0.006786
1.395891, -0.084030
1.394595, -0.175264
1.392384, -0.266952
1.389254, -0.359130
1.385200, -0.451832
1.380215, -0.545091
1.374296, -0.638938
1.367435, -0.733405
1.359625, -0.828521
1.350862, -0.924316
1.341137, -1.020821
1.330443, -1.118065
1.318773, -1.216079
1.306119, -1.314897
1.292472, -1.414552
1.277825, -1.515080
1.262168, -1.616522
1.245491, -1.718920
1.227786, -1.822320
1.209041, -1.926773
1.189247, -2.032334
1.168391, -2.139060
1.146461, -2.247016
1.123446, -2.356264
1.099332, -2.466871
1.074104, -2.578900
1.047749, -2.692409
1.020251, -2.807442
0.991595, -2.924026
0.961765, -3.042155
0.930747, -3.161780
0.898525, -3.282784
0.865087, -3.404965
0.830423, -3.527997
0.794526, -3.651398
0.757396, -3.774483
0.719040, -3.896314
0.679478, -4.015657
0.638741, -4.130935
