0.220000, 3.055951
0.250416, 3.025822
0.280489, 2.987442
0.310139, 2.941308
0.339291, 2.888009
0.367877, 2.828193
0.395836, 2.762534
0.423111, 2.691700
0.449654, 2.616336
0.475424, 2.537038
0.500384, 2.454350
0.524502, 2.368755
0.547751, 2.280675
0.570108, 2.190473
0.591554, 2.098460
0.612072, 2.004896
0.631648, 1.910002
0.650268, 1.813963
0.667924, 1.716935
0.684604, 1.619050
0.700302, 1.520422
0.715011, 1.421150
0.728723, 1.321325
0.741435, 1.221029
0.753143, 1.120344
0.763841, 1.019351
0.773529, 0.918132
0.782203, 0.816776
0.789864, 0.715382
0.796511, 0.614058
0.802146, 0.512928
0.806771, 0.412132
0.810390, 0.311832
0.813010, 0.212213
0.814638, 0.113488
0.815283, 0.015897
0.814960, -0.080287
0.813683, -0.174761
0.811472, -0.267194
0.808348, -0.357224
0.804337, -0.444474
0.799469, -0.528553
0.793777, -0.609073
0.787300, -0.685659
0.780078, -0.757973
0.772156, -0.825723
0.763580, -0.888685
0.754399, -0.946714
0.744662, -0.999755
0.734420, -1.047844
0.723722, -1.091107
0.712614, -1.129753
0.701141, -1.164060
0.689346, -1.194360
0.677266, -1.221020
0.664936, -1.244426
0.652387, -1.264967
0.639645, -1.283020
0.626734, -1.298941
0.613672, -1.313057
0.600478, -1.325658
0.587163, -1.337000
0.573741, -1.347299
0.560220, -1.356733
0.546609, -1.365447
0.532913, -1.373548
0.519140, -1.381116
0.505293, -1.388201
0.491377, -1.394827
0.477398, -1.400997
0.463359, -1.406692
0.449265, -1.411876
0.435123, -1.416495
0.420938, -1.420483
0.406716, -1.423758
0.392465, -1.426231
0.378194, -1.427799
0.363913, -1.428351
0.349631, -1.427770
0.335361, -1.425928
0.321117, -1.422694
0.306913, -1.417931
0.292764, -1.411497
0.278689, -1.403246
0.264706, -1.393028
0.250835, -1.380694
0.237099, -1.366089
0.223521, -1.349060
0.210127, -1.329453
0.196942, -1.307116
0.183994, -1.281894
0.171314, -1.253640
0.158932, -1.222206
0.146881, -1.187449
0.135194, -1.149231
0.123908, -1.107418
0.113058, -1.061883
0.102683, -1.012510
0.092821, -0.959188
0.083513, -0.901820
0.074799, -0.840323
0.066720, -0.774631
0.059320, -0.704701
0.052641, -0.630520
0.046724, -0.552111
0.041612, -0.469551
0.037346, -0.382981
0.033965, -0.292635
0.031505, -0.198866
0.029998, -0.102183
0.029469, -0.003301
0.029936, 0.096802
0.031405, 0.196828
0.033866, 0.295087
0.037293, 0.389460
0.041634, 0.477380
0.046810, 0.555888
0.052710, 0.621778
0.059192, 0.671854
0.066085, 0.703287
0.073189, 0.713996
0.080292, 0.702990
0.087177, 0.670529
0.093636, 0.618082
0.099480, 0.548073
0.104549, 0.463513
0.108713, 0.367619
0.111874, 0.263497
0.113964, 0.153933
0.114942, 0.041295
0.114786, -0.072491
0.113494, -0.185910
0.111073, -0.297802
0.107546, -0.407299
0.102938, -0.513769
0.097282, -0.616757
0.090615, -0.715947
0.082976, -0.811129
0.074406, -0.902171
0.064947, -0.989003
0.054640, -1.071598
0.043529, -1.149966
0.031655, -1.224145
0.019060, -1.294195
0.005785, -1.360194
-0.008131, -1.422239
-0.022647, -1.480435
-0.037727, -1.534902
-0.053333, -1.585769
-0.069431, -1.633175
-0.085986, -1.677264
-0.102966, -1.718188
-0.120340, -1.756104
-0.138078, -1.791170
-0.156154, -1.823548
-0.174541, -1.853401
-0.193214, -1.880890
-0.212151, -1.906172
-0.231331, -1.929402
-0.250733, -1.950726
-0.270339, -1.970280
-0.290133, -1.988191
-0.310098, -2.004570
-0.330220, -2.019509
-0.350484, -2.033082
-0.370877, -2.045335
-0.391386, -2.056287
-0.411998, -2.065921
-0.432700, -2.074183
-0.453477, -2.080973
-0.474314, -2.086143
-0.495194, -2.089490
-0.516097, -2.090754
-0.537001, -2.089613
-0.557880, -2.085687
-0.578704, -2.078538
-0.599438, -2.067682
-0.620043, -2.052602
-0.640474, -2.032766
-0.660681, -2.007657
-0.680608, -1.976800
-0.700197, -1.939797
-0.719383, -1.896355
-0.738102, -1.846315
-0.756287, -1.789667
-0.773873, -1.726553
-0.790798, -1.657261
-0.806999, -1.582206
-0.822424, -1.501897
-0.837022, -1.416911
-0.850749, -1.327853
-0.863567, -1.235328
-0.875446, -1.139917
-0.886358, -1.042156
-0.896283, -0.942529
-0.905204, -0.841456
-0.913108, -0.739296
-0.919987, -0.636347
-0.925833, -0.532855
-0.930643, -0.429012
-0.934413, -0.324970
-0.937142, -0.220846
-0.938830, -0.116722
-0.939477, -0.012659
-0.939083, 0.091305
-0.937651, 0.195146
-0.935181, 0.298854
-0.931674, 0.402430
-0.927133, 0.505881
-0.921557, 0.609217
-0.914949, 0.712456
-0.907308, 0.815614
-0.898637, 0.918708
-0.888934, 1.021755
-0.878202, 1.124767
-0.866439, 1.227750
-0.853647, 1.330705
-0.839825, 1.433619
-0.824974, 1.536468
-0.809096, 1.639206
-0.792191, 1.741764
-0.774262, 1.844044
-0.755311, 1.945906
-0.735345, 2.047165
-0.714371, 2.147574
-0.692398, 2.246820
-0.669440, 2.344508
-0.645515, 2.440151
-0.620645, 2.533165
-0.594862, 2.622860
-0.568202, 2.708450
-0.540710, 2.789058
-0.512441, 2.863751
-0.483458, 2.931568
-0.453835, 2.991579
-0.423655, 3.042937
-0.393008, 3.084941
-0.361989, 3.117094
-0.330700, 3.139134
-0.299240, 3.151057
-0.267711, 3.153106
-0.236210, 3.145740
-0.204826, 3.129586
-0.173645, 3.105378
-0.142743, 3.073904
-0.112188, 3.035953
-0.082043, 2.992273
-0.052360, 2.943543
-0.023187, 2.890358
0.005434, 2.833221
0.033466, 2.772543
0.060875, 2.708652
0.087629, 2.641799
0.113701, 2.572172
0.139064, 2.499902
0.163691, 2.425079
0.187557, 2.347760
0.210638, 2.267976
0.232909, 2.185745
0.254345, 2.101071
0.274922, 2.013960
0.294616, 1.924415
0.313402, 1.832449
0.331257, 1.738084
0.348156, 1.641358
0.364076, 1.542328
0.378995, 1.441075
0.392891, 1.337708
0.405743, 1.232372
0.417532, 1.125254
0.428242, 1.016589
0.437860, 0.906674
0.446373, 0.795878
0.453776, 0.684654
0.460066, 0.573554
0.465250, 0.463245
0.469337, 0.354519
0.472348, 0.248300
0.474315, 0.145647
0.475277, 0.047737
0.475289, -0.044167
0.474418, -0.128763
0.472743, -0.204788
0.470355, -0.271110
0.467356, -0.326821
0.463856, -0.371333
0.459967, -0.404440
0.455804, -0.426348
0.451476, -0.437653
0.447083, -0.439290
0.442718, -0.432437
0.438459, -0.418419
0.434369, -0.398608
0.430501, -0.374344
0.426893, -0.346874
0.423571, -0.317315
0.420550, -0.286634
0.417839, -0.255647
0.415436, -0.225024
0.413336, -0.195306
0.411526, -0.166916
0.409992, -0.140178
0.408716, -0.115335
0.407678, -0.092558
0.406857, -0.071964
0.406231, -0.053621
0.405777, -0.037563
0.405472, -0.023791
0.405294, -0.012285
0.405219, -0.003001
0.405227, 0.004115
0.405295, 0.009134
0.405403, 0.012135
0.405531, 0.013205
0.405661, 0.012437
0.405774, 0.009931
0.405854, 0.005790
0.405885, 0.000120
0.405851, -0.006969
0.405741, -0.015366
0.405540, -0.024957
0.405238, -0.035627
0.404824, -0.047260
0.404290, -0.059740
0.403627, -0.072946
0.402829, -0.086761
0.401890, -0.101065
0.400807, -0.115737
0.399575, -0.130656
0.398193, -0.145701
0.396661, -0.160750
0.394978, -0.175680
0.393148, -0.190369
0.391172, -0.204693
0.389056, -0.218528
0.386804, -0.231751
0.384423, -0.244237
0.381922, -0.255861
0.379309, -0.266499
0.376596, -0.276026
0.373793, -0.284317
0.370914, -0.291246
0.367973, -0.296691
0.364985, -0.300527
0.361968, -0.302630
0.358939, -0.302878
0.355917, -0.301152
0.352923, -0.297331
0.349978, -0.291300
0.347105, -0.282944
0.344327, -0.272155
0.341670, -0.258828
0.339159, -0.242866
0.336822, -0.224178
0.334685, -0.202686
0.332778, -0.178324
0.331128, -0.151044
0.329767, -0.120819
0.328722, -0.087651
0.328023, -0.051578
0.327700, -0.012683
0.327778, 0.028892
0.328286, 0.072931
0.329244, 0.119127
0.330674, 0.167056
0.332589, 0.216155
0.334999, 0.265696
0.337902, 0.314754
0.341288, 0.362187
0.345135, 0.406627
0.349406, 0.446482
0.354044, 0.479976
0.358978, 0.505221
0.364115, 0.520331
0.369345, 0.523573
0.374542, 0.513537
0.379568, 0.489290
0.384279, 0.450489
0.388530, 0.397420
0.392183, 0.330957
0.395109, 0.252440
0.397197, 0.163529
0.398351, 0.066032
0.398495, -0.038238
0.397569, -0.147570
0.395532, -0.260423
0.392354, -0.375464
0.388019, -0.491568
0.382522, -0.607806
0.375865, -0.723430
0.368057, -0.837840
0.359114, -0.950567
0.349053, -1.061244
0.337896, -1.169591
0.325669, -1.275394
0.312398, -1.378499
0.298109, -1.478797
0.282831, -1.576214
0.266594, -1.670712
0.249427, -1.762274
0.231358, -1.850911
0.212418, -1.936648
0.192635, -2.019527
0.172037, -2.099602
0.150652, -2.176935
0.128507, -2.251595
0.105629, -2.323648
0.082043, -2.393159
0.057774, -2.460181
0.032847, -2.524751
0.007287, -2.586881
-0.018882, -2.646548
-0.045635, -2.703687
-0.072947, -2.758176
-0.100789, -2.809826
-0.129133, -2.858366
-0.157945, -2.903435
-0.187189, -2.944570
-0.216822, -2.981203
-0.246796, -3.012661
-0.277055, -3.038180
-0.307537, -3.056931
-0.338168, -3.068055
-0.368869, -3.070722
-0.399552, -3.064193
-0.430121, -3.047887
-0.460476, -3.021445
-0.490515, -2.984776
-0.520138, -2.938076
-0.549245, -2.881818
-0.577745, -2.816716
-0.605553, -2.743663
-0.632595, -2.663665
-0.658807, -2.577767
-0.684134, -2.486995
-0.708533, -2.392308
-0.731970, -2.294568
-0.754417, -2.194523
-0.775855, -2.092802
-0.796269, -1.989922
-0.815651, -1.886296
-0.833994, -1.782243
-0.851295, -1.678006
-0.867554, -1.573764
-0.882771, -1.469640
-0.896947, -1.365718
-0.910086, -1.262045
-0.922189, -1.158643
-0.933260, -1.055516
-0.943300, -0.952650
-0.952314, -0.850019
-0.960301, -0.747591
-0.967266, -0.645325
-0.973208, -0.543179
-0.978130, -0.441104
-0.982030, -0.339053
-0.984911, -0.236976
-0.986770, -0.134824
-0.987607, -0.032549
-0.987420, 0.069894
-0.986208, 0.172546
-0.983968, 0.275445
-0.980698, 0.378619
-0.976395, 0.482089
-0.971056, 0.585860
-0.964677, 0.689922
-0.957256, 0.794246
-0.948791, 0.898771
-0.939280, 1.003407
-0.928723, 1.108018
-0.917121, 1.212422
-0.904476, 1.316373
-0.890796, 1.419558
-0.876089, 1.521585
-0.860370, 1.621977
-0.843657, 1.720167
-0.825976, 1.815505
-0.807359, 1.907264
-0.787845, 1.994661
-0.767483, 2.076890
-0.746327, 2.153162
-0.724442, 2.222752
-0.701896, 2.285049
-0.678767, 2.339603
-0.655131, 2.386158
-0.631070, 2.424669
-0.606664, 2.455298
-0.581989, 2.478393
-0.557120, 2.494453
-0.532122, 2.504077
-0.507057, 2.507919
-0.481980, 2.506648
-0.456939, 2.500906
-0.431975, 2.491281
-0.407125, 2.478297
-0.382419, 2.462395
-0.357885, 2.443937
-0.333548, 2.423204
-0.309428, 2.400405
-0.285546, 2.375681
-0.261921, 2.349115
-0.238570, 2.320738
-0.215512, 2.290538
-0.192765, 2.258469
-0.170349, 2.224454
-0.148283, 2.188393
-0.126588, 2.150168
-0.105287, 2.109646
-0.084404, 2.066686
-0.063962, 2.021141
-0.043990, 1.972860
-0.024515, 1.921693
-0.005566, 1.867491
0.012825, 1.810111
0.030625, 1.749415
0.047801, 1.685275
0.064319, 1.617573
0.080141, 1.546202
0.095230, 1.471069
0.109549, 1.392099
0.123059, 1.309234
0.135721, 1.222436
0.147495, 1.131697
0.158342, 1.037037
0.168223, 0.938517
0.177099, 0.836249
0.184936, 0.730407
0.191696, 0.621249
0.197351, 0.509141
0.201871, 0.394586
0.205237, 0.278267
0.207434, 0.161091
0.208459, 0.044240
0.208324, -0.070778
0.207056, -0.182093
0.204702, -0.287458
0.201335, -0.384294
0.197054, -0.469799
0.191987, -0.541149
0.186287, -0.595781
0.180133, -0.631715
0.173719, -0.647846
0.167243, -0.644126
0.160899, -0.621576
0.154868, -0.582126
0.149305, -0.528333
0.144339, -0.463052
0.140072, -0.389147
0.136576, -0.309274
0.133899, -0.225753
0.132067, -0.140521
0.131089, -0.055135
0.130961, 0.029190
0.131666, 0.111532
0.133182, 0.191207
0.135480, 0.267724
0.138525, 0.340739
0.142282, 0.410024
0.146713, 0.475437
0.151778, 0.536902
0.157438, 0.594397
0.163653, 0.647933
0.170383, 0.697554
0.177591, 0.743325
0.185237, 0.785328
0.193285, 0.823659
0.201698, 0.858424
0.210442, 0.889738
0.219482, 0.917723
0.228786, 0.942506
0.238322, 0.964219
0.248060, 0.982998
0.257973, 0.998980
0.268031, 1.012306
0.278210, 1.023117
0.288486, 1.031556
0.298834, 1.037766
0.309234, 1.041890
0.319665, 1.044071
0.330109, 1.044449
0.340549, 1.043167
0.350968, 1.040361
0.361351, 1.036168
0.371687, 1.030723
0.381962, 1.024157
0.392167, 1.016597
0.402291, 1.008170
0.412328, 0.998995
0.422269, 0.989190
0.432110, 0.978868
0.441845, 0.968137
0.451471, 0.957100
0.460986, 0.945854
0.470388, 0.934489
0.479676, 0.923091
0.488850, 0.911735
0.497911, 0.900490
0.506860, 0.889414
0.515700, 0.878555
0.524432, 0.867950
0.533060, 0.857618
0.541586, 0.847568
0.550012, 0.837787
0.558342, 0.828244
0.566578, 0.818883
0.574720, 0.809625
0.582770, 0.800359
0.590727, 0.790944
0.598588, 0.781204
0.606349, 0.770923
0.614004, 0.759847
0.621542, 0.747683
0.628953, 0.734094
0.636218, 0.718708
0.643319, 0.701120
0.650232, 0.680901
0.656927, 0.657609
0.663372, 0.630801
0.669530, 0.600055
0.675359, 0.564985
0.680814, 0.525261
0.685848, 0.480625
0.690410, 0.430908
0.694449, 0.376037
0.697914, 0.316039
0.700753, 0.251039
0.702918, 0.181250
0.704363, 0.106962
0.705044, 0.028522
0.704921, -0.053682
0.703959, -0.139237
0.702126, -0.227721
0.699396, -0.318720
0.695745, -0.411833
0.691154, -0.506680
0.685607, -0.602910
0.679092, -0.700202
0.671600, -0.798260
0.663125, -0.896819
0.653663, -0.995642
0.643212, -1.094512
0.631773, -1.193236
0.619348, -1.291637
0.605942, -1.389553
0.591559, -1.486833
0.576208, -1.583335
0.559896, -1.678921
0.542633, -1.773453
0.524431, -1.866791
0.505302, -1.958788
0.485260, -2.049285
0.464322, -2.138109
0.442504, -2.225062
0.419827, -2.309924
0.396313, -2.392438
0.371987, -2.472314
0.346877, -2.549217
0.321014, -2.622766
0.294434, -2.692532
0.267178, -2.758041
0.239289, -2.818773
0.210820, -2.874175
0.181826, -2.923674
0.152368, -2.966696
0.122515, -3.002687
0.092339, -3.031144
0.061919, -3.051639
0.031334, -3.063850
0.000670, -3.067579
-0.029989, -3.062765
-0.060557, -3.049492
-0.090951, -3.027982
-0.121090, -2.998575
-0.150898, -2.961714
-0.180301, -2.917911
-0.209235, -2.867723
-0.237637, -2.811726
-0.265452, -2.750487
-0.292631, -2.684555
-0.319129, -2.614437
-0.344907, -2.540601
-0.369930, -2.463465
-0.394167, -2.383400
-0.417589, -2.300732
-0.440173, -2.215745
-0.461897, -2.128687
-0.482741, -2.039774
-0.502687, -1.949199
-0.521720, -1.857133
-0.539825, -1.763731
-0.556991, -1.669141
-0.573205, -1.573503
-0.588458, -1.476954
-0.602741, -1.379635
-0.616048, -1.281692
-0.628374, -1.183279
-0.639713, -1.084563
-0.650064, -0.985727
-0.659428, -0.886970
-0.667805, -0.788518
-0.675200, -0.690616
-0.681620, -0.593540
-0.687074, -0.497593
-0.691577, -0.403111
-0.695143, -0.310453
-0.697793, -0.220011
-0.699552, -0.132192
-0.700447, -0.047421
-0.700512, 0.033879
-0.699782, 0.111295
-0.698300, 0.184441
-0.696109, 0.252979
-0.693257, 0.316635
-0.689793, 0.375214
-0.685770, 0.428615
-0.681238, 0.476836
-0.676250, 0.519975
-0.670855, 0.558228
-0.665101, 0.591877
-0.659032, 0.621272
-0.652688, 0.646815
-0.646107, 0.668942
-0.639319, 0.688101
-0.632353, 0.704738
-0.625231, 0.719282
-0.617973, 0.732134
-0.610593, 0.743663
-0.603103, 0.754197
-0.595512, 0.764024
-0.587824, 0.773390
-0.580045, 0.782501
-0.572174, 0.791528
-0.564214, 0.800605
-0.556162, 0.809835
-0.548016, 0.819292
-0.539775, 0.829028
-0.531435, 0.839068
-0.522993, 0.849420
-0.514445, 0.860075
-0.505790, 0.871008
-0.497024, 0.882180
-0.488146, 0.893541
-0.479153, 0.905031
-0.470045, 0.916581
-0.460822, 0.928112
-0.451483, 0.939540
-0.442032, 0.950772
-0.432469, 0.961711
-0.422799, 0.972254
-0.413025, 0.982291
-0.403155, 0.991711
-0.393194, 1.000396
-0.383150, 1.008226
-0.373032, 1.015074
-0.362852, 1.020814
-0.352620, 1.025314
-0.342350, 1.028441
-0.332056, 1.030058
-0.321755, 1.030028
-0.311462, 1.028210
-0.301197, 1.024465
-0.290980, 1.018648
-0.280831, 1.010619
-0.270775, 1.000235
-0.260835, 0.987352
-0.251037, 0.971831
-0.241408, 0.953531
-0.231976, 0.932313
-0.222771, 0.908045
-0.213826, 0.880592
-0.205171, 0.849830
-0.196840, 0.815635
-0.188870, 0.777893
-0.181295, 0.736497
-0.174152, 0.691351
-0.167480, 0.642373
-0.161318, 0.589498
-0.155704, 0.532681
-0.150677, 0.471909
-0.146279, 0.407205
-0.142546, 0.338642
-0.139518, 0.266358
-0.137231, 0.190579
-0.135717, 0.111643
-0.135007, 0.030035
-0.135123, -0.053572
-0.136082, -0.138267
-0.137888, -0.222853
-0.140534, -0.305793
-0.143992, -0.385174
-0.148218, -0.458704
-0.153138, -0.523754
-0.158655, -0.577485
-0.164640, -0.617054
-0.170940, -0.639905
-0.177376, -0.644087
-0.183756, -0.628543
-0.189881, -0.593269
-0.195559, -0.539316
-0.200611, -0.468612
-0.204884, -0.383681
-0.208247, -0.287319
-0.210601, -0.182315
-0.211873, -0.071249
-0.212014, 0.043630
-0.210994, 0.160439
-0.208803, 0.277659
-0.205444, 0.394097
-0.200927, 0.508835
-0.195275, 0.621180
-0.188513, 0.730619
-0.180673, 0.836781
-0.171790, 0.939401
-0.161898, 1.038300
-0.151036, 1.133363
-0.139244, 1.224524
-0.126559, 1.311761
-0.113021, 1.395081
-0.098670, 1.474517
-0.083544, 1.550125
-0.067680, 1.621981
-0.051116, 1.690176
-0.033889, 1.754814
-0.016032, 1.816012
0.002421, 1.873900
0.021436, 1.928611
0.040983, 1.980290
0.061032, 2.029083
0.081555, 2.075140
0.102526, 2.118611
0.123919, 2.159642
0.145711, 2.198373
0.167880, 2.234935
0.190403, 2.269444
0.213262, 2.301996
0.236437, 2.332667
0.259909, 2.361498
0.283661, 2.388497
0.307673, 2.413626
0.331927, 2.436795
0.356402, 2.457855
0.381076, 2.476587
0.405925, 2.492697
0.430920, 2.505813
0.456030, 2.515478
0.481216, 2.521159
0.506437, 2.522252
0.531644, 2.518108
0.556780, 2.508053
0.581783, 2.491433
0.606585, 2.467655
0.631111, 2.436237
0.655283, 2.396853
0.679021, 2.349368
0.702243, 2.293859
0.724872, 2.230614
0.746831, 2.160114
0.768052, 2.082994
0.788472, 1.999998
0.808035, 1.911929
0.826696, 1.819596
0.844416, 1.723783
0.861163, 1.625210
0.876913, 1.524522
0.891648, 1.422274
0.905355, 1.318933
0.918024, 1.214882
0.929651, 1.110424
0.940232, 1.005794
0.949767, 0.901170
0.958256, 0.796679
0.965701, 0.692406
0.972105, 0.588407
0.977470, 0.484708
0.981800, 0.381316
0.985098, 0.278222
0.987365, 0.175403
0.988606, 0.072830
0.988823, -0.029536
0.988016, -0.131738
0.986188, -0.233822
0.983340, -0.335837
0.979472, -0.437832
0.974583, -0.539858
0.968674, -0.641964
0.961744, -0.744196
0.953790, -0.846600
0.944811, -0.949215
0.934805, -1.052074
0.923769, -1.155203
0.911700, -1.258614
0.898595, -1.362304
0.884453, -1.466250
0.869270, -1.570402
0.853044, -1.674676
0.835776, -1.778945
0.817466, -1.883028
0.798117, -1.986677
0.777735, -2.089566
0.756330, -2.191279
0.733915, -2.291291
0.710512, -2.388966
0.686146, -2.483549
0.660854, -2.574172
0.634679, -2.659871
0.607676, -2.739619
0.579910, -2.812372
0.551455, -2.877131
0.522397, -2.933014
0.492827, -2.979322
0.462844, -3.015601
0.432549, -3.041673
0.402044, -3.057651
0.371429, -3.063908
0.340797, -3.061037
0.310236, -3.049784
0.279826, -3.030983
0.249638, -3.005489
0.219736, -2.974127
0.190173, -2.937654
0.160998, -2.896735
0.132251, -2.851929
0.103970, -2.803691
0.076188, -2.752375
0.048932, -2.698243
0.022231, -2.641480
-0.003889, -2.582201
-0.029404, -2.520468
-0.054290, -2.456299
-0.078522, -2.389678
-0.102075, -2.320566
-0.124925, -2.248905
-0.147045, -2.174632
-0.168409, -2.097674
-0.188989, -2.017962
-0.208759, -1.935433
-0.227688, -1.850030
-0.245749, -1.761709
-0.262913, -1.670442
-0.279148, -1.576219
-0.294427, -1.479052
-0.308720, -1.378980
-0.321997, -1.276072
-0.334232, -1.170436
-0.345397, -1.062225
-0.355469, -0.951648
-0.364423, -0.838983
-0.372243, -0.724594
-0.378911, -0.608949
-0.384419, -0.492643
-0.388764, -0.376424
-0.391951, -0.261220
-0.393996, -0.148155
-0.394926, -0.038568
-0.394784, 0.065995
-0.393628, 0.163811
-0.391536, 0.253049
-0.388602, 0.331880
-0.384939, 0.398621
-0.380675, 0.451901
-0.375949, 0.490823
-0.370907, 0.515083
-0.365695, 0.525011
-0.360452, 0.521537
-0.355304, 0.506078
-0.350364, 0.480381
-0.345725, 0.446350
-0.341459, 0.405891
-0.337622, 0.360800
-0.334253, 0.312686
-0.331374, 0.262931
-0.328996, 0.212689
-0.327119, 0.162891
-0.325734, 0.114275
-0.324827, 0.067407
-0.324379, 0.022713
-0.324365, -0.019496
-0.324759, -0.059003
-0.325535, -0.095666
-0.326663, -0.129401
-0.328113, -0.160169
-0.329857, -0.187970
-0.331863, -0.212829
-0.334103, -0.234795
-0.336549, -0.253934
-0.339173, -0.270325
-0.341947, -0.284059
-0.344846, -0.295233
-0.347844, -0.303953
-0.350917, -0.310327
-0.354043, -0.314470
-0.357199, -0.316498
-0.360366, -0.316531
-0.363524, -0.314689
-0.366654, -0.311096
-0.369740, -0.305874
-0.372766, -0.299148
-0.375718, -0.291043
-0.378583, -0.281684
-0.381348, -0.271195
-0.384004, -0.259702
-0.386539, -0.247329
-0.388948, -0.234202
-0.391221, -0.220445
-0.393355, -0.206182
-0.395344, -0.191537
-0.397185, -0.176633
-0.398876, -0.161593
-0.400417, -0.146539
-0.401807, -0.131594
-0.403049, -0.116878
-0.404146, -0.102512
-0.405101, -0.088616
-0.405920, -0.075311
-0.406610, -0.062713
-0.407177, -0.050943
-0.407632, -0.040115
-0.407983, -0.030347
-0.408242, -0.021751
-0.408422, -0.014442
-0.408536, -0.008531
-0.408598, -0.004124
-0.408624, -0.001329
-0.408630, -0.000248
-0.408635, -0.000978
-0.408656, -0.003612
-0.408714, -0.008236
-0.408828, -0.014928
-0.409019, -0.023755
-0.409310, -0.034773
-0.409722, -0.048020
-0.410278, -0.063516
-0.411000, -0.081257
-0.411911, -0.101208
-0.413031, -0.123295
-0.414383, -0.147401
-0.415986, -0.173350
-0.417856, -0.200897
-0.420008, -0.229716
-0.422453, -0.259380
-0.425196, -0.289351
-0.428239, -0.318957
-0.431572, -0.347389
-0.435179, -0.373685
-0.439035, -0.396744
-0.443099, -0.415336
-0.447322, -0.428145
-0.451638, -0.433828
-0.455970, -0.431092
-0.460228, -0.418793
-0.464311, -0.396029
-0.468112, -0.362227
-0.471518, -0.317198
-0.474419, -0.261151
-0.476707, -0.194670
-0.478281, -0.118642
-0.479051, -0.034179
-0.478940, 0.057484
-0.477882, 0.155076
-0.475823, 0.257357
-0.472723, 0.363174
-0.468551, 0.471489
-0.463288, 0.581390
-0.456921, 0.692100
-0.449445, 0.802958
-0.440863, 0.913420
-0.431180, 1.023034
-0.420406, 1.131435
-0.408556, 1.238327
-0.395646, 1.343474
-0.381693, 1.446689
-0.366719, 1.547825
-0.350744, 1.646773
-0.333791, 1.743449
-0.315883, 1.837793
-0.297043, 1.929766
-0.277295, 2.019342
-0.256664, 2.106505
-0.235173, 2.191246
-0.212847, 2.273557
-0.189710, 2.353427
-0.165787, 2.430833
-0.141102, 2.505736
-0.115681, 2.578072
-0.089550, 2.647742
-0.062735, 2.714603
-0.035268, 2.778456
-0.007177, 2.839040
0.021501, 2.896012
0.050730, 2.948949
0.080465, 2.997335
0.110659, 3.040566
0.141257, 3.077955
0.172196, 3.108752
0.203407, 3.132171
0.234813, 3.147439
0.266327, 3.153838
0.297858, 3.150769
0.329309, 3.137808
0.360580, 3.114747
0.391570, 3.081627
0.422180, 3.038741
0.452314, 2.986612
0.481884, 2.925957
0.510808, 2.857628
0.539014, 2.782554
0.566440, 2.701685
0.593031, 2.615942
0.618745, 2.526181
0.643544, 2.433174
0.667400, 2.337591
0.690289, 2.240002
0.712195, 2.140878
0.733103, 2.040604
0.753004, 1.939485
0.771891, 1.837757
0.789758, 1.735601
0.806602, 1.633153
0.822420, 1.530510
0.837212, 1.427738
0.850975, 1.324882
0.863709, 1.221968
0.875414, 1.119007
0.886089, 1.016000
0.895734, 0.912943
0.904348, 0.809824
0.911930, 0.706630
0.918480, 0.603346
0.923997, 0.499957
0.928479, 0.396451
0.931925, 0.292821
0.934335, 0.189062
0.935706, 0.085180
0.936038, -0.018808
0.935330, -0.122873
0.933580, -0.226967
0.930790, -0.331023
0.926960, -0.434944
0.922092, -0.538604
0.916190, -0.641835
0.909258, -0.744430
0.901304, -0.846126
0.892339, -0.946608
0.882377, -1.045500
0.871436, -1.142365
0.859538, -1.236708
0.846712, -1.327983
0.832991, -1.415609
0.818414, -1.498989
0.803027, -1.577533
0.786881, -1.650695
0.770033, -1.718003
0.752542, -1.779091
0.734473, -1.833722
0.715889, -1.881807
0.696858, -1.923407
0.677442, -1.958725
0.657703, -1.988085
0.637699, -2.011908
0.617482, -2.030679
0.597101, -2.044917
0.576597, -2.055141
0.556009, -2.061856
0.535370, -2.065526
0.514708, -2.066567
0.494046, -2.065338
0.473408, -2.062139
0.452809, -2.057211
0.432268, -2.050739
0.411799, -2.042855
0.391416, -2.033647
0.371131, -2.023156
0.350957, -2.011391
0.330907, -1.998324
0.310995, -1.983903
0.291234, -1.968050
0.271639, -1.950669
0.252226, -1.931644
0.233012, -1.910849
0.214015, -1.888145
0.195256, -1.863383
0.176755, -1.836411
0.158536, -1.807068
0.140622, -1.775195
0.123041, -1.740627
0.105819, -1.703205
0.088987, -1.662768
0.072574, -1.619160
0.056615, -1.572230
0.041141, -1.521832
0.026190, -1.467829
0.011797, -1.410092
-0.001999, -1.348500
-0.015160, -1.282945
-0.027644, -1.213334
-0.039413, -1.139586
-0.050422, -1.061641
-0.060631, -0.979460
-0.069997, -0.893033
-0.078478, -0.802385
-0.086031, -0.707585
-0.092616, -0.608766
-0.098194, -0.506136
-0.102727, -0.400012
-0.106184, -0.290846
-0.108536, -0.179276
-0.109764, -0.066169
-0.109858, 0.047312
-0.108822, 0.159644
-0.106675, 0.268896
-0.103462, 0.372691
-0.099249, 0.468227
-0.094135, 0.552388
-0.088250, 0.621944
-0.081755, 0.673875
-0.074840, 0.705752
-0.067712, 0.716110
-0.060590, 0.704697
-0.053688, 0.672523
-0.047202, 0.621682
-0.041307, 0.555022
-0.036144, 0.475752
-0.031823, 0.387086
-0.028423, 0.291989
-0.025996, 0.193029
-0.024568, 0.092326
-0.024150, -0.008436
-0.024733, -0.107956
-0.026301, -0.205261
-0.028828, -0.299638
-0.032283, -0.390579
-0.036627, -0.477732
-0.041824, -0.560866
-0.047831, -0.639839
-0.054606, -0.714576
-0.062108, -0.785053
-0.070293, -0.851284
-0.079120, -0.913311
-0.088546, -0.971201
-0.098530, -1.025037
-0.109033, -1.074916
-0.120016, -1.120948
-0.131440, -1.163252
-0.143269, -1.201953
-0.155467, -1.237185
-0.168001, -1.269087
-0.180838, -1.297803
-0.193947, -1.323480
-0.207298, -1.346268
-0.220864, -1.366320
-0.234616, -1.383789
-0.248531, -1.398831
-0.262585, -1.411598
-0.276756, -1.422246
-0.291024, -1.430925
-0.305369, -1.437784
-0.319774, -1.442970
-0.334223, -1.446625
-0.348702, -1.448886
-0.363196, -1.449884
-0.377695, -1.449744
-0.392188, -1.448585
-0.406664, -1.446515
-0.421116, -1.443635
-0.435534, -1.440033
-0.449914, -1.435787
-0.464248, -1.430959
-0.478531, -1.425600
-0.492759, -1.419739
-0.506925, -1.413389
-0.521025, -1.406540
-0.535054, -1.399160
-0.549006, -1.391187
-0.562875, -1.382531
-0.576654, -1.373070
-0.590333, -1.362647
-0.603903, -1.351068
-0.617350, -1.338100
-0.630659, -1.323472
-0.643813, -1.306877
-0.656789, -1.287975
-0.669564, -1.266397
-0.682107, -1.241758
-0.694387, -1.213668
-0.706368, -1.181745
-0.718008, -1.145634
-0.729265, -1.105023
-0.740093, -1.059663
-0.750442, -1.009379
-0.760264, -0.954086
-0.769507, -0.893788
-0.778123, -0.828586
-0.786063, -0.758664
-0.793281, -0.684281
-0.799735, -0.605756
-0.805384, -0.523451
-0.810193, -0.437751
-0.814129, -0.349052
-0.817165, -0.257742
-0.819276, -0.164195
-0.820443, -0.068760
-0.820646, 0.028243
-0.819873, 0.126523
-0.818112, 0.225825
-0.815354, 0.325920
-0.811592, 0.426611
-0.806821, 0.527727
-0.801037, 0.629116
-0.794238, 0.730650
-0.786423, 0.832214
-0.777594, 0.933708
-0.767750, 1.035041
-0.756894, 1.136132
-0.745028, 1.236902
-0.732157, 1.337275
-0.718284, 1.437173
-0.703415, 1.536516
-0.687556, 1.635213
-0.670714, 1.733166
-0.652896, 1.830259
-0.634112, 1.926356
-0.614372, 2.021298
-0.593690, 2.114893
-0.572080, 2.206912
-0.549558, 2.297083
-0.526145, 2.385083
-0.501865, 2.470533
-0.476745, 2.552994
-0.450817, 2.631965
-0.424119, 2.706884
-0.396695, 2.777134
-0.368594, 2.842057
-0.339874, 2.900971
-0.310597, 2.953198
-0.280834, 2.998093
-0.250661, 3.035076
-0.220161, 3.063674
-0.189417, 3.083545
-0.158519, 3.094500
-0.127557, 3.096520
-0.096618, 3.089747
-0.065790, 3.074474
-0.035156, 3.051118
-0.004793, 3.020190
0.025225, 2.982259
0.054831, 2.937921
0.083964, 2.887770
0.112569, 2.832376
0.140595, 2.772268
0.168000, 2.707923
0.194741, 2.639767
0.220784, 2.568166
0.246094, 2.493439
0.270643, 2.415853
0.294402, 2.335640
0.317348, 2.252992
0.339455, 2.168080
0.360702, 2.081049
0.381069, 1.992033
0.400537, 1.901157
0.419086, 1.808542
0.436702, 1.714312
0.453368, 1.618597
0.469069, 1.521538
0.483795, 1.423290
0.497532, 1.324030
0.510272, 1.223958
0.522009, 1.123303
0.532737, 1.022329
0.542456, 0.921339
0.551165, 0.820679
0.558872, 0.720744
0.565584, 0.621981
0.571317, 0.524891
0.576089, 0.430025
0.579927, 0.337982
0.582860, 0.249399
0.584928, 0.164934
0.586175, 0.085241
0.586651, 0.010950
0.586414, -0.057374
0.585525, -0.119260
0.584051, -0.174365
0.582061, -0.222501
0.579625, -0.263648
0.576811, -0.297962
0.573687, -0.325764
0.570316, -0.347517
0.566755, -0.363798
0.563056, -0.375262
0.559264, -0.382606
0.555415, -0.386536
0.551542, -0.387736
0.547668, -0.386853
0.543810, -0.384477
0.539981, -0.381134
0.536189, -0.377283
0.532436, -0.373316
0.528722, -0.369560
0.525043, -0.366284
0.521394, -0.363703
0.517766, -0.361984
0.514151, -0.361252
0.510538, -0.361597
0.506915, -0.363078
0.503272, -0.365726
0.499597, -0.369551
0.495877, -0.374544
0.492102, -0.380678
0.488260, -0.387914
0.484340, -0.396202
0.480333, -0.405481
0.476228, -0.415681
0.472016, -0.426727
0.467690, -0.438537
0.463243, -0.451022
0.458668, -0.464092
0.453960, -0.477649
0.449114, -0.491595
0.444127, -0.505826
0.438997, -0.520236
0.433722, -0.534717
0.428302, -0.549158
0.422739, -0.563445
0.417034, -0.577463
0.411191, -0.591095
0.405214, -0.604220
0.399109, -0.616718
0.392882, -0.628466
0.386543, -0.639339
0.380099, -0.649211
0.373562, -0.657955
0.366944, -0.665441
0.360258, -0.671541
0.353518, -0.676124
0.346741, -0.679059
0.339943, -0.680214
0.333143, -0.679457
0.326361, -0.676657
0.319617, -0.671683
0.312935, -0.664405
0.306337, -0.654694
0.299849, -0.642423
0.293498, -0.627467
0.287309, -0.609706
0.281313, -0.589023
0.275539, -0.565306
0.270018, -0.538451
0.264781, -0.508361
0.259861, -0.474952
0.255293, -0.438153
0.251110, -0.397911
0.247346, -0.354198
0.244037, -0.307014
0.241218, -0.256401
0.238921, -0.202449
0.237179, -0.145315
0.236024, -0.085239
0.235483, -0.022571
0.235580, 0.042204
0.236332, 0.108433
0.237750, 0.175254
0.239835, 0.241564
0.242575, 0.305982
0.245943, 0.366833
0.249894, 0.422154
0.254361, 0.469746
0.259255, 0.507279
0.264465, 0.532454
0.269856, 0.543220
0.275276, 0.538004
0.280560, 0.515914
0.285538, 0.476864
0.290043, 0.421576
0.293920, 0.351474
0.297029, 0.268491
0.299254, 0.174834
0.300498, 0.072777
0.300689, -0.035512
0.299773, -0.148078
0.297718, -0.263234
0.294505, -0.379570
0.290127, -0.495944
0.284589, -0.611444
0.277903, -0.725358
0.270089, -0.837138
0.261169, -0.946369
0.251171, -1.052740
0.240125, -1.156024
0.228061, -1.256062
0.215015, -1.352748
0.201018, -1.446018
0.186106, -1.535843
0.170313, -1.622226
0.153673, -1.705190
0.136220, -1.784783
0.117988, -1.861070
0.099009, -1.934128
0.079316, -2.004050
0.058938, -2.070937
0.037907, -2.134898
0.016250, -2.196046
-0.006005, -2.254493
-0.028831, -2.310350
-0.052204, -2.363718
-0.076098, -2.414685
-0.100490, -2.463320
-0.125357, -2.509667
-0.150675, -2.553733
-0.176423, -2.595484
-0.202577, -2.634832
-0.229112, -2.671627
-0.256000, -2.705646
-0.283214, -2.736581
-0.310720, -2.764036
-0.338482, -2.787520
-0.366456, -2.806449
-0.394593, -2.820158
-0.422839, -2.827919
-0.451129, -2.828975
-0.479394, -2.822583
-0.507554, -2.808070
-0.535526, -2.784887
-0.563221, -2.752666
-0.590549, -2.711266
-0.617417, -2.660793
-0.643736, -2.601602
-0.669421, -2.534268
-0.694396, -2.459547
-0.718591, -2.378311
-0.741944, -2.291491
-0.764405, -2.200021
-0.785932, -2.104789
-0.806491, -2.006609
-0.826057, -1.906197
-0.844609, -1.804167
-0.862136, -1.701029
-0.878628, -1.597194
-0.894079, -1.492987
-0.908487, -1.388655
-0.921852, -1.284384
-0.934175, -1.180302
-0.945459, -1.076498
-0.955706, -0.973023
-0.964921, -0.869901
-0.973106, -0.767135
-0.980265, -0.664711
-0.986401, -0.562603
-0.991518, -0.460775
-0.995617, -0.359183
-0.998702, -0.257779
-1.000773, -0.156512
-1.001832, -0.055326
-1.001880, 0.045832
-1.000916, 0.147020
-0.998939, 0.248293
-0.995949, 0.349704
-0.991944, 0.451307
-0.986922, 0.553147
-0.980881, 0.655270
-0.973816, 0.757709
-0.965725, 0.860492
-0.956605, 0.963631
-0.946451, 1.067123
-0.935261, 1.170942
-0.923032, 1.275035
-0.909760, 1.379314
-0.895445, 1.483647
-0.880088, 1.587846
-0.863690, 1.691662
-0.846257, 1.794767
-0.827798, 1.896746
-0.808327, 1.997087
-0.787864, 2.095174
-0.766434, 2.190289
-0.744071, 2.281617
-0.720817, 2.368271
-0.696724, 2.449323
-0.671852, 2.523847
-0.646272, 2.590979
-0.620060, 2.649977
-0.593301, 2.700277
-0.566084, 2.741538
-0.538501, 2.773666
-0.510641, 2.796812
-0.482593, 2.811352
-0.454441, 2.817835
-0.426261, 2.816939
-0.398124, 2.809403
-0.370093, 2.795979
-0.342222, 2.777390
-0.314560, 2.754295
-0.287149, 2.727271
-0.260026, 2.696803
-0.233223, 2.663282
-0.206769, 2.627011
-0.180691, 2.588208
-0.155013, 2.547021
-0.129759, 2.503535
-0.104950, 2.457781
-0.080610, 2.409749
-0.056763, 2.359394
-0.033431, 2.306646
-0.010638, 2.251415
0.011589, 2.193597
0.033225, 2.133082
0.054241, 2.069754
0.074610, 2.003499
0.094301, 1.934206
0.113284, 1.861773
0.131526, 1.786106
0.148995, 1.707122
0.165657, 1.624755
0.181478, 1.538956
0.196425, 1.449697
0.210461, 1.356971
0.223553, 1.260805
0.235666, 1.161256
0.246767, 1.058426
0.256824, 0.952467
0.265806, 0.843598
0.273687, 0.732121
0.280441, 0.618439
0.286050, 0.503088
0.290500, 0.386764
0.293785, 0.270361
0.295911, 0.155003
0.296893, 0.042081
0.296766, -0.066733
0.295579, -0.169495
0.293403, -0.264035
0.290333, -0.348066
0.286485, -0.419344
0.281995, -0.475884
0.277021, -0.516193
0.271729, -0.539470
0.266289, -0.545729
0.260868, -0.535802
0.255621, -0.511223
0.250686, -0.474028
0.246175, -0.426525
0.242182, -0.371067
0.238773, -0.309885
0.235996, -0.244976
0.233880, -0.178051
0.232437, -0.110521
0.231668, -0.043519
0.231562, 0.022075
0.232102, 0.085588
0.233265, 0.146522
0.235023, 0.204517
0.237345, 0.259326
0.240198, 0.310785
0.243549, 0.358799
0.247363, 0.403325
0.251604, 0.444357
0.256238, 0.481925
0.261231, 0.516078
0.266549, 0.546888
0.272158, 0.574437
0.278027, 0.598822
0.284124, 0.620146
0.290420, 0.638522
0.296885, 0.654066
0.303492, 0.666898
0.310215, 0.677145
0.317027, 0.684933
0.323906, 0.690390
0.330828, 0.693647
0.337772, 0.694837
0.344718, 0.694090
0.351647, 0.691538
0.358543, 0.687314
0.365389, 0.681550
0.372169, 0.674375
0.378872, 0.665920
0.385484, 0.656314
0.391995, 0.645684
0.398395, 0.634157
0.404675, 0.621858
0.410830, 0.608910
0.416852, 0.595433
0.422737, 0.581549
0.428482, 0.567373
0.434084, 0.553023
0.439542, 0.538610
0.444856, 0.524246
0.450027, 0.510038
0.455058, 0.496093
0.459950, 0.482513
0.464710, 0.469397
0.469340, 0.456840
0.473849, 0.444933
0.478241, 0.433763
0.482526, 0.423411
0.486713, 0.413952
0.490809, 0.405453
0.494825, 0.397973
0.498772, 0.391562
0.502660, 0.386255
0.506501, 0.382078
0.510305, 0.379036
0.514085, 0.377117
0.517851, 0.376287
0.521614, 0.376482
0.525384, 0.377611
0.529169, 0.379543
0.532977, 0.382107
0.536813, 0.385086
0.540679, 0.388206
0.544576, 0.391139
0.548500, 0.393489
0.552443, 0.394800
0.556391, 0.394547
0.560326, 0.392145
0.564224, 0.386957
0.568054, 0.378311
0.571777, 0.365517
0.575348, 0.347899
0.578717, 0.324828
0.581825, 0.295752
0.584610, 0.260234
0.587007, 0.217980
0.588947, 0.168854
0.590361, 0.112893
0.591183, 0.050295
0.591346, -0.018593
0.590791, -0.093304
0.589462, -0.173279
0.587310, -0.257905
0.584291, -0.346539
0.580368, -0.438542
0.575511, -0.533295
0.569695, -0.630214
0.562901, -0.728762
0.555116, -0.828453
0.546330, -0.928850
0.536538, -1.029569
0.525739, -1.130270
0.513934, -1.230658
0.501127, -1.330473
0.487327, -1.429489
0.472541, -1.527508
0.456781, -1.624355
0.440058, -1.719875
0.422388, -1.813927
0.403785, -1.906378
0.384266, -1.997104
0.363849, -2.085979
0.342553, -2.172875
0.320399, -2.257653
0.297408, -2.340161
0.273604, -2.420224
0.249012, -2.497639
0.223660, -2.572169
0.197579, -2.643537
0.170801, -2.711416
0.143364, -2.775430
0.115307, -2.835145
0.086677, -2.890078
0.057523, -2.939695
0.027902, -2.983425
-0.002124, -3.020676
-0.032488, -3.050858
-0.063115, -3.073415
-0.093929, -3.087853
-0.124844, -3.093775
-0.155775, -3.090912
-0.186633, -3.079144
-0.217328, -3.058517
-0.247774, -3.029236
-0.277885, -2.991660
-0.307581, -2.946273
-0.336787, -2.893656
-0.365432, -2.834452
-0.393456, -2.769335
-0.420802, -2.698977
-0.447420, -2.624023
-0.473269, -2.545078
-0.498310, -2.462691
-0.522513, -2.377351
-0.545849, -2.289487
-0.568295, -2.199467
-0.589832, -2.107608
-0.610442, -2.014175
-0.630111, -1.919394
-0.648826, -1.823451
-0.666577, -1.726505
-0.683353, -1.628692
-0.699148, -1.530125
-0.713954, -1.430906
-0.727764, -1.331127
-0.740575, -1.230869
-0.752380, -1.130215
-0.763178, -1.029244
-0.772965, -0.928039
-0.781738, -0.826688
-0.789498, -0.725288
-0.796244, -0.623945
-0.801978, -0.522781
-0.806701, -0.421935
-0.810418, -0.321565
-0.813134, -0.221854
-0.814858, -0.123011
-0.815598, -0.025272
-0.815368, 0.071093
-0.814182, 0.165785
-0.812059, 0.258475
-0.809020, 0.348807
-0.805092, 0.436402
-0.800303, 0.520873
-0.794686, 0.601828
-0.788279, 0.678892
-0.781122, 0.751720
-0.773260, 0.820015
-0.764738, 0.883544
-0.755605, 0.942152
-0.745912, 0.995772
-0.735707, 1.044431
-0.725039, 1.088244
-0.713957, 1.127411
-0.702506, 1.162204
-0.690727, 1.192948
-0.678659, 1.220007
-0.666337, 1.243766
-0.653793, 1.264613
-0.641054, 1.282929
-0.628142, 1.299072
-0.615078, 1.313372
-0.601880, 1.326125
-0.588560, 1.337589
-0.575131, 1.347985
-0.561603, 1.357497
-0.547984, 1.366270
-0.534280, 1.374418
-0.520497, 1.382023
-0.506641, 1.389139
-0.492716, 1.395791
-0.478727, 1.401986
-0.464678, 1.407706
-0.450574, 1.412917
-0.436422, 1.417568
-0.422225, 1.421592
-0.407992, 1.424911
-0.393730, 1.427435
-0.379446, 1.429063
-0.365152, 1.429684
-0.350856, 1.429182
-0.336572, 1.427431
-0.322312, 1.424299
-0.308091, 1.419650
-0.293925, 1.413341
-0.279830, 1.405229
-0.265827, 1.395163
-0.251934, 1.382993
-0.238174, 1.368566
-0.224571, 1.351728
-0.211148, 1.332326
-0.197933, 1.310205
-0.184954, 1.285214
-0.172239, 1.257202
-0.159820, 1.226023
-0.147730, 1.191533
-0.136001, 1.153592
-0.124670, 1.112068
-0.113772, 1.066833
-0.103346, 1.017769
-0.093430, 0.964765
-0.084064, 0.907722
-0.075289, 0.846557
-0.067147, 0.781201
-0.059679, 0.711610
-0.052929, 0.637767
-0.046938, 0.559693
-0.041749, 0.477457
-0.037403, 0.391197
-0.033938, 0.301137
-0.031391, 0.207616
-0.029795, 0.111130
-0.029176, 0.012374
-0.029552, -0.087701
-0.030931, -0.187825
-0.033304, -0.286347
-0.036645, -0.381184
-0.040907, -0.469808
-0.046011, -0.549290
-0.051851, -0.616436
-0.058288, -0.668038
-0.065151, -0.701217
-0.072243, -0.713814
-0.079354, -0.704733
-0.086266, -0.674124
-0.092769, -0.623358
-0.098674, -0.554790
-0.103816, -0.471395
-0.108063, -0.376387
-0.111315, -0.272890
-0.113502, -0.163726
-0.114579, -0.051300
-0.114524, 0.062425
-0.113331, 0.175899
-0.111011, 0.287933
-0.107581, 0.397639
-0.103068, 0.504363
-0.097505, 0.607639
-0.090928, 0.707139
-0.083375, 0.802646
-0.074888, 0.894022
-0.065509, 0.981190
-0.055279, 1.064123
-0.044241, 1.142826
-0.032436, 1.217335
-0.019908, 1.287710
-0.006696, 1.354027
0.007160, 1.416379
0.021619, 1.474873
0.036645, 1.529627
0.052200, 1.580770
0.068248, 1.628438
0.084757, 1.672778
0.101693, 1.713938
0.119026, 1.752076
0.136725, 1.787350
0.154764, 1.819923
0.173115, 1.849955
0.191755, 1.877610
0.210660, 1.903044
0.229809, 1.926413
0.249182, 1.947862
0.268760, 1.967531
0.288527, 1.985546
0.308466, 2.002019
0.328563, 2.017047
0.348803, 2.030702
0.369172, 2.043036
0.389659, 2.054070
0.410249, 2.063790
0.430930, 2.072146
0.451687, 2.079045
0.472506, 2.084342
0.493368, 2.087841
0.514256, 2.089287
0.535146, 2.088365
0.556014, 2.084702
0.576830, 2.077865
0.597559, 2.067376
0.618163, 2.052719
0.638598, 2.033365
0.658813, 2.008794
0.678755, 1.978526
0.698363, 1.942153
0.717576, 1.899371
0.736329, 1.850007
0.754554, 1.794033
0.772188, 1.731577
0.789165, 1.662912
0.805427, 1.588439
0.820916, 1.508661
0.835584, 1.424145
0.849385, 1.335495
0.862282, 1.243318
0.874242, 1.148196
0.885238, 1.050672
0.895249, 0.951233
0.904258, 0.850306
0.912251, 0.748256
0.919220, 0.645389
0.925157, 0.541953
0.930058, 0.438147
0.933920, 0.334128
0.936740, 0.230014
0.938520, 0.125892
0.939258, 0.021825
0.938957, -0.082147
0.937616, -0.185999
0.935237, -0.289719
0.931822, -0.393307
0.927371, -0.496768
0.921887, -0.600115
0.915369, -0.703362
0.907820, -0.806526
0.899239, -0.909625
0.889628, -1.012673
0.878986, -1.115685
0.867314, -1.218668
0.854613, -1.321620
0.840882, -1.424533
0.826122, -1.527382
0.810334, -1.630124
0.793520, -1.732692
0.775681, -1.834989
0.756822, -1.936882
0.736946, -2.038188
0.716061, -2.138668
0.694176, -2.238014
0.671305, -2.335840
0.647466, -2.431668
0.622681, -2.524922
0.596978, -2.614924
0.570396, -2.700894
0.542977, -2.781966
0.514776, -2.857209
0.485855, -2.925666
0.456288, -2.986400
0.426156, -3.038555
0.395548, -3.081417
0.364560, -3.114467
0.333292, -3.137421
0.301846, -3.150251
0.270320, -3.153178
0.238814, -3.146643
0.207417, -3.131258
0.176216, -3.107750
0.145287, -3.076903
0.114699, -3.039508
0.084516, -2.996317
0.054790, -2.948015
0.025570, -2.895207
-0.003101, -2.838402
-0.031186, -2.778021
-0.058650, -2.714399
-0.085464, -2.647794
-0.111597, -2.578398
-0.137023, -2.506348
-0.161715, -2.431738
-0.185649, -2.354628
-0.208800, -2.275051
-0.231142, -2.193025
-0.252652, -2.108557
-0.273305, -2.021652
-0.293077, -1.932314
-0.311943, -1.840554
-0.329880, -1.746395
-0.346863, -1.649873
-0.362870, -1.551042
-0.377877, -1.449983
-0.391862, -1.346803
-0.404806, -1.241642
-0.416689, -1.134683
-0.427495, -1.026158
-0.437208, -0.916359
-0.445819, -0.805646
-0.453319, -0.694467
-0.459708, -0.583364
-0.464989, -0.472993
-0.469173, -0.364135
-0.472280, -0.257702
-0.474339, -0.154740
-0.475390, -0.056416
-0.475487, 0.036012
-0.474694, 0.121247
-0.473090, 0.198020
-0.470766, 0.265187
-0.467821, 0.321819
-0.464366, 0.367298
-0.460514, 0.401385
-0.456376, 0.424250
-0.452064, 0.436460
-0.447680, 0.438921
-0.443314, 0.432791
-0.439048, 0.419387
-0.434946, 0.400077
-0.431062, 0.376205
-0.427433, 0.349028
-0.424088, 0.319671
-0.421044, 0.289114
-0.418307, 0.258186
-0.415879, 0.227568
-0.413753, 0.197811
-0.411918, 0.169347
-0.410361, 0.142509
-0.409062, 0.117545
-0.408003, 0.094632
-0.407162, 0.073892
-0.406518, 0.055396
-0.406047, 0.039181
-0.405726, 0.025251
-0.405534, 0.013587
-0.405447, 0.004148
-0.405444, -0.003121
-0.405503, -0.008288
-0.405603, -0.011431
-0.405725, -0.012637
-0.405849, -0.012000
-0.405959, -0.009617
-0.406036, -0.005591
-0.406066, -0.000029
-0.406032, 0.006960
-0.405922, 0.015265
-0.405723, 0.024773
-0.405423, 0.035368
-0.405012, 0.046936
-0.404481, 0.059358
-0.403823, 0.072516
-0.403029, 0.086291
-0.402095, 0.100565
-0.401016, 0.115215
-0.399790, 0.130122
-0.398414, 0.145165
-0.396887, 0.160220
-0.395210, 0.175166
-0.393384, 0.189880
-0.391413, 0.204239
-0.389301, 0.218118
-0.387053, 0.231395
-0.384675, 0.243944
-0.382177, 0.255641
-0.379566, 0.266362
-0.376853, 0.275981
-0.374050, 0.284373
-0.371170, 0.291415
-0.368227, 0.296980
-0.365236, 0.300946
-0.362214, 0.303189
-0.359178, 0.303587
-0.356149, 0.302019
-0.353145, 0.298366
-0.350189, 0.292511
-0.347302, 0.284340
-0.344510, 0.273744
-0.341836, 0.260618
-0.339306, 0.244863
-0.336948, 0.226390
-0.334788, 0.205118
-0.332855, 0.180980
-0.331178, 0.153927
-0.329786, 0.123929
-0.328709, 0.090987
-0.327976, 0.055134
-0.327616, 0.016450
-0.327656, -0.024928
-0.328123, -0.068792
-0.329039, -0.114841
-0.330426, -0.162663
-0.332297, -0.211708
-0.334661, -0.261260
-0.337521, -0.310413
-0.340865, -0.358043
-0.344672, -0.402799
-0.348906, -0.443108
-0.353513, -0.477205
-0.358423, -0.503208
-0.363544, -0.519226
-0.368768, -0.523506
-0.373970, -0.514607
-0.379013, -0.491550
-0.383753, -0.453943
-0.388044, -0.402022
-0.391748, -0.336615
-0.394736, -0.259030
-0.396894, -0.170908
-0.398125, -0.074050
-0.398352, 0.029726
-0.397513, 0.138697
-0.395565, 0.251308
-0.392479, 0.366207
-0.388238, 0.482252
-0.382834, 0.598501
-0.376269, 0.714189
-0.368554, 0.828707
-0.359701, 0.941576
-0.349729, 1.052420
-0.338660, 1.160953
-0.326518, 1.266958
-0.313330, 1.370274
-0.299122, 1.470790
-0.283924, 1.568430
-0.267763, 1.663151
-0.250670, 1.754938
-0.232674, 1.843796
-0.213804, 1.929751
-0.194089, 2.012844
-0.173557, 2.093128
-0.152235, 2.170664
-0.130152, 2.245521
-0.107334, 2.317765
-0.083806, 2.387462
-0.059593, 2.454665
-0.034720, 2.519414
-0.009213, 2.581722
0.016906, 2.641571
0.043610, 2.698899
0.070875, 2.753589
0.098673, 2.805457
0.126974, 2.854242
0.155746, 2.899588
0.184953, 2.941044
0.214552, 2.978048
0.244497, 3.009937
0.274731, 3.035954
0.305193, 3.055274
0.335812, 3.067039
0.366506, 3.070416
0.397189, 3.064654
0.427767, 3.049159
0.458139, 3.023551
0.488204, 2.987716
0.517860, 2.941825
0.547008, 2.886329
0.575556, 2.821925
0.603420, 2.749494
0.630523, 2.670032
0.656801, 2.584586
0.682198, 2.494183
0.706671, 2.399790
0.730184, 2.302277
0.752709, 2.202401
0.774226, 2.100802
0.794721, 1.998005
0.814183, 1.894430
0.832608, 1.790405
0.849991, 1.686180
0.866331, 1.581936
0.881630, 1.477802
0.895888, 1.373863
0.909108, 1.270171
0.921292, 1.166750
0.932444, 1.063603
0.942565, 0.960719
0.951659, 0.858072
0.959727, 0.755632
0.966772, 0.653357
0.972795, 0.551205
0.977797, 0.449130
0.981778, 0.347082
0.984738, 0.245012
0.986678, 0.142871
0.987595, 0.040612
0.987489, -0.061812
0.986358, -0.164442
0.984200, -0.267316
0.981011, -0.370463
0.976789, -0.473903
0.971532, -0.577646
0.965236, -0.681681
0.957897, -0.785980
0.949515, -0.890488
0.940087, -0.995114
0.929613, -1.099729
0.918093, -1.204153
0.905531, -1.308147
0.891933, -1.411404
0.877307, -1.513539
0.861667, -1.614081
0.845033, -1.712471
0.827427, -1.808067
0.808883, -1.900145
0.789439, -1.987928
0.769141, -2.070611
0.748046, -2.147400
0.726215, -2.217564
0.703719, -2.280480
0.680632, -2.335684
0.657032, -2.382902
0.633000, -2.422071
0.608617, -2.453339
0.583959, -2.477038
0.559100, -2.493655
0.534107, -2.503783
0.509044, -2.508074
0.483963, -2.507196
0.458915, -2.501794
0.433940, -2.492464
0.409077, -2.479732
0.384356, -2.464047
0.359804, -2.445779
0.335448, -2.425214
0.311307, -2.402567
0.287403, -2.377986
0.263754, -2.351555
0.240378, -2.323312
0.217293, -2.293248
0.194519, -2.261319
0.172073, -2.227450
0.149977, -2.191543
0.128250, -2.153480
0.106915, -2.113132
0.085995, -2.070357
0.065516, -2.025009
0.045504, -1.976936
0.025987, -1.925988
0.006994, -1.872018
-0.011443, -1.814880
-0.029292, -1.754437
-0.046520, -1.690560
-0.063091, -1.623129
-0.078970, -1.552039
-0.094120, -1.477194
-0.108502, -1.398517
-0.122077, -1.315948
-0.134807, -1.229451
-0.146653, -1.139012
-0.157575, -1.044651
-0.167533, -0.946424
-0.176490, -0.844440
-0.184410, -0.738867
-0.191257, -0.629956
-0.196999, -0.518064
-0.201610, -0.403682
-0.205067, -0.287479
-0.207356, -0.170342
-0.208474, -0.053431
-0.208430, 0.061774
-0.207250, 0.173430
-0.204981, 0.279321
-0.201692, 0.376889
-0.197480, 0.463344
-0.192471, 0.535858
-0.186818, 0.591838
-0.180697, 0.629248
-0.174299, 0.646910
-0.167825, 0.644691
-0.161469, 0.623536
-0.155411, 0.585313
-0.149811, 0.532540
-0.144799, 0.468061
-0.140479, 0.394747
-0.136925, 0.315272
-0.134186, 0.231985
-0.132291, 0.146852
-0.131250, 0.061458
-0.131059, -0.022958
-0.131703, -0.105453
-0.133159, -0.185328
-0.135399, -0.262078
-0.138389, -0.335348
-0.142094, -0.404903
-0.146474, -0.470596
-0.151492, -0.532346
-0.157108, -0.590126
-0.163282, -0.643946
-0.169974, -0.693848
-0.177146, -0.739895
-0.184759, -0.782168
-0.192777, -0.820761
-0.201163, -0.855781
-0.209881, -0.887341
-0.218898, -0.915563
-0.228182, -0.940574
-0.237699, -0.962505
-0.247422, -0.981492
-0.257320, -0.997672
-0.267366, -1.011185
-0.277535, -1.022173
-0.287802, -1.030779
-0.298143, -1.037145
-0.308538, -1.041415
-0.318965, -1.043730
-0.329406, -1.044233
-0.339844, -1.043064
-0.350263, -1.040362
-0.360647, -1.036263
-0.370984, -1.030902
-0.381261, -1.024409
-0.391468, -1.016914
-0.401596, -1.008541
-0.411637, -0.999412
-0.421583, -0.989644
-0.431428, -0.979351
-0.441168, -0.968641
-0.450800, -0.957617
-0.460320, -0.946377
-0.469727, -0.935012
-0.479020, -0.923606
-0.488199, -0.912238
-0.497265, -0.900976
-0.506219, -0.889879
-0.515063, -0.878995
-0.523800, -0.868363
-0.532431, -0.858003
-0.540961, -0.847925
-0.549391, -0.838119
-0.557724, -0.828553
-0.565963, -0.819175
-0.574108, -0.809906
-0.582161, -0.800640
-0.590120, -0.791238
-0.597984, -0.781525
-0.605749, -0.771291
-0.613408, -0.760284
-0.620951, -0.748213
-0.628367, -0.734746
-0.635640, -0.719514
-0.642750, -0.702113
-0.649674, -0.682116
-0.656383, -0.659082
-0.662844, -0.632568
-0.669021, -0.602150
-0.674873, -0.567438
-0.680354, -0.528097
-0.685418, -0.483863
-0.690015, -0.434559
-0.694092, -0.380104
-0.697599, -0.320518
-0.700486, -0.255917
-0.702702, -0.186509
-0.704201, -0.112577
-0.704939, -0.034464
-0.704877, 0.047444
-0.703979, 0.132736
-0.702213, 0.220992
-0.699551, 0.311794
-0.695970, 0.404741
-0.691450, 0.499452
-0.685976, 0.595573
-0.679535, 0.692780
-0.672118, 0.790776
-0.663718, 0.889294
-0.654331, 0.988093
-0.643956, 1.086957
-0.632592, 1.185688
-0.620243, 1.284110
-0.606912, 1.382059
-0.592604, 1.479384
-0.577327, 1.575942
-0.561088, 1.671593
-0.543898, 1.766202
-0.525768, 1.859627
-0.506710, 1.951723
-0.486739, 2.042331
-0.465869, 2.131280
-0.444119, 2.218374
-0.421509, 2.303393
-0.398059, 2.386087
-0.373795, 2.466165
-0.348746, 2.543297
-0.322941, 2.617105
-0.296416, 2.687166
-0.269211, 2.753008
-0.241372, 2.814114
-0.212947, 2.869934
-0.183992, 2.919897
-0.154570, 2.963426
-0.124747, 2.999967
-0.094596, 3.029012
-0.064193, 3.050126
-0.033621, 3.062979
-0.002962, 3.067361
0.027698, 3.063203
0.058274, 3.050576
0.088682, 3.029691
0.118841, 3.000882
0.148674, 2.964582
0.178109, 2.921300
0.207079, 2.871591
0.235522, 2.816027
0.263382, 2.755180
0.290610, 2.689597
0.317160, 2.619792
0.342993, 2.546234
0.368073, 2.469346
0.392370, 2.389501
0.415855, 2.307030
0.438503, 2.222218
0.460292, 2.135318
0.481203, 2.046548
0.501217, 1.956101
0.520320, 1.864150
0.538496, 1.770853
0.555733, 1.676357
0.572020, 1.580801
0.587346, 1.484325
0.601704, 1.387069
0.615085, 1.289176
0.627485, 1.190803
0.638900, 1.092113
0.649327, 0.993289
0.658766, 0.894529
0.667219, 0.796055
0.674689, 0.698113
0.681184, 0.600975
0.686712, 0.504942
0.691287, 0.410347
0.694925, 0.317548
0.697646, 0.226933
0.699472, 0.138910
0.700434, 0.053901
0.700562, -0.027669
0.699893, -0.105387
0.698468, -0.178864
0.696331, -0.247760
0.693529, -0.311793
0.690112, -0.370764
0.686131, -0.424562
0.681638, -0.473179
0.676685, -0.516705
0.671321, -0.555330
0.665594, -0.589327
0.659548, -0.619043
0.653226, -0.644877
0.646662, -0.667261
0.639890, -0.686644
0.632938, -0.703472
0.625828, -0.718174
0.618580, -0.731156
0.611209, -0.742788
0.603728, -0.753400
0.596144, -0.763284
0.588464, -0.772689
0.580691, -0.781825
0.572828, -0.790864
0.564874, -0.799943
0.556828, -0.809168
0.548689, -0.818615
0.540455, -0.828336
0.532122, -0.838359
0.523687, -0.848695
0.515147, -0.859333
0.506499, -0.870251
0.497741, -0.881412
0.488870, -0.892765
0.479885, -0.904251
0.470785, -0.915802
0.461569, -0.927340
0.452239, -0.938781
0.442794, -0.950033
0.433239, -0.960999
0.423576, -0.971576
0.413809, -0.981656
0.403944, -0.991127
0.393989, -0.999872
0.383950, -1.007769
0.373837, -1.014695
0.363660, -1.020522
0.353430, -1.025119
0.343162, -1.028352
0.332868, -1.030086
0.322566, -1.030183
0.312271, -1.028503
0.302002, -1.024905
0.291779, -1.019247
0.281624, -1.011387
0.271559, -1.001181
0.261609, -0.988488
0.251798, -0.973167
0.242155, -0.955077
0.232707, -0.934081
0.223483, -0.910042
0.214516, -0.882830
0.205838, -0.852317
0.197481, -0.818381
0.189482, -0.780905
0.181875, -0.739784
0.174699, -0.694920
0.167990, -0.646230
0.161787, -0.593646
0.156130, -0.537124
0.151058, -0.476646
0.146610, -0.412234
0.142826, -0.343956
0.139744, -0.271945
0.137399, -0.196420
0.135826, -0.117709
0.135054, -0.036285
0.135107, 0.047192
0.136002, 0.131834
0.137744, 0.216463
0.140326, 0.299571
0.143724, 0.379273
0.147892, 0.453303
0.152762, 0.519056
0.158236, 0.573701
0.164190, 0.614389
0.170469, 0.638532
0.176898, 0.644126
0.183286, 0.630039
0.189433, 0.596190
0.195147, 0.543556
0.200248, 0.474009
0.204579, 0.390038
0.208010, 0.294431
0.210438, 0.189984
0.211789, 0.079295
0.212011, -0.035359
0.211075, -0.152069
0.208968, -0.269291
0.205691, -0.385808
0.201257, -0.500685
0.195685, -0.613215
0.189002, -0.722872
0.181239, -0.829275
0.172429, -0.932153
0.162608, -1.031321
0.151815, -1.126661
0.140088, -1.218103
0.127466, -1.305621
0.113988, -1.389220
0.099695, -1.468933
0.084623, -1.544815
0.068811, -1.616938
0.052296, -1.685392
0.035115, -1.750282
0.017302, -1.811725
-0.001109, -1.869846
-0.020084, -1.924781
-0.039594, -1.976673
-0.059608, -2.025669
-0.080098, -2.071918
-0.101038, -2.115570
-0.122402, -2.156771
-0.144166, -2.195663
-0.166308, -2.232375
-0.188806, -2.267027
-0.211642, -2.299715
-0.234794, -2.330517
-0.258246, -2.359477
-0.281978, -2.386605
-0.305972, -2.411867
-0.330209, -2.435177
-0.354668, -2.456389
-0.379329, -2.475290
-0.404165, -2.491593
-0.429151, -2.504930
-0.454253, -2.514851
-0.479434, -2.520827
-0.504654, -2.522261
-0.529862, -2.518504
-0.555005, -2.508885
-0.580018, -2.492746
-0.604836, -2.469489
-0.629383, -2.438623
-0.653582, -2.399809
-0.677352, -2.352898
-0.700613, -2.297952
-0.723285, -2.235244
-0.745293, -2.165243
-0.766568, -2.088573
-0.787045, -2.005974
-0.806670, -1.918244
-0.825395, -1.826194
-0.843182, -1.730610
-0.859998, -1.632218
-0.875819, -1.531666
-0.890626, -1.429519
-0.904406, -1.326248
-0.917149, -1.222242
-0.928849, -1.117810
-0.939504, -1.013191
-0.949113, -0.908566
-0.957676, -0.804066
-0.965195, -0.699780
-0.971673, -0.595764
-0.977111, -0.492046
-0.981515, -0.388635
-0.984885, -0.285523
-0.987226, -0.182689
-0.988540, -0.080102
-0.988829, 0.022275
-0.988095, 0.124485
-0.986339, 0.226574
-0.983564, 0.328591
-0.979768, 0.430584
-0.974952, 0.532604
-0.969115, 0.634701
-0.962257, 0.736922
-0.954376, 0.839310
-0.945470, 0.941907
-0.935537, 1.044747
-0.924575, 1.147854
-0.912579, 1.251242
-0.899549, 1.354911
-0.885480, 1.458837
-0.870371, 1.562974
-0.854220, 1.667240
-0.837027, 1.771510
-0.818791, 1.875608
-0.799516, 1.979291
-0.779207, 2.082240
-0.757875, 2.184043
-0.735532, 2.284186
-0.712199, 2.382039
-0.687901, 2.476855
-0.662675, 2.567775
-0.636562, 2.653841
-0.609617, 2.734029
-0.581905, 2.807294
-0.553498, 2.872634
-0.524481, 2.929154
-0.494947, 2.976144
-0.464992, 3.013128
-0.434718, 3.039912
-0.404227, 3.056587
-0.373619, 3.063509
-0.342988, 3.061259
-0.312422, 3.050573
-0.282002, 3.032280
-0.251799, 3.007236
-0.221877, 2.976269
-0.192291, 2.940142
-0.163089, 2.899525
-0.134313, 2.854986
-0.106001, 2.806987
-0.078184, 2.755887
-0.050892, 2.701956
-0.024153, 2.645382
0.002007, 2.586286
0.027564, 2.524732
0.052494, 2.460742
0.076771, 2.394302
0.100371, 2.325373
0.123270, 2.253900
0.145441, 2.179818
0.166857, 2.103057
0.187493, 2.023546
0.207319, 1.941222
0.226307, 1.856027
0.244430, 1.767917
0.261656, 1.676863
0.277957, 1.582852
0.293303, 1.485896
0.307665, 1.386031
0.321014, 1.283324
0.333323, 1.177881
0.344563, 1.069850
0.354712, 0.959437
0.363745, 0.846915
0.371644, 0.732641
0.378393, 0.617076
0.383983, 0.500804
0.388410, 0.384564
0.391678, 0.269269
0.393802, 0.156029
0.394809, 0.046169
0.394742, -0.058778
0.393656, -0.157102
0.391628, -0.246975
0.388751, -0.326564
0.385136, -0.394170
0.380912, -0.448398
0.376216, -0.488315
0.371195, -0.513570
0.365993, -0.524453
0.360751, -0.521854
0.355596, -0.507163
0.350642, -0.482108
0.345982, -0.448587
0.341692, -0.408511
0.337828, -0.363686
0.334429, -0.315733
0.331519, -0.266052
0.329110, -0.215812
0.327201, -0.165959
0.325787, -0.117241
0.324851, -0.070238
0.324375, -0.025384
0.324335, 0.017004
0.324706, 0.056703
0.325459, 0.093565
0.326567, 0.127503
0.328000, 0.158477
0.329727, 0.186481
0.331719, 0.211542
0.333948, 0.233706
0.336384, 0.253038
0.339000, 0.269616
0.341768, 0.283530
0.344662, 0.294878
0.347657, 0.303763
0.350729, 0.310296
0.353855, 0.314588
0.357014, 0.316759
0.360184, 0.316925
0.363346, 0.315209
0.366482, 0.311732
0.369575, 0.306618
0.372609, 0.299991
0.375570, 0.291977
0.378445, 0.282699
0.381221, 0.272283
0.383887, 0.260854
0.386435, 0.248537
0.388855, 0.235457
0.391142, 0.221738
0.393288, 0.207504
0.395290, 0.192879
0.397145, 0.177987
0.398850, 0.162950
0.400404, 0.147891
0.401808, 0.132931
0.403063, 0.118192
0.404173, 0.103795
0.405141, 0.089860
0.405972, 0.076506
0.406673, 0.063852
0.407252, 0.052016
0.407717, 0.041115
0.408078, 0.031264
0.408346, 0.022579
0.408533, 0.015171
0.408654, 0.009153
0.408721, 0.004632
0.408752, 0.001715
0.408761, 0.000504
0.408768, 0.001097
0.408790, 0.003587
0.408846, 0.008061
0.408958, 0.014596
0.409145, 0.023261
0.409430, 0.034113
0.409835, 0.047190
0.410382, 0.062515
0.411093, 0.080085
0.411991, 0.099866
0.413097, 0.121788
0.414433, 0.145736
0.416018, 0.171540
0.417869, 0.198958
0.420002, 0.227671
0.422426, 0.257260
0.425148, 0.287192
0.428169, 0.316808
0.431480, 0.345306
0.435068, 0.371737
0.438905, 0.395007
0.442953, 0.413897
0.447164, 0.427095
0.451472, 0.433258
0.455801, 0.431089
0.460062, 0.419432
0.464155, 0.397367
0.467972, 0.364298
0.471403, 0.320010
0.474336, 0.264685
0.476662, 0.198882
0.478281, 0.123472
0.479103, 0.039552
0.479048, -0.051650
0.478050, -0.148862
0.476055, -0.250843
0.473021, -0.356434
0.468918, -0.464587
0.463724, -0.574386
0.457427, -0.685041
0.450023, -0.795887
0.441511, -0.906371
0.431898, -1.016037
0.421194, -1.124513
0.409413, -1.231500
0.396570, -1.336757
0.382684, -1.440094
0.367775, -1.541363
0.351864, -1.640451
0.334973, -1.737273
0.317126, -1.831768
0.298346, -1.923895
0.278656, -2.013626
0.258081, -2.100946
0.236645, -2.185845
0.214373, -2.268315
0.191287, -2.348345
0.167414, -2.425912
0.142777, -2.500980
0.117403, -2.573484
0.091316, -2.643329
0.064546, -2.710375
0.037119, -2.774426
0.009068, -2.835225
-0.019574, -2.892435
-0.048767, -2.945637
-0.078471, -2.994323
-0.108637, -3.037892
-0.139210, -3.075663
-0.170128, -3.106889
-0.201323, -3.130788
-0.232717, -3.146582
-0.264225, -3.153551
-0.295757, -3.151086
-0.327214, -3.138752
-0.358498, -3.116326
-0.389507, -3.083835
-0.420142, -3.041554
-0.450307, -2.989995
-0.479913, -2.929862
-0.508879, -2.862001
-0.537131, -2.787338
-0.564606, -2.706821
-0.591251, -2.621374
-0.617020, -2.531859
-0.641877, -2.439051
-0.665792, -2.343627
-0.688743, -2.246163
-0.710710, -2.147138
-0.731681, -2.046938
-0.751646, -1.945875
-0.770597, -1.844189
-0.788528, -1.742065
-0.805437, -1.639639
-0.821321, -1.537013
-0.836177, -1.434253
-0.850005, -1.331406
-0.862805, -1.228499
-0.874575, -1.125543
-0.885316, -1.022542
-0.895026, -0.919490
-0.903705, -0.816377
-0.911353, -0.713190
-0.917969, -0.609913
-0.923551, -0.506532
-0.928099, -0.403035
-0.931611, -0.299413
-0.934087, -0.195664
-0.935524, -0.091792
-0.935922, 0.012188
-0.935280, 0.116245
-0.933597, 0.220335
-0.930874, 0.324390
-0.927110, 0.428315
-0.922308, 0.531985
-0.916472, 0.635237
-0.909605, 0.737864
-0.901717, 0.839606
-0.892817, 0.940153
-0.882919, 1.039131
-0.872041, 1.136106
-0.860206, 1.230588
-0.847440, 1.322033
-0.833777, 1.409862
-0.819256, 1.493478
-0.803923, 1.572291
-0.787829, 1.645753
-0.771028, 1.713387
-0.753581, 1.774821
-0.735553, 1.829810
-0.717007, 1.878258
-0.698009, 1.920217
-0.678624, 1.955883
-0.658912, 1.985575
-0.638931, 2.009707
-0.618734, 2.028763
-0.598371, 2.043257
-0.577883, 2.053713
-0.557308, 2.060634
-0.536680, 2.064487
-0.516027, 2.065690
-0.495374, 2.064606
-0.474742, 2.061538
-0.454149, 2.056729
-0.433612, 2.050367
-0.413147, 2.042589
-0.392765, 2.033483
-0.372481, 2.023094
-0.352307, 2.011431
-0.332257, 1.998469
-0.312343, 1.984158
-0.292578, 1.968421
-0.272979, 1.951161
-0.253561, 1.932267
-0.234340, 1.911610
-0.215335, 1.889052
-0.196566, 1.864447
-0.178053, 1.837641
-0.159821, 1.808475
-0.141892, 1.776788
-0.124294, 1.742418
-0.107053, 1.705204
-0.090200, 1.664984
-0.073764, 1.621603
-0.057779, 1.574910
-0.042277, 1.524758
-0.027295, 1.471009
-0.012870, 1.413533
0.000962, 1.352210
0.014161, 1.286932
0.026687, 1.217602
0.038500, 1.144141
0.049556, 1.066485
0.059815, 0.984596
0.069234, 0.898459
0.077770, 0.808099
0.085382, 0.713581
0.092029, 0.615033
0.097670, 0.512658
0.102270, 0.406765
0.105795, 0.297797
0.108218, 0.186377
0.109517, 0.073357
0.109683, -0.040120
0.108718, -0.152559
0.106642, -0.262053
0.103495, -0.366253
0.099344, -0.462386
0.094284, -0.547348
0.088445, -0.617909
0.081984, -0.671025
0.075091, -0.704216
0.067972, -0.715949
0.060845, -0.705890
0.053924, -0.674971
0.047408, -0.625225
0.041473, -0.559465
0.036262, -0.480888
0.031887, -0.392715
0.028429, -0.297933
0.025942, -0.199136
0.024453, -0.098474
0.023972, 0.002341
0.024496, 0.101988
0.026005, 0.199473
0.028475, 0.294070
0.031875, 0.385258
0.036168, 0.472677
