0.250000, 0.196350
0.254344, 0.196403
0.258386, 0.196568
0.262118, 0.196851
0.265533, 0.197259
0.268627, 0.197796
0.271393, 0.198468
0.273828, 0.199278
0.275927, 0.200229
0.277688, 0.201322
0.279109, 0.202559
0.280188, 0.203939
0.280925, 0.205462
0.281319, 0.207127
0.281371, 0.208930
0.281083, 0.210870
0.280457, 0.212941
0.279497, 0.215139
0.278205, 0.217459
0.276586, 0.219893
0.274646, 0.222434
0.272391, 0.225074
0.269827, 0.227804
0.266961, 0.230614
0.263801, 0.233494
0.260357, 0.236432
0.256637, 0.239416
0.252651, 0.242434
0.248411, 0.245471
0.243926, 0.248513
0.239209, 0.251547
0.234272, 0.254557
0.229128, 0.257527
0.223788, 0.260440
0.218268, 0.263281
0.212580, 0.266033
0.206738, 0.268679
0.200756, 0.271202
0.194650, 0.273585
0.188432, 0.275810
0.182117, 0.277861
0.175719, 0.279722
0.169254, 0.281376
0.162734, 0.282806
0.156174, 0.283998
0.149588, 0.284935
0.142988, 0.285604
0.136389, 0.285991
0.129802, 0.286081
0.123241, 0.285863
0.116718, 0.285324
0.110244, 0.284454
0.103831, 0.283241
0.097489, 0.281677
0.091229, 0.279752
0.085062, 0.277459
0.078995, 0.274791
0.073040, 0.271741
0.067203, 0.268304
0.061493, 0.264476
0.055918, 0.260254
0.050485, 0.255635
0.045199, 0.250616
0.040068, 0.245199
0.035096, 0.239382
0.030288, 0.233167
0.025649, 0.226556
0.021181, 0.219552
0.016888, 0.212160
0.012773, 0.204383
0.008836, 0.196229
0.005080, 0.187704
0.001503, 0.178817
-0.001893, 0.169576
-0.005112, 0.159992
-0.008154, 0.150076
-0.011022, 0.139840
-0.013719, 0.129299
-0.016251, 0.118466
-0.018622, 0.107356
-0.020839, 0.095988
-0.022907, 0.084378
-0.024835, 0.072545
-0.026630, 0.060509
-0.028302, 0.048291
-0.029861, 0.035912
-0.031315, 0.023394
-0.032677, 0.010760
-0.033958, -0.001966
-0.035168, -0.014759
-0.036321, -0.027596
-0.037428, -0.040452
-0.038502, -0.053301
-0.039556, -0.066119
-0.040600, -0.078880
-0.041649, -0.091560
-0.042714, -0.104134
-0.043806, -0.116580
-0.044936, -0.128872
-0.046117, -0.140988
-0.047357, -0.152907
-0.048668, -0.164607
-0.050057, -0.176068
-0.051533, -0.187270
-0.053104, -0.198196
-0.054778, -0.208827
-0.056559, -0.219147
-0.058454, -0.229142
-0.060468, -0.238796
-0.062604, -0.248097
-0.064866, -0.257033
-0.067256, -0.265592
-0.069777, -0.273765
-0.072430, -0.281542
-0.075215, -0.288916
-0.078132, -0.295880
-0.081180, -0.302428
-0.084359, -0.308554
-0.087667, -0.314254
-0.091102, -0.319525
-0.094660, -0.324365
-0.098338, -0.328773
-0.102133, -0.332747
-0.106041, -0.336288
-0.110057, -0.339396
-0.114175, -0.342075
-0.118390, -0.344326
-0.122697, -0.346152
-0.127089, -0.347560
-0.131558, -0.348552
-0.136099, -0.349137
-0.140703, -0.349319
-0.145362, -0.349108
-0.150068, -0.348511
-0.154811, -0.347537
-0.159584, -0.346196
-0.164376, -0.344500
-0.169177, -0.342460
-0.173977, -0.340087
-0.178766, -0.337395
-0.183531, -0.334397
-0.188262, -0.331108
-0.192948, -0.327542
-0.197576, -0.323715
-0.202134, -0.319643
-0.206610, -0.315341
-0.210991, -0.310828
-0.215264, -0.306120
-0.219418, -0.301234
-0.223440, -0.296188
-0.227316, -0.290999
-0.231034, -0.285686
-0.234581, -0.280265
-0.237946, -0.274756
-0.241117, -0.269174
-0.244081, -0.263537
-0.246828, -0.257863
-0.249345, -0.252167
-0.251624, -0.246465
-0.253654, -0.240774
-0.255424, -0.235107
-0.256927, -0.229480
-0.258155, -0.223905
-0.259098, -0.218397
-0.259750, -0.212966
-0.260105, -0.207626
-0.260157, -0.202386
-0.259900, -0.197256
-0.259331, -0.192246
-0.258446, -0.187365
-0.257242, -0.182619
-0.255716, -0.178016
-0.253868, -0.173560
-0.251696, -0.169259
-0.249201, -0.165115
-0.246383, -0.161132
-0.243244, -0.157312
-0.239785, -0.153658
-0.236011, -0.150169
-0.231924, -0.146847
-0.227529, -0.143689
-0.222831, -0.140695
-0.217837, -0.137860
-0.212552, -0.135183
-0.206984, -0.132657
-0.201141, -0.130279
-0.195032, -0.128041
-0.188666, -0.125937
-0.182053, -0.123959
-0.175204, -0.122098
-0.168130, -0.120344
-0.160844, -0.118688
-0.153358, -0.117117
-0.145684, -0.115621
-0.137838, -0.114187
-0.129832, -0.112801
-0.121681, -0.111451
-0.113401, -0.110122
-0.105007, -0.108800
-0.096513, -0.107470
-0.087937, -0.106118
-0.079294, -0.104726
-0.070600, -0.103282
-0.061871, -0.101768
-0.053123, -0.100170
-0.044374, -0.098473
-0.035637, -0.096662
-0.026930, -0.094723
-0.018268, -0.092641
-0.009666, -0.090402
-0.001139, -0.087995
0.007298, -0.085405
0.015632, -0.082622
0.023848, -0.079635
0.031933, -0.076432
0.039875, -0.073006
0.047661, -0.069346
0.055280, -0.065445
0.062721, -0.061297
0.069973, -0.056894
0.077027, -0.052233
0.083874, -0.047309
0.090505, -0.042119
0.096912, -0.036660
0.103089, -0.030931
0.109029, -0.024932
0.114726, -0.018664
0.120175, -0.012128
0.125372, -0.005326
0.130314, 0.001738
0.134997, 0.009059
0.139420, 0.016633
0.143580, 0.024452
0.147479, 0.032510
0.151114, 0.040798
0.154489, 0.049307
0.157604, 0.058028
0.160461, 0.066948
0.163065, 0.076056
0.165418, 0.085340
0.167526, 0.094785
0.169394, 0.104376
0.171028, 0.114100
0.172435, 0.123938
0.173623, 0.133875
0.174598, 0.143892
0.175371, 0.153972
0.175949, 0.164095
0.176344, 0.174242
0.176564, 0.184394
0.176620, 0.194529
0.176523, 0.204629
0.176284, 0.214671
0.175914, 0.224635
0.175423, 0.234501
0.174824, 0.244247
0.174128, 0.253853
0.173344, 0.263300
0.172486, 0.272566
0.171562, 0.281633
0.170584, 0.290481
0.169562, 0.299092
0.168505, 0.307449
0.167424, 0.315533
0.166326, 0.323328
0.165221, 0.330820
0.164116, 0.337992
0.163020, 0.344830
0.161939, 0.351322
0.160880, 0.357454
0.159849, 0.363215
0.158853, 0.368594
0.157896, 0.373581
0.156983, 0.378167
0.156119, 0.382343
0.155307, 0.386102
0.154552, 0.389437
0.153856, 0.392342
0.153222, 0.394811
0.152652, 0.396841
0.152149, 0.398427
0.151714, 0.399566
0.151349, 0.400257
0.151054, 0.400497
0.150830, 0.400286
0.150677, 0.399624
0.150596, 0.398511
0.150585, 0.396949
0.150644, 0.394940
0.150773, 0.392487
0.150968, 0.389594
0.151229, 0.386264
0.151554, 0.382503
0.151939, 0.378318
0.152382, 0.373714
0.152878, 0.368699
0.153425, 0.363282
0.154018, 0.357471
0.154651, 0.351278
0.155320, 0.344712
0.156018, 0.337786
0.156740, 0.330511
0.157478, 0.322902
0.158225, 0.314973
0.158974, 0.306739
0.159715, 0.298216
0.160441, 0.289420
0.161141, 0.280369
0.161807, 0.271081
0.162428, 0.261576
0.162994, 0.251871
0.163494, 0.241987
0.163918, 0.231945
0.164253, 0.221765
0.164490, 0.211469
0.164616, 0.201076
0.164621, 0.190609
0.164493, 0.180089
0.164221, 0.169538
0.163795, 0.158975
0.163204, 0.148422
0.162437, 0.137899
0.161485, 0.127427
0.160339, 0.117024
0.158991, 0.106709
0.157430, 0.096501
0.155652, 0.086417
0.153647, 0.076474
0.151411, 0.066687
0.148937, 0.057072
0.146221, 0.047643
0.143259, 0.038413
0.140047, 0.029395
0.136583, 0.020599
0.132866, 0.012036
0.128894, 0.003716
0.124667, -0.004352
0.120185, -0.012161
0.115451, -0.019705
0.110466, -0.026978
0.105232, -0.033975
0.099754, -0.040692
0.094035, -0.047127
0.088080, -0.053277
0.081896, -0.059143
0.075489, -0.064724
0.068864, -0.070021
0.062032, -0.075037
0.054998, -0.079774
0.047774, -0.084237
0.040368, -0.088430
0.032790, -0.092359
0.025052, -0.096031
0.017164, -0.099454
0.009140, -0.102636
0.000991, -0.105586
-0.007269, -0.108315
-0.015627, -0.110834
-0.024069, -0.113154
-0.032580, -0.115289
-0.041146, -0.117250
-0.049751, -0.119051
-0.058380, -0.120707
-0.067017, -0.122233
-0.075646, -0.123642
-0.084252, -0.124950
-0.092817, -0.126174
-0.101327, -0.127327
-0.109765, -0.128425
-0.118115, -0.129485
-0.126361, -0.130521
-0.134489, -0.131548
-0.142481, -0.132581
-0.150324, -0.133635
-0.158003, -0.134723
-0.165504, -0.135859
-0.172813, -0.137055
-0.179918, -0.138324
-0.186804, -0.139677
-0.193461, -0.141126
-0.199877, -0.142679
-0.206041, -0.144346
-0.211944, -0.146135
-0.217575, -0.148055
-0.222926, -0.150112
-0.227989, -0.152311
-0.232757, -0.154657
-0.237223, -0.157156
-0.241381, -0.159809
-0.245225, -0.162620
-0.248753, -0.165589
-0.251959, -0.168718
-0.254840, -0.172005
-0.257396, -0.175451
-0.259623, -0.179053
-0.261522, -0.182809
-0.263092, -0.186713
-0.264334, -0.190763
-0.265250, -0.194953
-0.265842, -0.199276
-0.266112, -0.203726
-0.266064, -0.208295
-0.265703, -0.212973
-0.265033, -0.217753
-0.264061, -0.222622
-0.262793, -0.227571
-0.261236, -0.232588
-0.259398, -0.237659
-0.257287, -0.242772
-0.254913, -0.247914
-0.252284, -0.253069
-0.249412, -0.258222
-0.246306, -0.263358
-0.242977, -0.268461
-0.239438, -0.273514
-0.235701, -0.278501
-0.231776, -0.283404
-0.227678, -0.288205
-0.223418, -0.292888
-0.219009, -0.297435
-0.214465, -0.301828
-0.209798, -0.306050
-0.205022, -0.310083
-0.200149, -0.313911
-0.195192, -0.317516
-0.190164, -0.320883
-0.185078, -0.323995
-0.179946, -0.326837
-0.174780, -0.329393
-0.169591, -0.331651
-0.164392, -0.333595
-0.159194, -0.335213
-0.154007, -0.336492
-0.148841, -0.337422
-0.143708, -0.337990
-0.138616, -0.338188
-0.133575, -0.338005
-0.128594, -0.337433
-0.123681, -0.336465
-0.118844, -0.335094
-0.114091, -0.333313
-0.109430, -0.331118
-0.104866, -0.328504
-0.100406, -0.325468
-0.096057, -0.322006
-0.091823, -0.318117
-0.087709, -0.313800
-0.083721, -0.309055
-0.079861, -0.303882
-0.076135, -0.298283
-0.072544, -0.292261
-0.069091, -0.285819
-0.065778, -0.278962
-0.062606, -0.271694
-0.059577, -0.264021
-0.056689, -0.255952
-0.053944, -0.247494
-0.051339, -0.238657
-0.048872, -0.229451
-0.046542, -0.219887
-0.044344, -0.209977
-0.042274, -0.199735
-0.040329, -0.189176
-0.038502, -0.178315
-0.036786, -0.167169
-0.035175, -0.155756
-0.033661, -0.144094
-0.032236, -0.132204
-0.030890, -0.120105
-0.029612, -0.107819
-0.028394, -0.095369
-0.027224, -0.082779
-0.026089, -0.070070
-0.024980, -0.057268
-0.023883, -0.044398
-0.022786, -0.031484
-0.021676, -0.018552
-0.020542, -0.005626
-0.019371, 0.007268
-0.018150, 0.020106
-0.016867, 0.032862
-0.015512, 0.045513
-0.014072, 0.058034
-0.012537, 0.070404
-0.010896, 0.082600
-0.009141, 0.094601
-0.007262, 0.106385
-0.005252, 0.117934
-0.003102, 0.129229
-0.000806, 0.140252
0.001642, 0.150988
0.004246, 0.161420
0.007011, 0.171534
0.009940, 0.181317
0.013037, 0.190757
0.016303, 0.199844
0.019738, 0.208566
0.023345, 0.216915
0.027122, 0.224883
0.031068, 0.232464
0.035182, 0.239651
0.039461, 0.246440
0.043903, 0.252827
0.048505, 0.258808
0.053261, 0.264383
0.058167, 0.269549
0.063219, 0.274307
0.068410, 0.278658
0.073734, 0.282603
0.079184, 0.286145
0.084754, 0.289287
0.090435, 0.292034
0.096219, 0.294392
0.102097, 0.296366
0.108060, 0.297963
0.114099, 0.299191
0.120204, 0.300059
0.126363, 0.300576
0.132566, 0.300753
0.138802, 0.300602
0.145059, 0.300132
0.151324, 0.299359
0.157586, 0.298294
0.163831, 0.296951
0.170047, 0.295346
0.176219, 0.293494
0.182336, 0.291409
0.188382, 0.289108
0.194344, 0.286608
0.200208, 0.283925
0.205959, 0.281076
0.211585, 0.278079
0.217071, 0.274949
0.222403, 0.271706
0.227567, 0.268365
0.232551, 0.264944
0.237341, 0.261459
0.241924, 0.257927
0.246288, 0.254363
0.250420, 0.250784
0.254310, 0.247203
0.257947, 0.243637
0.261319, 0.240098
0.264418, 0.236600
0.267233, 0.233156
0.269757, 0.229776
0.271981, 0.226473
0.273898, 0.223256
0.275502, 0.220136
0.276786, 0.217120
0.277746, 0.214217
0.278377, 0.211434
0.278676, 0.208777
0.278638, 0.206251
0.278264, 0.203862
0.277550, 0.201612
0.276495, 0.199505
0.275101, 0.197542
0.273368, 0.195726
0.271297, 0.194056
0.268890, 0.192531
0.266151, 0.191151
0.263082, 0.189914
0.259690, 0.188816
0.255977, 0.187853
0.251952, 0.187020
0.247620, 0.186313
0.242988, 0.185724
0.238064, 0.185246
0.232859, 0.184872
0.227379, 0.184591
0.221637, 0.184394
0.215643, 0.184272
0.209407, 0.184211
0.202942, 0.184201
0.196261, 0.184228
0.189377, 0.184279
0.182303, 0.184341
0.175053, 0.184399
0.167643, 0.184437
0.160085, 0.184441
0.152396, 0.184395
0.144592, 0.184284
0.136687, 0.184090
0.128697, 0.183799
0.120638, 0.183394
0.112526, 0.182859
0.104376, 0.182178
0.096205, 0.181337
0.088027, 0.180319
0.079858, 0.179110
0.071713, 0.177697
0.063606, 0.176065
0.055553, 0.174201
0.047566, 0.172093
0.039660, 0.169729
0.031847, 0.167099
0.024141, 0.164193
0.016553, 0.161001
0.009095, 0.157514
0.001778, 0.153727
-0.005387, 0.149631
-0.012391, 0.145222
-0.019223, 0.140495
-0.025876, 0.135445
-0.032342, 0.130072
-0.038612, 0.124371
-0.044680, 0.118344
-0.050540, 0.111990
-0.056186, 0.105310
-0.061614, 0.098306
-0.066818, 0.090981
-0.071797, 0.083340
-0.076547, 0.075388
-0.081066, 0.067130
-0.085353, 0.058575
-0.089408, 0.049729
-0.093230, 0.040603
-0.096821, 0.031206
-0.100183, 0.021549
-0.103318, 0.011645
-0.106231, 0.001507
-0.108924, -0.008851
-0.111403, -0.019414
-0.113674, -0.030166
-0.115743, -0.041090
-0.117618, -0.052168
-0.119306, -0.063381
-0.120816, -0.074709
-0.122157, -0.086134
-0.123339, -0.097633
-0.124372, -0.109185
-0.125266, -0.120770
-0.126033, -0.132363
-0.126684, -0.143943
-0.127230, -0.155488
-0.127683, -0.166974
-0.128054, -0.178378
-0.128355, -0.189678
-0.128597, -0.200852
-0.128792, -0.211877
-0.128951, -0.222733
-0.129085, -0.233396
-0.129203, -0.243849
-0.129316, -0.254069
-0.129433, -0.264040
-0.129564, -0.273741
-0.129716, -0.283155
-0.129898, -0.292267
-0.130116, -0.301060
-0.130378, -0.309519
-0.130689, -0.317630
-0.131055, -0.325382
-0.131482, -0.332761
-0.131973, -0.339756
-0.132532, -0.346357
-0.133163, -0.352556
-0.133869, -0.358343
-0.134651, -0.363712
-0.135511, -0.368655
-0.136452, -0.373167
-0.137473, -0.377242
-0.138576, -0.380877
-0.139760, -0.384068
-0.141025, -0.386813
-0.142371, -0.389109
-0.143795, -0.390957
-0.145298, -0.392354
-0.146876, -0.393303
-0.148528, -0.393803
-0.150251, -0.393858
-0.152043, -0.393469
-0.153900, -0.392640
-0.155818, -0.391376
-0.157794, -0.389680
-0.159823, -0.387559
-0.161901, -0.385019
-0.164022, -0.382068
-0.166181, -0.378713
-0.168373, -0.374963
-0.170590, -0.370827
-0.172826, -0.366316
-0.175075, -0.361441
-0.177328, -0.356214
-0.179578, -0.350648
-0.181816, -0.344755
-0.184034, -0.338550
-0.186223, -0.332048
-0.188372, -0.325264
-0.190473, -0.318214
-0.192515, -0.310915
-0.194487, -0.303385
-0.196379, -0.295641
-0.198180, -0.287702
-0.199879, -0.279586
-0.201465, -0.271312
-0.202926, -0.262900
-0.204250, -0.254368
-0.205428, -0.245737
-0.206447, -0.237025
-0.207297, -0.228252
-0.207967, -0.219438
-0.208447, -0.210600
-0.208725, -0.201758
-0.208794, -0.192930
-0.208642, -0.184133
-0.208263, -0.175386
-0.207646, -0.166704
-0.206785, -0.158103
-0.205673, -0.149599
-0.204303, -0.141206
-0.202669, -0.132939
-0.200766, -0.124810
-0.198591, -0.116831
-0.196139, -0.109014
-0.193407, -0.101369
-0.190394, -0.093907
-0.187097, -0.086635
-0.183517, -0.079562
-0.179653, -0.072695
-0.175506, -0.066039
-0.171077, -0.059601
-0.166370, -0.053384
-0.161386, -0.047391
-0.156130, -0.041625
-0.150607, -0.036088
-0.144820, -0.030781
-0.138777, -0.025702
-0.132484, -0.020850
-0.125948, -0.016224
-0.119178, -0.011820
-0.112181, -0.007635
-0.104968, -0.003662
-0.097548, 0.000103
-0.089932, 0.003667
-0.082131, 0.007038
-0.074157, 0.010225
-0.066023, 0.013237
-0.057742, 0.016083
-0.049327, 0.018775
-0.040792, 0.021324
-0.032152, 0.023742
-0.023421, 0.026043
-0.014615, 0.028239
-0.005749, 0.030344
0.003161, 0.032373
0.012099, 0.034340
0.021048, 0.036259
0.029993, 0.038146
0.038918, 0.040016
0.047805, 0.041884
0.056639, 0.043764
0.065404, 0.045672
0.074085, 0.047621
0.082664, 0.049626
0.091128, 0.051700
0.099461, 0.053856
0.107650, 0.056108
0.115679, 0.058467
0.123536, 0.060945
0.131207, 0.063552
0.138681, 0.066297
0.145945, 0.069191
0.152988, 0.072241
0.159799, 0.075455
0.166370, 0.078839
0.172689, 0.082399
0.178750, 0.086140
0.184543, 0.090066
0.190063, 0.094179
0.195302, 0.098482
0.200254, 0.102976
0.204916, 0.107662
0.209281, 0.112538
0.213348, 0.117604
0.217113, 0.122856
0.220573, 0.128292
0.223729, 0.133908
0.226578, 0.139698
0.229122, 0.145657
0.231361, 0.151778
0.233296, 0.158054
0.234930, 0.164475
0.236266, 0.171034
0.237309, 0.177719
0.238061, 0.184520
0.238529, 0.191425
0.238718, 0.198422
0.238635, 0.205497
0.238287, 0.212637
0.237682, 0.219828
0.236829, 0.227053
0.235735, 0.234297
0.234411, 0.241544
0.232866, 0.248777
0.231111, 0.255979
0.229157, 0.263132
0.227014, 0.270218
0.224694, 0.277219
0.222208, 0.284117
0.219569, 0.290893
0.216787, 0.297529
0.213874, 0.304007
0.210844, 0.310309
0.207706, 0.316417
0.204474, 0.322312
0.201158, 0.327979
0.197770, 0.333400
0.194321, 0.338559
0.190822, 0.343440
0.187283, 0.348027
0.183716, 0.352308
0.180129, 0.356266
0.176533, 0.359890
0.172936, 0.363167
0.169347, 0.366084
0.165776, 0.368631
0.162229, 0.370798
0.158716, 0.372575
0.155242, 0.373953
0.151816, 0.374925
0.148443, 0.375483
0.145129, 0.375620
0.141882, 0.375331
0.138705, 0.374612
0.135604, 0.373457
0.132584, 0.371865
0.129649, 0.369831
0.126802, 0.367354
0.124048, 0.364434
0.121390, 0.361070
0.118829, 0.357263
0.116369, 0.353014
0.114011, 0.348325
0.111756, 0.343199
0.109606, 0.337641
0.107562, 0.331654
0.105622, 0.325245
0.103786, 0.318420
0.102054, 0.311186
0.100423, 0.303552
0.098892, 0.295528
0.097456, 0.287123
0.096114, 0.278349
0.094860, 0.269217
0.093690, 0.259743
0.092599, 0.249939
0.091579, 0.239821
0.090625, 0.229405
0.089728, 0.218709
0.088881, 0.207752
0.088075, 0.196551
0.087300, 0.185128
0.086547, 0.173502
0.085804, 0.161697
0.085062, 0.149733
0.084308, 0.137635
0.083532, 0.125425
0.082721, 0.113126
0.081863, 0.100764
0.080946, 0.088362
0.079959, 0.075944
0.078888, 0.063534
0.077723, 0.051157
0.076452, 0.038836
0.075063, 0.026594
0.073547, 0.014454
0.071892, 0.002438
0.070090, -0.009432
0.068130, -0.021137
0.066005, -0.032656
0.063708, -0.043971
0.061231, -0.055064
0.058568, -0.065917
0.055714, -0.076515
0.052664, -0.086843
0.049415, -0.096887
0.045964, -0.106635
0.042308, -0.116074
0.038447, -0.125194
0.034379, -0.133986
0.030106, -0.142441
0.025627, -0.150552
0.020945, -0.158311
0.016061, -0.165714
0.010980, -0.172756
0.005705, -0.179434
0.000240, -0.185745
-0.005410, -0.191687
-0.011238, -0.197261
-0.017240, -0.202467
-0.023407, -0.207306
-0.029732, -0.211780
-0.036207, -0.215893
-0.042823, -0.219649
-0.049572, -0.223054
-0.056444, -0.226113
-0.063427, -0.228834
-0.070512, -0.231224
-0.077687, -0.233292
-0.084941, -0.235048
-0.092260, -0.236502
-0.099633, -0.237666
-0.107047, -0.238551
-0.114487, -0.239171
-0.121941, -0.239539
-0.129393, -0.239668
-0.136830, -0.239574
-0.144237, -0.239272
-0.151599, -0.238777
-0.158901, -0.238105
-0.166128, -0.237272
-0.173264, -0.236295
-0.180296, -0.235191
-0.187206, -0.233976
-0.193982, -0.232666
-0.200607, -0.231279
-0.207068, -0.229829
-0.213350, -0.228335
-0.219439, -0.226810
-0.225323, -0.225271
-0.230987, -0.223731
-0.236419, -0.222206
-0.241608, -0.220709
-0.246542, -0.219253
-0.251210, -0.217850
-0.255602, -0.216511
-0.259708, -0.215248
-0.263520, -0.214071
-0.267028, -0.212988
-0.270227, -0.212008
-0.273109, -0.211139
-0.275667, -0.210387
-0.277898, -0.209759
-0.279795, -0.209258
-0.281355, -0.208891
-0.282575, -0.208659
-0.283453, -0.208566
-0.283986, -0.208613
-0.284175, -0.208801
-0.284018, -0.209130
-0.283517, -0.209598
-0.282673, -0.210205
-0.281487, -0.210948
-0.279963, -0.211824
-0.278104, -0.212827
-0.275914, -0.213953
-0.273399, -0.215197
-0.270564, -0.216551
-0.267415, -0.218007
-0.263960, -0.219558
-0.260207, -0.221194
-0.256164, -0.222905
-0.251840, -0.224681
-0.247246, -0.226509
-0.242391, -0.228377
-0.237288, -0.230272
-0.231947, -0.232182
-0.226381, -0.234091
-0.220602, -0.235984
-0.214624, -0.237847
-0.208461, -0.239664
-0.202126, -0.241418
-0.195633, -0.243094
-0.188997, -0.244674
-0.182233, -0.246142
-0.175356, -0.247482
-0.168380, -0.248676
-0.161321, -0.249708
-0.154193, -0.250562
-0.147011, -0.251221
-0.139790, -0.251670
-0.132545, -0.251893
-0.125290, -0.251875
-0.118038, -0.251603
-0.110804, -0.251062
-0.103601, -0.250240
-0.096442, -0.249123
-0.089340, -0.247701
-0.082307, -0.245963
-0.075354, -0.243899
-0.068493, -0.241499
-0.061735, -0.238755
-0.055090, -0.235661
-0.048567, -0.232209
-0.042177, -0.228393
-0.035928, -0.224210
-0.029828, -0.219656
-0.023884, -0.214727
-0.018104, -0.209421
-0.012495, -0.203739
-0.007061, -0.197680
-0.001809, -0.191244
0.003257, -0.184434
0.008133, -0.177253
0.012816, -0.169705
0.017302, -0.161795
0.021590, -0.153529
0.025679, -0.144913
0.029569, -0.135956
0.033258, -0.126666
0.036749, -0.117055
0.040043, -0.107133
0.043143, -0.096912
0.046051, -0.086406
0.048773, -0.075629
0.051313, -0.064597
0.053677, -0.053325
0.055871, -0.041833
0.057903, -0.030137
0.059780, -0.018258
0.061512, -0.006216
0.063108, 0.005969
0.064578, 0.018273
0.065933, 0.030676
0.067182, 0.043152
0.068339, 0.055680
0.069415, 0.068234
0.070421, 0.080790
0.071369, 0.093325
0.072273, 0.105813
0.073144, 0.118231
0.073994, 0.130553
0.074836, 0.142757
0.075679, 0.154819
0.076537, 0.166716
0.077419, 0.178426
0.078336, 0.189927
0.079297, 0.201198
0.080311, 0.212221
0.081388, 0.222975
0.082535, 0.233443
0.083758, 0.243608
0.085066, 0.253453
0.086462, 0.262965
0.087952, 0.272129
0.089542, 0.280931
0.091233, 0.289361
0.093031, 0.297406
0.094936, 0.305058
0.096950, 0.312308
0.099076, 0.319147
0.101313, 0.325568
0.103662, 0.331566
0.106122, 0.337135
0.108692, 0.342271
0.111370, 0.346971
0.114156, 0.351232
0.117046, 0.355051
0.120038, 0.358429
0.123128, 0.361366
0.126312, 0.363861
0.129588, 0.365917
0.132949, 0.367535
0.136392, 0.368719
0.139911, 0.369473
0.143501, 0.369802
0.147155, 0.369710
0.150867, 0.369204
0.154631, 0.368291
0.158439, 0.366979
0.162283, 0.365276
0.166156, 0.363192
0.170049, 0.360737
0.173955, 0.357921
0.177862, 0.354756
0.181763, 0.351255
0.185647, 0.347430
0.189504, 0.343296
0.193324, 0.338866
0.197095, 0.334156
0.200808, 0.329181
0.204449, 0.323957
0.208009, 0.318501
0.211474, 0.312830
0.214834, 0.306961
0.218076, 0.300913
0.221188, 0.294702
0.224159, 0.288347
0.226975, 0.281867
0.229626, 0.275279
0.232099, 0.268601
0.234383, 0.261851
0.236467, 0.255048
0.238340, 0.248208
0.239992, 0.241349
0.241412, 0.234487
0.242590, 0.227638
0.243518, 0.220819
0.244187, 0.214044
0.244589, 0.207327
0.244716, 0.200683
0.244562, 0.194125
0.244121, 0.187664
0.243387, 0.181312
0.242356, 0.175081
0.241023, 0.168980
0.239385, 0.163018
0.237440, 0.157203
0.235186, 0.151544
0.232621, 0.146046
0.229746, 0.140716
0.226560, 0.135558
0.223065, 0.130577
0.219262, 0.125775
0.215155, 0.121156
0.210746, 0.116719
0.206039, 0.112467
0.201039, 0.108399
0.195752, 0.104513
0.190184, 0.100808
0.184341, 0.097280
0.178232, 0.093925
0.171864, 0.090740
0.165247, 0.087717
0.158391, 0.084851
0.151305, 0.082134
0.144001, 0.079557
0.136490, 0.077113
0.128784, 0.074791
0.120897, 0.072580
0.112842, 0.070469
0.104631, 0.068447
0.096281, 0.066500
0.087805, 0.064615
0.079219, 0.062779
0.070538, 0.060977
0.061778, 0.059196
0.052955, 0.057420
0.044084, 0.055635
0.035182, 0.053825
0.026266, 0.051976
0.017351, 0.050072
0.008454, 0.048099
-0.000409, 0.046042
-0.009223, 0.043886
-0.017971, 0.041619
-0.026639, 0.039225
-0.035212, 0.036693
-0.043675, 0.034011
-0.052013, 0.031165
-0.060214, 0.028146
-0.068263, 0.024943
-0.076149, 0.021548
-0.083860, 0.017950
-0.091383, 0.014142
-0.098709, 0.010119
-0.105826, 0.005872
-0.112726, 0.001398
-0.119399, -0.003307
-0.125837, -0.008248
-0.132033, -0.013425
-0.137979, -0.018842
-0.143671, -0.024498
-0.149101, -0.030392
-0.154266, -0.036523
-0.159161, -0.042889
-0.163783, -0.049487
-0.168130, -0.056312
-0.172200, -0.063360
-0.175992, -0.070623
-0.179505, -0.078096
-0.182740, -0.085770
-0.185698, -0.093637
-0.188381, -0.101686
-0.190792, -0.109908
-0.192933, -0.118290
-0.194811, -0.126822
-0.196428, -0.135488
-0.197791, -0.144276
-0.198905, -0.153171
-0.199779, -0.162158
-0.200419, -0.171219
-0.200833, -0.180339
-0.201030, -0.189501
-0.201019, -0.198685
-0.200810, -0.207874
-0.200413, -0.217048
-0.199838, -0.226189
-0.199096, -0.235278
-0.198198, -0.244294
-0.197155, -0.253218
-0.195977, -0.262029
-0.194677, -0.270709
-0.193265, -0.279238
-0.191753, -0.287597
-0.190152, -0.295766
-0.188472, -0.303727
-0.186724, -0.311462
-0.184919, -0.318953
-0.183066, -0.326182
-0.181176, -0.333135
-0.179258, -0.339794
-0.177320, -0.346144
-0.175372, -0.352172
-0.173421, -0.357864
-0.171476, -0.363206
-0.169543, -0.368186
-0.167629, -0.372794
-0.165742, -0.377018
-0.163887, -0.380849
-0.162070, -0.384278
-0.160295, -0.387297
-0.158569, -0.389898
-0.156894, -0.392075
-0.155276, -0.393822
-0.153718, -0.395134
-0.152224, -0.396006
-0.150796, -0.396435
-0.149437, -0.396417
-0.148149, -0.395952
-0.146934, -0.395037
-0.145795, -0.393672
-0.144731, -0.391856
-0.143744, -0.389592
-0.142835, -0.386879
-0.142003, -0.383722
-0.141248, -0.380122
-0.140570, -0.376083
-0.139968, -0.371611
-0.139440, -0.366710
-0.138984, -0.361388
-0.138598, -0.355650
-0.138278, -0.349506
-0.138023, -0.342964
-0.137827, -0.336033
-0.137686, -0.328725
-0.137596, -0.321051
-0.137551, -0.313023
-0.137545, -0.304655
-0.137571, -0.295961
-0.137623, -0.286956
-0.137692, -0.277656
-0.137770, -0.268078
-0.137848, -0.258241
-0.137917, -0.248161
-0.137968, -0.237860
-0.137990, -0.227356
-0.137973, -0.216670
-0.137906, -0.205823
-0.137777, -0.194837
-0.137576, -0.183733
-0.137290, -0.172535
-0.136909, -0.161264
-0.136421, -0.149942
-0.135815, -0.138592
-0.135078, -0.127236
-0.134201, -0.115897
-0.133173, -0.104596
-0.131983, -0.093353
-0.130622, -0.082191
-0.129080, -0.071129
-0.127349, -0.060186
-0.125420, -0.049381
-0.123286, -0.038733
-0.120941, -0.028258
-0.118378, -0.017972
-0.115593, -0.007892
-0.112579, 0.001970
-0.109335, 0.011599
-0.105857, 0.020982
-0.102142, 0.030109
-0.098189, 0.038970
-0.093999, 0.047553
-0.089570, 0.055852
-0.084904, 0.063858
-0.080003, 0.071566
-0.074869, 0.078969
-0.069504, 0.086063
-0.063914, 0.092846
-0.058102, 0.099313
-0.052074, 0.105464
-0.045836, 0.111299
-0.039394, 0.116817
-0.032755, 0.122020
-0.025928, 0.126911
-0.018921, 0.131492
-0.011744, 0.135768
-0.004405, 0.139745
0.003084, 0.143429
0.010712, 0.146826
0.018469, 0.149944
0.026342, 0.152793
0.034319, 0.155382
0.042386, 0.157722
0.050529, 0.159824
0.058736, 0.161700
0.066992, 0.163363
0.075281, 0.164825
0.083589, 0.166103
0.091901, 0.167208
0.100201, 0.168157
0.108473, 0.168965
0.116702, 0.169648
0.124871, 0.170220
0.132966, 0.170698
0.140969, 0.171098
0.148866, 0.171436
0.156640, 0.171728
0.164277, 0.171988
0.171762, 0.172233
0.179080, 0.172476
0.186216, 0.172733
0.193157, 0.173017
0.199889, 0.173342
0.206401, 0.173720
0.212678, 0.174163
0.218710, 0.174683
0.224487, 0.175290
0.229996, 0.175994
0.235229, 0.176804
0.240177, 0.177728
0.244830, 0.178773
0.249183, 0.179945
0.253226, 0.181251
0.256956, 0.182696
0.260365, 0.184282
0.263450, 0.186013
0.266205, 0.187891
0.268629, 0.189917
0.270718, 0.192093
0.272470, 0.194417
0.273885, 0.196888
0.274963, 0.199504
0.275703, 0.202262
0.276106, 0.205158
0.276176, 0.208188
0.275914, 0.211347
0.275323, 0.214627
0.274409, 0.218022
0.273175, 0.221523
0.271627, 0.225123
0.269771, 0.228811
0.267615, 0.232577
0.265166, 0.236411
0.262433, 0.240299
0.259423, 0.244230
0.256147, 0.248190
0.252615, 0.252166
0.248837, 0.256142
0.244825, 0.260105
0.240591, 0.264037
0.236146, 0.267923
0.231503, 0.271747
0.226674, 0.275492
0.221674, 0.279141
0.216515, 0.282677
0.211211, 0.286082
0.205775, 0.289339
0.200221, 0.292432
0.194564, 0.295342
0.188816, 0.298054
0.182992, 0.300550
0.177105, 0.302814
0.171168, 0.304831
0.165194, 0.306585
0.159196, 0.308061
0.153188, 0.309246
0.147181, 0.310126
0.141187, 0.310687
0.135217, 0.310919
0.129284, 0.310808
0.123397, 0.310346
0.117568, 0.309521
0.111806, 0.308326
0.106120, 0.306751
0.100521, 0.304790
0.095015, 0.302435
0.089613, 0.299682
0.084321, 0.296526
0.079146, 0.292962
0.074097, 0.288988
0.069177, 0.284601
0.064395, 0.279801
0.059754, 0.274586
0.055260, 0.268958
0.050917, 0.262918
0.046728, 0.256468
0.042696, 0.249613
0.038824, 0.242355
0.035115, 0.234700
0.031568, 0.226655
0.028185, 0.218227
0.024965, 0.209424
0.021907, 0.200256
0.019011, 0.190733
0.016273, 0.180866
0.013691, 0.170668
0.011260, 0.160153
0.008976, 0.149336
0.006834, 0.138231
0.004827, 0.126858
0.002948, 0.115232
0.001190, 0.103373
-0.000456, 0.091301
-0.001999, 0.079038
-0.003450, 0.066604
-0.004818, 0.054022
-0.006114, 0.041316
-0.007350, 0.028510
-0.008538, 0.015627
-0.009690, 0.002693
-0.010818, -0.010268
-0.011935, -0.023230
-0.013053, -0.036167
-0.014185, -0.049056
-0.015343, -0.061870
-0.016539, -0.074586
-0.017785, -0.087179
-0.019091, -0.099626
-0.020470, -0.111903
-0.021930, -0.123990
-0.023481, -0.135863
-0.025134, -0.147504
-0.026894, -0.158893
-0.028771, -0.170011
-0.030771, -0.180841
-0.032899, -0.191366
-0.035162, -0.201572
-0.037563, -0.211445
-0.040106, -0.220970
-0.042793, -0.230137
-0.045628, -0.238934
-0.048612, -0.247352
-0.051745, -0.255381
-0.055027, -0.263015
-0.058459, -0.270245
-0.062038, -0.277066
-0.065763, -0.283474
-0.069631, -0.289465
-0.073640, -0.295035
-0.077786, -0.300182
-0.082065, -0.304906
-0.086473, -0.309206
-0.091005, -0.313082
-0.095654, -0.316537
-0.100416, -0.319572
-0.105283, -0.322191
-0.110249, -0.324397
-0.115307, -0.326197
-0.120448, -0.327594
-0.125665, -0.328597
-0.130949, -0.329212
-0.136291, -0.329448
-0.141682, -0.329313
-0.147111, -0.328818
-0.152568, -0.327973
-0.158044, -0.326789
-0.163525, -0.325279
-0.169003, -0.323456
-0.174463, -0.321332
-0.179896, -0.318923
-0.185288, -0.316242
-0.190626, -0.313305
-0.195898, -0.310128
-0.201091, -0.306728
-0.206192, -0.303120
-0.211188, -0.299322
-0.216065, -0.295351
-0.220809, -0.291225
-0.225409, -0.286960
-0.229850, -0.282574
-0.234120, -0.278085
-0.238207, -0.273509
-0.242096, -0.268865
-0.245777, -0.264168
-0.249238, -0.259436
-0.252466, -0.254683
-0.255452, -0.249926
-0.258185, -0.245180
-0.260655, -0.240459
-0.262852, -0.235777
-0.264768, -0.231146
-0.266395, -0.226580
-0.267726, -0.222091
-0.268753, -0.217688
-0.269471, -0.213383
-0.269874, -0.209184
-0.269957, -0.205100
-0.269718, -0.201140
-0.269151, -0.197309
-0.268256, -0.193614
-0.267029, -0.190061
-0.265471, -0.186654
-0.263581, -0.183395
-0.261359, -0.180289
-0.258806, -0.177337
-0.255925, -0.174540
-0.252718, -0.171899
-0.249188, -0.169411
-0.245340, -0.167077
-0.241179, -0.164894
-0.236710, -0.162858
-0.231939, -0.160965
-0.226874, -0.159211
-0.221522, -0.157589
-0.215892, -0.156092
-0.209993, -0.154714
-0.203834, -0.153445
-0.197427, -0.152277
-0.190782, -0.151199
-0.183912, -0.150201
-0.176828, -0.149271
-0.169544, -0.148398
-0.162072, -0.147567
-0.154428, -0.146766
-0.146625, -0.145980
-0.138678, -0.145196
-0.130602, -0.144399
-0.122413, -0.143573
-0.114126, -0.142702
-0.105757, -0.141772
-0.097323, -0.140767
-0.088838, -0.139671
-0.080320, -0.138469
-0.071784, -0.137145
-0.063246, -0.135684
-0.054721, -0.134071
-0.046226, -0.132293
-0.037775, -0.130335
-0.029383, -0.128183
-0.021065, -0.125827
-0.012834, -0.123253
-0.004706, -0.120450
0.003308, -0.117407
0.011195, -0.114116
0.018942, -0.110567
0.026538, -0.106752
0.033972, -0.102665
0.041233, -0.098299
0.048311, -0.093648
0.055198, -0.088710
0.061885, -0.083479
0.068363, -0.077955
0.074626, -0.072135
0.080667, -0.066020
0.086480, -0.059609
0.092060, -0.052904
0.097402, -0.045908
0.102503, -0.038624
0.107359, -0.031057
0.111969, -0.023212
0.116330, -0.015095
0.120442, -0.006714
0.124304, 0.001923
0.127918, 0.010806
0.131285, 0.019926
0.134407, 0.029270
0.137287, 0.038828
0.139929, 0.048585
0.142338, 0.058527
0.144518, 0.068640
0.146476, 0.078908
0.148218, 0.089314
0.149752, 0.099840
0.151087, 0.110468
0.152229, 0.121180
0.153189, 0.131955
0.153977, 0.142774
0.154602, 0.153616
0.155075, 0.164460
0.155407, 0.175285
0.155608, 0.186069
0.155691, 0.196790
0.155666, 0.207428
0.155544, 0.217959
0.155338, 0.228363
0.155057, 0.238619
0.154714, 0.248706
0.154319, 0.258604
0.153882, 0.268291
0.153414, 0.277751
0.152923, 0.286963
0.152421, 0.295909
0.151915, 0.304574
0.151413, 0.312939
0.150924, 0.320990
0.150455, 0.328712
0.150014, 0.336091
0.149605, 0.343114
0.149235, 0.349769
0.148909, 0.356044
0.148633, 0.361929
0.148410, 0.367415
0.148244, 0.372494
0.148138, 0.377156
0.148096, 0.381395
0.148120, 0.385205
0.148212, 0.388581
0.148374, 0.391518
0.148606, 0.394011
0.148910, 0.396058
0.149287, 0.397657
0.149736, 0.398806
0.150257, 0.399504
0.150850, 0.399751
0.151514, 0.399548
0.152248, 0.398895
0.153050, 0.397795
0.153918, 0.396251
0.154850, 0.394267
0.155844, 0.391845
0.156895, 0.388992
0.158002, 0.385714
0.159160, 0.382017
0.160365, 0.377907
0.161612, 0.373395
0.162897, 0.368487
0.164214, 0.363195
0.165557, 0.357528
0.166920, 0.351499
0.168296, 0.345119
0.169677, 0.338401
0.171057, 0.331359
0.172426, 0.324008
0.173777, 0.316362
0.175100, 0.308439
0.176385, 0.300255
0.177624, 0.291828
0.178806, 0.283174
0.179920, 0.274314
0.180956, 0.265265
0.181904, 0.256049
0.182751, 0.246683
0.183486, 0.237190
0.184099, 0.227588
0.184579, 0.217898
0.184914, 0.208141
0.185093, 0.198337
0.185105, 0.188507
0.184941, 0.178669
0.184590, 0.168844
0.184042, 0.159051
0.183289, 0.149308
0.182320, 0.139634
0.181129, 0.130047
0.179708, 0.120562
0.178049, 0.111196
0.176146, 0.101965
0.173995, 0.092882
0.171589, 0.083963
0.168925, 0.075219
0.165999, 0.066663
0.162808, 0.058305
0.159352, 0.050157
0.155627, 0.042226
0.151635, 0.034523
0.147375, 0.027053
0.142849, 0.019823
0.138057, 0.012839
0.133004, 0.006106
0.127692, -0.000373
0.122125, -0.006595
0.116308, -0.012558
0.110246, -0.018262
0.103946, -0.023707
0.097415, -0.028894
0.090659, -0.033825
0.083688, -0.038502
0.076510, -0.042931
0.069134, -0.047115
0.061571, -0.051060
0.053832, -0.054774
0.045928, -0.058264
0.037872, -0.061537
0.029674, -0.064605
0.021350, -0.067475
0.012912, -0.070161
0.004374, -0.072672
-0.004249, -0.075021
-0.012942, -0.077222
-0.021691, -0.079287
-0.030478, -0.081231
-0.039290, -0.083067
-0.048109, -0.084811
-0.056920, -0.086478
-0.065706, -0.088081
-0.074452, -0.089638
-0.083141, -0.091163
-0.091756, -0.092670
-0.100283, -0.094176
-0.108706, -0.095695
-0.117008, -0.097240
-0.125175, -0.098827
-0.133193, -0.100469
-0.141046, -0.102178
-0.148722, -0.103967
-0.156206, -0.105849
-0.163486, -0.107833
-0.170550, -0.109930
-0.177386, -0.112150
-0.183983, -0.114501
-0.190332, -0.116992
-0.196421, -0.119629
-0.202243, -0.122419
-0.207789, -0.125367
-0.213051, -0.128477
-0.218023, -0.131753
-0.222698, -0.135198
-0.227071, -0.138813
-0.231138, -0.142599
-0.234893, -0.146557
-0.238335, -0.150686
-0.241461, -0.154984
-0.244268, -0.159447
-0.246756, -0.164074
-0.248925, -0.168860
-0.250775, -0.173798
-0.252306, -0.178885
-0.253522, -0.184112
-0.254425, -0.189472
-0.255018, -0.194957
-0.255304, -0.200557
-0.255290, -0.206263
-0.254980, -0.212062
-0.254381, -0.217945
-0.253500, -0.223897
-0.252343, -0.229907
-0.250919, -0.235960
-0.249237, -0.242043
-0.247307, -0.248139
-0.245137, -0.254234
-0.242738, -0.260310
-0.240120, -0.266353
-0.237296, -0.272344
-0.234276, -0.278267
-0.231073, -0.284103
-0.227697, -0.289836
-0.224162, -0.295447
-0.220479, -0.300918
-0.216662, -0.306232
-0.212722, -0.311371
-0.208672, -0.316318
-0.204525, -0.321054
-0.200292, -0.325564
-0.195986, -0.329831
-0.191619, -0.333838
-0.187202, -0.337570
-0.182747, -0.341013
-0.178265, -0.344151
-0.173767, -0.346971
-0.169262, -0.349460
-0.164762, -0.351605
-0.160277, -0.353395
-0.155814, -0.354818
-0.151384, -0.355865
-0.146995, -0.356527
-0.142655, -0.356794
-0.138373, -0.356659
-0.134155, -0.356114
-0.130008, -0.355154
-0.125940, -0.353774
-0.121956, -0.351967
-0.118062, -0.349731
-0.114264, -0.347063
-0.110567, -0.343960
-0.106975, -0.340421
-0.103492, -0.336445
-0.100122, -0.332033
-0.096868, -0.327185
-0.093734, -0.321904
-0.090720, -0.316193
-0.087830, -0.310055
-0.085064, -0.303494
-0.082423, -0.296517
-0.079908, -0.289130
-0.077517, -0.281340
-0.075249, -0.273155
-0.073104, -0.264586
-0.071078, -0.255642
-0.069169, -0.246334
-0.067372, -0.236676
-0.065684, -0.226681
-0.064098, -0.216364
-0.062610, -0.205739
-0.061212, -0.194824
-0.059898, -0.183637
-0.058658, -0.172196
-0.057485, -0.160521
-0.056369, -0.148632
-0.055300, -0.136552
-0.054268, -0.124301
-0.053260, -0.111903
-0.052267, -0.099382
-0.051276, -0.086761
-0.050275, -0.074065
-0.049253, -0.061319
-0.048195, -0.048547
-0.047091, -0.035774
-0.045927, -0.023025
-0.044693, -0.010325
-0.043375, 0.002302
-0.041964, 0.014833
-0.040446, 0.027244
-0.038813, 0.039512
-0.037054, 0.051616
-0.035160, 0.063535
-0.033123, 0.075248
-0.030934, 0.086737
-0.028587, 0.097982
-0.026074, 0.108967
-0.023392, 0.119676
-0.020534, 0.130094
-0.017497, 0.140205
-0.014278, 0.149999
-0.010874, 0.159462
-0.007284, 0.168584
-0.003508, 0.177355
0.000456, 0.185766
0.004605, 0.193811
0.008940, 0.201481
0.013457, 0.208772
0.018154, 0.215680
0.023028, 0.222200
0.028074, 0.228329
0.033288, 0.234067
0.038665, 0.239413
0.044199, 0.244366
0.049883, 0.248929
0.055711, 0.253102
0.061675, 0.256890
0.067767, 0.260296
0.073979, 0.263325
0.080301, 0.265983
0.086725, 0.268276
0.093239, 0.270212
0.099834, 0.271800
0.106498, 0.273048
0.113221, 0.273967
0.119990, 0.274567
0.126793, 0.274861
0.133617, 0.274861
0.140451, 0.274580
0.147279, 0.274031
0.154089, 0.273229
0.160867, 0.272189
0.167598, 0.270927
0.174269, 0.269458
0.180864, 0.267798
0.187370, 0.265965
0.193772, 0.263974
0.200055, 0.261843
0.206204, 0.259589
0.212207, 0.257228
0.218047, 0.254778
0.223712, 0.252255
0.229188, 0.249676
0.234461, 0.247056
0.239519, 0.244411
0.244349, 0.241756
0.248940, 0.239107
0.253279, 0.236477
0.257356, 0.233879
0.261161, 0.231326
0.264684, 0.228831
0.267916, 0.226405
0.270848, 0.224058
0.273474, 0.221800
0.275786, 0.219640
0.277777, 0.217587
0.279443, 0.215647
0.280778, 0.213827
0.281779, 0.212133
0.282441, 0.210570
0.282764, 0.209141
0.282743, 0.207850
0.282380, 0.206700
0.281672, 0.205691
0.280621, 0.204824
0.279227, 0.204100
0.277493, 0.203517
0.275421, 0.203072
0.273014, 0.202764
0.270276, 0.202589
0.267213, 0.202542
0.263829, 0.202619
0.260131, 0.202812
0.256127, 0.203115
0.251822, 0.203520
0.247227, 0.204018
0.242350, 0.204600
0.237201, 0.205256
0.231791, 0.205974
0.226129, 0.206743
0.220229, 0.207551
0.214102, 0.208383
0.207761, 0.209227
0.201219, 0.210068
0.194490, 0.210891
0.187588, 0.211681
0.180527, 0.212422
0.173323, 0.213099
0.165990, 0.213694
0.158544, 0.214193
0.151000, 0.214577
0.143373, 0.214832
0.135679, 0.214940
0.127933, 0.214886
0.120150, 0.214655
0.112347, 0.214229
0.104537, 0.213595
0.096735, 0.212739
0.088957, 0.211645
0.081216, 0.210301
0.073525, 0.208694
0.065899, 0.206813
0.058351, 0.204646
0.050892, 0.202182
0.043534, 0.199413
0.036290, 0.196329
0.029171, 0.192923
0.022186, 0.189188
0.015345, 0.185118
0.008659, 0.180708
0.002136, 0.175954
-0.004217, 0.170852
-0.010391, 0.165401
-0.016379, 0.159600
-0.022176, 0.153448
-0.027775, 0.146946
-0.033171, 0.140095
-0.038360, 0.132899
-0.043339, 0.125361
-0.048104, 0.117486
-0.052653, 0.109279
-0.056985, 0.100747
-0.061098, 0.091899
-0.064993, 0.082742
-0.068670, 0.073287
-0.072132, 0.063544
-0.075379, 0.053526
-0.078416, 0.043245
-0.081246, 0.032716
-0.083874, 0.021953
-0.086305, 0.010972
-0.088546, -0.000210
-0.090603, -0.011575
-0.092485, -0.023103
-0.094200, -0.034776
-0.095756, -0.046573
-0.097164, -0.058473
-0.098434, -0.070454
-0.099575, -0.082493
-0.100601, -0.094568
-0.101521, -0.106656
-0.102347, -0.118733
-0.103092, -0.130776
-0.103766, -0.142760
-0.104383, -0.154664
-0.104953, -0.166462
-0.105489, -0.178132
-0.106001, -0.189652
-0.106501, -0.201000
-0.106999, -0.212153
-0.107506, -0.223091
-0.108032, -0.233794
-0.108584, -0.244242
-0.109173, -0.254418
-0.109806, -0.264303
-0.110491, -0.273880
-0.111234, -0.283135
-0.112041, -0.292053
-0.112919, -0.300619
-0.113871, -0.308820
-0.114903, -0.316646
-0.116017, -0.324086
-0.117218, -0.331128
-0.118506, -0.337766
-0.119885, -0.343989
-0.121356, -0.349792
-0.122920, -0.355168
-0.124577, -0.360112
-0.126326, -0.364620
-0.128169, -0.368686
-0.130103, -0.372310
-0.132127, -0.375488
-0.134240, -0.378220
-0.136439, -0.380504
-0.138723, -0.382342
-0.141087, -0.383734
-0.143529, -0.384682
-0.146045, -0.385189
-0.148631, -0.385257
-0.151283, -0.384892
-0.153996, -0.384097
-0.156765, -0.382879
-0.159585, -0.381243
-0.162449, -0.379197
-0.165351, -0.376750
-0.168285, -0.373908
-0.171243, -0.370683
-0.174219, -0.367083
-0.177205, -0.363121
-0.180191, -0.358807
-0.183171, -0.354155
-0.186134, -0.349177
-0.189072, -0.343887
-0.191974, -0.338301
-0.194831, -0.332432
-0.197632, -0.326298
-0.200367, -0.319914
-0.203025, -0.313297
-0.205595, -0.306466
-0.208065, -0.299436
-0.210424, -0.292228
-0.212661, -0.284858
-0.214763, -0.277347
-0.216720, -0.269712
-0.218520, -0.261972
-0.220151, -0.254147
-0.221603, -0.246254
-0.222865, -0.238312
-0.223926, -0.230340
-0.224775, -0.222355
-0.225404, -0.214375
-0.225802, -0.206416
-0.225961, -0.198496
-0.225872, -0.190630
-0.225528, -0.182833
-0.224922, -0.175120
-0.224046, -0.167505
-0.222896, -0.160002
-0.221465, -0.152621
-0.219750, -0.145375
-0.217747, -0.138275
-0.215452, -0.131331
-0.212864, -0.124551
-0.209980, -0.117945
-0.206800, -0.111518
-0.203324, -0.105278
-0.199553, -0.099231
-0.195487, -0.093381
-0.191129, -0.087731
-0.186482, -0.082286
-0.181550, -0.077046
-0.176336, -0.072014
-0.170845, -0.067188
-0.165085, -0.062570
-0.159060, -0.058156
-0.152778, -0.053944
-0.146246, -0.049932
-0.139475, -0.046114
-0.132472, -0.042486
-0.125248, -0.039041
-0.117813, -0.035773
-0.110178, -0.032673
-0.102355, -0.029733
-0.094357, -0.026943
-0.086196, -0.024294
-0.077887, -0.021773
-0.069442, -0.019370
-0.060876, -0.017073
-0.052205, -0.014867
-0.043443, -0.012740
-0.034606, -0.010678
-0.025710, -0.008667
-0.016770, -0.006693
-0.007803, -0.004739
0.001175, -0.002792
0.010147, -0.000837
0.019098, 0.001142
0.028011, 0.003159
0.036870, 0.005229
0.045659, 0.007365
0.054363, 0.009583
0.062967, 0.011894
0.071455, 0.014314
0.079813, 0.016852
0.088028, 0.019523
0.096084, 0.022336
0.103970, 0.025302
0.111673, 0.028430
0.119181, 0.031730
0.126482, 0.035209
0.133567, 0.038874
0.140424, 0.042732
0.147045, 0.046788
0.153421, 0.051045
0.159543, 0.055509
0.165406, 0.060181
0.171001, 0.065063
0.176323, 0.070156
0.181366, 0.075460
0.186127, 0.080973
0.190602, 0.086694
0.194788, 0.092620
0.198681, 0.098747
0.202282, 0.105071
0.205588, 0.111585
0.208601, 0.118284
0.211320, 0.125160
0.213747, 0.132205
0.215884, 0.139410
0.217735, 0.146765
0.219302, 0.154260
0.220590, 0.161882
0.221604, 0.169619
0.222351, 0.177459
0.222835, 0.185388
0.223065, 0.193390
0.223047, 0.201451
0.222791, 0.209554
0.222304, 0.217684
0.221596, 0.225822
0.220678, 0.233953
0.219558, 0.242057
0.218248, 0.250116
0.216758, 0.258112
0.215099, 0.266026
0.213283, 0.273840
0.211320, 0.281534
0.209224, 0.289089
0.207004, 0.296488
0.204672, 0.303710
0.202241, 0.310738
0.199720, 0.317555
0.197121, 0.324141
0.194456, 0.330481
0.191733, 0.336558
0.188965, 0.342356
0.186161, 0.347859
0.183329, 0.353053
0.180481, 0.357923
0.177624, 0.362456
0.174768, 0.366641
0.171919, 0.370464
0.169087, 0.373914
0.166278, 0.376982
0.163500, 0.379658
0.160759, 0.381932
0.158060, 0.383798
0.155410, 0.385247
0.152815, 0.386273
0.150279, 0.386870
0.147807, 0.387034
0.145403, 0.386760
0.143072, 0.386045
0.140816, 0.384885
0.138639, 0.383280
0.136544, 0.381228
0.134533, 0.378728
0.132609, 0.375780
0.130773, 0.372386
0.129026, 0.368548
0.127369, 0.364269
0.125803, 0.359551
0.124329, 0.354399
0.122944, 0.348819
0.121649, 0.342815
0.120442, 0.336396
0.119321, 0.329568
0.118284, 0.322341
0.117328, 0.314725
0.116449, 0.306728
0.115643, 0.298364
0.114906, 0.289645
0.114231, 0.280583
0.113613, 0.271194
0.113045, 0.261492
0.112520, 0.251495
0.112030, 0.241218
0.111566, 0.230681
0.111120, 0.219903
0.110682, 0.208903
0.110242, 0.197701
0.109789, 0.186320
0.109313, 0.174780
0.108801, 0.163105
0.108244, 0.151317
0.107628, 0.139438
0.106943, 0.127494
0.106175, 0.115506
0.105315, 0.103499
0.104349, 0.091496
0.103266, 0.079519
0.102056, 0.067592
0.100708, 0.055738
0.099211, 0.043977
0.097556, 0.032331
0.095733, 0.020821
0.093734, 0.009467
0.091551, -0.001713
0.089176, -0.012701
0.086605, -0.023478
0.083829, -0.034030
0.080846, -0.044341
0.077650, -0.054397
0.074239, -0.064184
0.070610, -0.073691
0.066761, -0.082906
0.062691, -0.091819
0.058400, -0.100421
0.053889, -0.108705
0.049159, -0.116662
0.044212, -0.124288
0.039052, -0.131577
0.033680, -0.138525
0.028103, -0.145129
0.022324, -0.151388
0.016349, -0.157300
0.010185, -0.162865
0.003838, -0.168084
-0.002685, -0.172960
-0.009375, -0.177495
-0.016223, -0.181692
-0.023221, -0.185557
-0.030358, -0.189096
-0.037624, -0.192314
-0.045008, -0.195220
-0.052500, -0.197822
-0.060086, -0.200130
-0.067754, -0.202152
-0.075491, -0.203901
-0.083285, -0.205389
-0.091121, -0.206626
-0.098986, -0.207628
-0.106863, -0.208407
-0.114740, -0.208978
-0.122601, -0.209356
-0.130431, -0.209555
-0.138214, -0.209593
-0.145935, -0.209484
-0.153578, -0.209245
-0.161128, -0.208891
-0.168569, -0.208441
-0.175887, -0.207909
-0.183066, -0.207312
-0.190090, -0.206665
-0.196946, -0.205985
-0.203620, -0.205287
-0.210097, -0.204586
-0.216363, -0.203895
-0.222407, -0.203229
-0.228216, -0.202601
-0.233778, -0.202024
-0.239081, -0.201509
-0.244115, -0.201068
-0.248871, -0.200710
-0.253338, -0.200445
-0.257509, -0.200283
-0.261375, -0.200230
-0.264929, -0.200294
-0.268165, -0.200482
-0.271077, -0.200798
-0.273661, -0.201247
-0.275911, -0.201833
-0.277824, -0.202558
-0.279398, -0.203425
-0.280630, -0.204434
-0.281520, -0.205586
-0.282066, -0.206881
-0.282269, -0.208316
-0.282130, -0.209890
-0.281650, -0.211599
-0.280832, -0.213439
-0.279678, -0.215406
-0.278194, -0.217494
-0.276383, -0.219697
-0.274251, -0.222007
-0.271803, -0.224416
-0.269048, -0.226915
-0.265991, -0.229495
-0.262641, -0.232144
-0.259008, -0.234852
-0.255099, -0.237607
-0.250927, -0.240395
-0.246501, -0.243204
-0.241832, -0.246019
-0.236932, -0.248826
-0.231815, -0.251610
-0.226491, -0.254355
-0.220975, -0.257044
-0.215280, -0.259662
-0.209419, -0.262192
-0.203407, -0.264617
-0.197258, -0.266920
-0.190987, -0.269084
-0.184607, -0.271093
-0.178133, -0.272928
-0.171580, -0.274574
-0.164962, -0.276015
-0.158293, -0.277234
-0.151587, -0.278216
-0.144859, -0.278945
-0.138121, -0.279408
-0.131387, -0.279590
-0.124670, -0.279478
-0.117982, -0.279059
-0.111336, -0.278322
-0.104744, -0.277255
-0.098217, -0.275849
-0.091766, -0.274093
-0.085401, -0.271980
-0.079132, -0.269501
-0.072970, -0.266649
-0.066923, -0.263419
-0.060999, -0.259805
-0.055207, -0.255804
-0.049554, -0.251411
-0.044048, -0.246625
-0.038694, -0.241444
-0.033499, -0.235868
-0.028468, -0.229896
-0.023606, -0.223531
-0.018917, -0.216775
-0.014404, -0.209630
-0.010070, -0.202102
-0.005918, -0.194195
-0.001949, -0.185917
0.001836, -0.177273
0.005437, -0.168273
0.008855, -0.158925
0.012090, -0.149241
0.015145, -0.139232
0.018023, -0.128911
0.020727, -0.118290
0.023263, -0.107386
0.025635, -0.096213
0.027849, -0.084790
0.029913, -0.073133
0.031834, -0.061262
0.033620, -0.049196
0.035280, -0.036957
0.036825, -0.024566
0.038264, -0.012045
0.039609, 0.000582
0.040870, 0.013291
0.042060, 0.026059
0.043190, 0.038862
0.044274, 0.051673
0.045322, 0.064469
0.046347, 0.077223
0.047363, 0.089913
0.048380, 0.102512
0.049411, 0.114998
0.050468, 0.127345
0.051561, 0.139531
0.052701, 0.151533
0.053899, 0.163330
0.055165, 0.174901
0.056506, 0.186226
0.057931, 0.197285
0.059448, 0.208061
0.061064, 0.218536
0.062785, 0.228695
0.064616, 0.238522
0.066561, 0.248004
0.068626, 0.257128
0.070812, 0.265881
0.073123, 0.274254
0.075560, 0.282237
0.078124, 0.289820
0.080817, 0.296997
0.083638, 0.303760
0.086586, 0.310103
0.089660, 0.316022
0.092859, 0.321513
0.096181, 0.326572
0.099621, 0.331198
0.103179, 0.335389
0.106848, 0.339144
0.110627, 0.342465
0.114509, 0.345351
0.118490, 0.347806
0.122565, 0.349832
0.126727, 0.351433
0.130971, 0.352613
0.135289, 0.353377
0.139675, 0.353731
0.144122, 0.353684
0.148620, 0.353241
0.153163, 0.352411
0.157741, 0.351204
0.162346, 0.349631
0.166967, 0.347700
0.171595, 0.345425
0.176221, 0.342817
0.180832, 0.339889
0.185419, 0.336656
0.189971, 0.333130
0.194475, 0.329328
0.198920, 0.325264
0.203294, 0.320955
0.207585, 0.316417
0.211781, 0.311666
0.215869, 0.306721
0.219836, 0.301598
0.223670, 0.296315
0.227359, 0.290890
0.230890, 0.285341
0.234250, 0.279685
0.237428, 0.273940
0.240411, 0.268123
0.243189, 0.262253
0.245749, 0.256345
0.248082, 0.250417
0.250175, 0.244483
0.252021, 0.238561
0.253609, 0.232665
0.254930, 0.226810
0.255976, 0.221009
0.256740, 0.215275
0.257214, 0.209621
0.257392, 0.204058
0.257269, 0.198598
0.256839, 0.193250
0.256099, 0.188025
0.255044, 0.182929
0.253672, 0.177972
0.251981, 0.173159
0.249969, 0.168497
0.247636, 0.163991
0.244983, 0.159646
0.242008, 0.155464
0.238716, 0.151449
0.235107, 0.147602
0.231184, 0.143924
0.226953, 0.140415
0.222416, 0.137074
0.217580, 0.133899
0.212450, 0.130889
0.207033, 0.128038
0.201337, 0.125344
0.195369, 0.122800
0.189138, 0.120401
0.182654, 0.118139
0.175928, 0.116007
0.168969, 0.113996
0.161789, 0.112096
0.154401, 0.110298
0.146817, 0.108590
0.139050, 0.106961
0.131114, 0.105398
0.123023, 0.103888
0.114792, 0.102418
0.106436, 0.100974
0.097970, 0.099541
0.089410, 0.098105
0.080771, 0.096650
0.072070, 0.095162
0.063322, 0.093625
0.054545, 0.092025
0.045754, 0.090345
0.036965, 0.088571
0.028194, 0.086688
0.019457, 0.084682
0.010770, 0.082539
0.002147, 0.080244
-0.006395, 0.077786
-0.014843, 0.075151
-0.023183, 0.072328
-0.031400, 0.069307
-0.039482, 0.066076
-0.047416, 0.062626
-0.055190, 0.058949
-0.062793, 0.055037
-0.070213, 0.050884
-0.077439, 0.046482
-0.084464, 0.041828
-0.091276, 0.036916
-0.097869, 0.031745
-0.104234, 0.026311
-0.110365, 0.020614
-0.116254, 0.014653
-0.121897, 0.008428
-0.127288, 0.001943
-0.132423, -0.004802
-0.137300, -0.011803
-0.141914, -0.019055
-0.146264, -0.026552
-0.150349, -0.034289
-0.154169, -0.042258
-0.157723, -0.050450
-0.161012, -0.058858
-0.164039, -0.067470
-0.166806, -0.076275
-0.169316, -0.085263
-0.171573, -0.094419
-0.173582, -0.103730
-0.175349, -0.113182
-0.176879, -0.122760
-0.178179, -0.132446
-0.179258, -0.142226
-0.180122, -0.152080
-0.180781, -0.161991
-0.181243, -0.171940
-0.181519, -0.181908
-0.181618, -0.191875
-0.181551, -0.201821
-0.181329, -0.211726
-0.180962, -0.221569
-0.180462, -0.231331
-0.179839, -0.240990
-0.179105, -0.250525
-0.178271, -0.259917
-0.177348, -0.269146
-0.176347, -0.278192
-0.175279, -0.287035
-0.174154, -0.295656
-0.172983, -0.304039
-0.171774, -0.312163
-0.170539, -0.320014
-0.169285, -0.327574
-0.168021, -0.334828
-0.166755, -0.341761
-0.165496, -0.348359
-0.164250, -0.354609
-0.163024, -0.360499
-0.161825, -0.366016
-0.160658, -0.371150
-0.159529, -0.375892
-0.158443, -0.380231
-0.157403, -0.384161
-0.156416, -0.387672
-0.155483, -0.390759
-0.154609, -0.393416
-0.153796, -0.395636
-0.153047, -0.397417
-0.152364, -0.398754
-0.151748, -0.399644
-0.151203, -0.400086
-0.150728, -0.400077
-0.150324, -0.399616
-0.149992, -0.398705
-0.149732, -0.397344
-0.149543, -0.395533
-0.149426, -0.393276
-0.149378, -0.390575
-0.149399, -0.387434
-0.149488, -0.383857
-0.149641, -0.379850
-0.149857, -0.375419
-0.150132, -0.370570
-0.150463, -0.365311
-0.150846, -0.359651
-0.151278, -0.353599
-0.151752, -0.347165
-0.152265, -0.340360
-0.152810, -0.333196
-0.153380, -0.325686
-0.153969, -0.317843
-0.154571, -0.309682
-0.155176, -0.301219
-0.155776, -0.292469
-0.156364, -0.283449
-0.156929, -0.274177
-0.157462, -0.264672
-0.157953, -0.254951
-0.158392, -0.245036
-0.158767, -0.234946
-0.159068, -0.224701
-0.159284, -0.214324
-0.159403, -0.203834
-0.159414, -0.193253
-0.159306, -0.182603
-0.159068, -0.171905
-0.158689, -0.161181
-0.158157, -0.150451
-0.157462, -0.139738
-0.156595, -0.129061
-0.155544, -0.118440
-0.154302, -0.107895
-0.152859, -0.097445
-0.151208, -0.087109
-0.149340, -0.076903
-0.147249, -0.066844
-0.144928, -0.056949
-0.142373, -0.047233
-0.139578, -0.037709
-0.136540, -0.028392
-0.133256, -0.019292
-0.129722, -0.010423
-0.125938, -0.001794
-0.121902, 0.006586
-0.117615, 0.014707
-0.113076, 0.022563
-0.108288, 0.030146
-0.103253, 0.037452
-0.097973, 0.044475
-0.092452, 0.051211
-0.086695, 0.057659
-0.080706, 0.063816
-0.074491, 0.069682
-0.068057, 0.075257
-0.061411, 0.080542
-0.054560, 0.085539
-0.047513, 0.090252
-0.040279, 0.094684
-0.032869, 0.098840
-0.025291, 0.102727
-0.017557, 0.106352
-0.009679, 0.109721
-0.001668, 0.112844
0.006462, 0.115730
0.014700, 0.118390
0.023030, 0.120834
0.031439, 0.123074
0.039913, 0.125123
0.048436, 0.126995
0.056995, 0.128701
0.065572, 0.130258
0.074153, 0.131679
0.082721, 0.132979
0.091261, 0.134174
0.099757, 0.135279
0.108192, 0.136310
0.116550, 0.137282
0.124816, 0.138211
0.132974, 0.139111
0.141009, 0.139999
0.148904, 0.140890
0.156646, 0.141796
0.164220, 0.142733
0.171611, 0.143714
0.178807, 0.144752
0.185793, 0.145859
0.192558, 0.147046
0.199090, 0.148325
0.205377, 0.149706
0.211409, 0.151197
0.217176, 0.152807
0.222667, 0.154544
0.227876, 0.156415
0.232793, 0.158426
0.237412, 0.160581
0.241726, 0.162884
0.245729, 0.165340
0.249416, 0.167951
0.252783, 0.170718
0.255826, 0.173641
0.258543, 0.176722
0.260931, 0.179958
0.262988, 0.183348
0.264716, 0.186889
0.266112, 0.190578
0.267179, 0.194410
0.267917, 0.198380
0.268329, 0.202482
0.268419, 0.206708
0.268190, 0.211052
0.267645, 0.215505
0.266792, 0.220057
0.265634, 0.224699
0.264180, 0.229418
0.262436, 0.234204
0.260411, 0.239045
0.258112, 0.243926
0.255548, 0.248835
0.252731, 0.253757
0.249669, 0.258677
0.246374, 0.263579
0.242857, 0.268448
0.239129, 0.273267
0.235202, 0.278018
0.231090, 0.282687
0.226804, 0.287254
0.222357, 0.291702
0.217762, 0.296014
0.213033, 0.300173
0.208183, 0.304161
0.203224, 0.307961
0.198170, 0.311555
0.193034, 0.314927
0.187828, 0.318062
0.182566, 0.320942
0.177260, 0.323552
0.171923, 0.325878
0.166565, 0.327905
0.161200, 0.329620
0.155837, 0.331009
0.150489, 0.332061
0.145166, 0.332764
0.139877, 0.333106
0.134633, 0.333079
0.129444, 0.332673
0.124317, 0.331879
0.119263, 0.330690
0.114288, 0.329100
0.109401, 0.327101
0.104610, 0.324690
0.099920, 0.321861
0.095338, 0.318612
0.090871, 0.314940
0.086523, 0.310843
0.082301, 0.306320
0.078207, 0.301371
0.074248, 0.295998
0.070425, 0.290201
0.066742, 0.283985
0.063202, 0.277351
0.059806, 0.270306
0.056555, 0.262854
0.053451, 0.255002
0.050494, 0.246757
0.047682, 0.238128
0.045015, 0.229124
0.042491, 0.219757
0.040106, 0.210037
0.037857, 0.199977
0.035741, 0.189591
0.033752, 0.178894
0.031884, 0.167902
0.030131, 0.156632
0.028486, 0.145102
0.026941, 0.133330
0.025486, 0.121338
0.024113, 0.109146
0.022812, 0.096775
0.021572, 0.084249
0.020381, 0.071590
0.019229, 0.058823
0.018103, 0.045972
0.016991, 0.033061
0.015881, 0.020116
0.014760, 0.007163
0.013617, -0.005775
0.012437, -0.018671
0.011210, -0.031501
0.009923, -0.044241
0.008565, -0.056865
0.007124, -0.069352
0.005590, -0.081678
0.003953, -0.093821
0.002203, -0.105759
0.000333, -0.117474
-0.001667, -0.128944
-0.003803, -0.140153
-0.006083, -0.151083
-0.008510, -0.161717
-0.011091, -0.172041
-0.013830, -0.182040
-0.016730, -0.191702
-0.019792, -0.201015
-0.023020, -0.209968
-0.026415, -0.218551
-0.029975, -0.226755
-0.033702, -0.234574
-0.037594, -0.242000
-0.041649, -0.249028
-0.045865, -0.255653
-0.050240, -0.261872
-0.054769, -0.267682
-0.059448, -0.273081
-0.064273, -0.278068
-0.069238, -0.282644
-0.074339, -0.286809
-0.079568, -0.290565
-0.084918, -0.293916
-0.090384, -0.296864
-0.095956, -0.299414
-0.101627, -0.301573
-0.107388, -0.303345
-0.113229, -0.304738
-0.119143, -0.305761
-0.125117, -0.306422
-0.131143, -0.306730
-0.137208, -0.306696
-0.143303, -0.306332
-0.149415, -0.305648
-0.155532, -0.304659
-0.161641, -0.303377
-0.167732, -0.301816
-0.173789, -0.299992
-0.179800, -0.297918
-0.185753, -0.295612
-0.191632, -0.293088
-0.197424, -0.290364
-0.203116, -0.287456
-0.208694, -0.284382
-0.214144, -0.281157
-0.219451, -0.277801
-0.224603, -0.274329
-0.229585, -0.270760
-0.234386, -0.267109
-0.238990, -0.263394
-0.243387, -0.259631
-0.247564, -0.255837
-0.251508, -0.252026
-0.255209, -0.248214
-0.258655, -0.244416
-0.261837, -0.240645
-0.264744, -0.236915
-0.267368, -0.233239
-0.269701, -0.229627
-0.271733, -0.226092
-0.273458, -0.222644
-0.274871, -0.219293
-0.275964, -0.216046
-0.276733, -0.212913
-0.277174, -0.209901
-0.277283, -0.207015
-0.277058, -0.204261
-0.276496, -0.201644
-0.275595, -0.199168
-0.274356, -0.196836
-0.272778, -0.194650
-0.270862, -0.192611
-0.268611, -0.190720
-0.266025, -0.188976
-0.263109, -0.187379
-0.259866, -0.185925
-0.256300, -0.184612
-0.252418, -0.183437
-0.248224, -0.182394
-0.243726, -0.181478
-0.238931, -0.180683
-0.233848, -0.180001
-0.228484, -0.179424
-0.222851, -0.178944
-0.216958, -0.178550
-0.210815, -0.178233
-0.204435, -0.177980
-0.197829, -0.177780
-0.191010, -0.177621
-0.183992, -0.177489
-0.176788, -0.177369
-0.169412, -0.177249
-0.161878, -0.177113
-0.154202, -0.176945
-0.146399, -0.176730
-0.138484, -0.176453
-0.130473, -0.176098
-0.122382, -0.175648
-0.114226, -0.175087
-0.106021, -0.174401
-0.097783, -0.173573
-0.089528, -0.172587
-0.081271, -0.171429
-0.073028, -0.170084
-0.064813, -0.168539
-0.056641, -0.166779
-0.048528, -0.164791
-0.040485, -0.162564
-0.032528, -0.160086
-0.024670, -0.157345
-0.016922, -0.154333
-0.009298, -0.151041
-0.001808, -0.147459
0.005535, -0.143581
0.012723, -0.139400
0.019744, -0.134911
0.026590, -0.130110
0.033252, -0.124992
0.039721, -0.119556
0.045991, -0.113798
0.052054, -0.107720
0.057905, -0.101321
0.063539, -0.094603
0.068949, -0.087567
0.074133, -0.080217
0.079087, -0.072558
0.083808, -0.064593
0.088295, -0.056331
0.092546, -0.047778
0.096561, -0.038942
0.100341, -0.029832
0.103887, -0.020459
0.107200, -0.010834
0.110284, -0.000969
0.113142, 0.009122
0.115778, 0.019425
0.118198, 0.029926
0.120407, 0.040608
0.122411, 0.051453
0.124219, 0.062445
0.125838, 0.073565
0.127277, 0.084792
0.128544, 0.096107
0.129651, 0.107490
0.130606, 0.118918
0.131420, 0.130371
0.132105, 0.141826
0.132671, 0.153261
0.133131, 0.164653
0.133494, 0.175980
0.133774, 0.187219
0.133982, 0.198348
0.134128, 0.209344
0.134225, 0.220186
0.134282, 0.230853
0.134312, 0.241324
0.134323, 0.251578
0.134327, 0.261596
0.134331, 0.271360
0.134346, 0.280850
0.134379, 0.290050
0.134439, 0.298944
0.134532, 0.307516
0.134666, 0.315752
0.134845, 0.323637
0.135077, 0.331160
0.135366, 0.338307
0.135716, 0.345070
0.136131, 0.351436
0.136615, 0.357399
0.137170, 0.362948
0.137800, 0.368077
0.138505, 0.372779
0.139287, 0.377049
0.140147, 0.380882
0.141086, 0.384274
0.142105, 0.387221
0.143202, 0.389721
0.144377, 0.391772
0.145630, 0.393373
0.146959, 0.394524
0.148362, 0.395226
0.149838, 0.395480
0.151384, 0.395287
0.152997, 0.394651
0.154674, 0.393575
0.156412, 0.392063
0.158208, 0.390120
0.160056, 0.387751
0.161953, 0.384964
0.163893, 0.381766
0.165871, 0.378164
0.167882, 0.374167
0.169919, 0.369786
0.171976, 0.365029
0.174046, 0.359910
0.176122, 0.354438
0.178195, 0.348628
0.180258, 0.342492
0.182301, 0.336045
0.184317, 0.329302
0.186295, 0.322279
0.188226, 0.314991
0.190100, 0.307455
0.191905, 0.299690
0.193633, 0.291713
0.195271, 0.283542
0.196809, 0.275197
0.198236, 0.266696
0.199540, 0.258059
0.200710, 0.249305
0.201734, 0.240455
0.202603, 0.231527
0.203304, 0.222541
0.203827, 0.213516
0.204162, 0.204472
0.204299, 0.195428
0.204227, 0.186401
0.203938, 0.177409
0.203423, 0.168471
0.202673, 0.159603
0.201681, 0.150820
0.200441, 0.142139
0.198945, 0.133574
0.197188, 0.125139
0.195165, 0.116847
0.192872, 0.108711
0.190304, 0.100741
0.187461, 0.092949
0.184338, 0.085345
0.180935, 0.077937
0.177252, 0.070733
0.173288, 0.063740
0.169044, 0.056965
0.164522, 0.050412
0.159724, 0.044086
0.154654, 0.037990
0.149316, 0.032128
0.143713, 0.026499
0.137851, 0.021106
0.131736, 0.015947
0.125375, 0.011021
0.118776, 0.006327
0.111945, 0.001860
0.104893, -0.002382
0.097629, -0.006406
0.090162, -0.010216
0.082503, -0.013819
0.074664, -0.017224
0.066656, -0.020439
0.058493, -0.023472
0.050187, -0.026335
0.041751, -0.029038
0.033201, -0.031592
0.024549, -0.034009
0.015812, -0.036304
0.007004, -0.038488
-0.001859, -0.040576
-0.010761, -0.042582
-0.019686, -0.044520
-0.028619, -0.046406
-0.037542, -0.048254
-0.046440, -0.050079
-0.055296, -0.051897
-0.064095, -0.053721
-0.072819, -0.055568
-0.081455, -0.057451
-0.089985, -0.059384
-0.098395, -0.061382
-0.106669, -0.063457
-0.114795, -0.065622
-0.122757, -0.067889
-0.130542, -0.070270
-0.138137, -0.072774
-0.145530, -0.075413
-0.152709, -0.078195
