0.196413, 0.014561
0.196677, 0.039924
0.197245, 0.075275
0.198212, 0.119642
0.199664, 0.171950
0.201674, 0.231073
0.204305, 0.295884
0.207607, 0.365295
0.211622, 0.438284
0.216382, 0.513917
0.221907, 0.591358
0.228212, 0.669873
0.235306, 0.748833
0.243189, 0.827704
0.251858, 0.906040
0.261306, 0.983480
0.271524, 1.059733
0.282496, 1.134573
0.294210, 1.207828
0.306647, 1.279375
0.319791, 1.349126
0.333624, 1.417031
0.348126, 1.483062
0.363279, 1.547210
0.379064, 1.609482
0.395462, 1.669890
0.412455, 1.728450
0.430025, 1.785171
0.448153, 1.840056
0.466820, 1.893088
0.486008, 1.944228
0.505698, 1.993411
0.525869, 2.040534
0.546501, 2.085455
0.567571, 2.127984
0.589052, 2.167882
0.610918, 2.204858
0.633138, 2.238567
0.655678, 2.268616
0.678497, 2.294568
0.701554, 2.315959
0.724799, 2.332306
0.748181, 2.343133
0.771642, 2.347993
0.795120, 2.346488
0.818550, 2.338298
0.841863, 2.323198
0.864990, 2.301069
0.887861, 2.271914
0.910405, 2.235848
0.932556, 2.193095
0.954246, 2.143970
0.975415, 2.088862
0.996005, 2.028210
1.015962, 1.962482
1.035239, 1.892154
1.053792, 1.817695
1.071581, 1.739548
1.088572, 1.658129
1.104734, 1.573812
1.120039, 1.486932
1.134465, 1.397781
1.147988, 1.306612
1.160591, 1.213638
1.172256, 1.119040
1.182967, 1.022965
1.192710, 0.925536
1.201473, 0.826851
1.209243, 0.726991
1.216009, 0.626019
1.221760, 0.523986
1.226486, 0.420934
1.230176, 0.316897
1.232821, 0.211903
1.234411, 0.105975
1.234937, -0.000863
1.234390, -0.108591
1.232762, -0.217188
1.230044, -0.326633
1.226227, -0.436904
1.221303, -0.547978
1.215265, -0.659830
1.208104, -0.772436
1.199814, -0.885771
1.190386, -0.999807
1.179815, -1.114522
1.168094, -1.229890
1.155215, -1.345893
1.141174, -1.462512
1.125963, -1.579736
1.109577, -1.697561
1.092010, -1.815987
1.073255, -1.935029
1.053307, -2.054707
1.032159, -2.175059
1.009803, -2.296131
0.986234, -2.417986
0.961441, -2.540703
0.935416, -2.664373
0.908150, -2.789100
0.879630, -2.915000
0.849846, -3.042196
0.818782, -3.170808
0.786424, -3.300948
0.752757, -3.432698
0.717765, -3.566096
0.681430, -3.701103
0.643738, -3.837564
0.604675, -3.975158
0.564233, -4.113332
0.522409, -4.251224
0.479213, -4.387571
0.434669, -4.520622
0.388820, -4.648058
0.341736, -4.766966
0.293520, -4.873887
0.244311, -4.964990
0.194286, -5.036398
0.143660, -5.084635
0.092679, -5.107132
0.041608, -5.102659
-0.009285, -5.071548
-0.059740, -5.015623
-0.109524, -4.937876
-0.158437, -4.841981
-0.206316, -4.731805
-0.253038, -4.611000
-0.298512, -4.482755
-0.342677, -4.349675
-0.385496, -4.213777
-0.426948, -4.076540
-0.467026, -3.938996
-0.505729, -3.801819
-0.543065, -3.665411
-0.579041, -3.529977
-0.613668, -3.395584
-0.646956, -3.262203
-0.678915, -3.129750
-0.709553, -2.998107
-0.738879, -2.867142
-0.766898, -2.736721
-0.793615, -2.606718
-0.819034, -2.477020
-0.843156, -2.347533
-0.865985, -2.218176
-0.887520, -2.088893
-0.907763, -1.959643
-0.926713, -1.830405
-0.944371, -1.701172
-0.960736, -1.571954
-0.975810, -1.442775
-0.989592, -1.313670
-1.002084, -1.184684
-1.013286, -1.055871
-1.023202, -0.927293
-1.031833, -0.799020
-1.039184, -0.671126
-1.045257, -0.543692
-1.050059, -0.416805
-1.053595, -0.290559
-1.055873, -0.165057
-1.056899, -0.040412
-1.056684, 0.083253
-1.055238, 0.205796
-1.052573, 0.327056
-1.048702, 0.446849
-1.043641, 0.564957
-1.037409, 0.681131
-1.030026, 0.795074
-1.021516, 0.906444
-1.011907, 1.014840
-1.001231, 1.119802
-0.989524, 1.220806
-0.976830, 1.317267
-0.963196, 1.408540
-0.948679, 1.493936
-0.933340, 1.572740
-0.917248, 1.644237
-0.900481, 1.707749
-0.883122, 1.762674
-0.865258, 1.808530
-0.846983, 1.844996
-0.828390, 1.871941
-0.809575, 1.889451
-0.790632, 1.897821
-0.771648, 1.897551
-0.752707, 1.889306
-0.733886, 1.873876
-0.715251, 1.852131
-0.696861, 1.824965
-0.678767, 1.793258
-0.661008, 1.757839
-0.643620, 1.719458
-0.626627, 1.678772
-0.610050, 1.636336
-0.593904, 1.592604
-0.578201, 1.547932
-0.562948, 1.502586
-0.548151, 1.456751
-0.533814, 1.410543
-0.519941, 1.364018
-0.506535, 1.317179
-0.493599, 1.269990
-0.481136, 1.222379
-0.469153, 1.174250
-0.457654, 1.125484
-0.446646, 1.075947
-0.436138, 1.025497
-0.426139, 0.973985
-0.416662, 0.921257
-0.407719, 0.867166
-0.399324, 0.811568
-0.391493, 0.754327
-0.384243, 0.695323
-0.377593, 0.634452
-0.371561, 0.571635
-0.366167, 0.506819
-0.361431, 0.439990
-0.357373, 0.371173
-0.354014, 0.300448
-0.351370, 0.227959
-0.349460, 0.153922
-0.348296, 0.078647
-0.347890, 0.002546
-0.348246, -0.073848
-0.349365, -0.149865
-0.351239, -0.224682
-0.353852, -0.297319
-0.357175, -0.366629
-0.361169, -0.431310
-0.365781, -0.489930
-0.370942, -0.540961
-0.376569, -0.582849
-0.382564, -0.614085
-0.388811, -0.633302
-0.395186, -0.639363
-0.401552, -0.631454
-0.407767, -0.609136
-0.413686, -0.572382
-0.419167, -0.521565
-0.424073, -0.457413
-0.428275, -0.380943
-0.431655, -0.293372
-0.434109, -0.196035
-0.435548, -0.090303
-0.435892, 0.022479
-0.435079, 0.141036
-0.433056, 0.264200
-0.429783, 0.390918
-0.425229, 0.520264
-0.419372, 0.651430
-0.412197, 0.783723
-0.403695, 0.916553
-0.393865, 1.049421
-0.382708, 1.181911
-0.370230, 1.313679
-0.356438, 1.444441
-0.341345, 1.573969
-0.324963, 1.702082
-0.307308, 1.828640
-0.288396, 1.953542
-0.268243, 2.076713
-0.246868, 2.198108
-0.224287, 2.317702
-0.200520, 2.435483
-0.175584, 2.551450
-0.149497, 2.665601
-0.122278, 2.777926
-0.093944, 2.888392
-0.064516, 2.996935
-0.034013, 3.103438
-0.002455, 3.207715
0.030133, 3.309487
0.063725, 3.408361
0.098289, 3.503801
0.133788, 3.595111
0.170175, 3.681413
0.207396, 3.761641
0.245383, 3.834554
0.284058, 3.898765
0.323325, 3.952806
0.363075, 3.995218
0.403186, 4.024667
0.443521, 4.040070
0.483938, 4.040719
0.524286, 4.026364
0.564416, 3.997257
0.604184, 3.954132
0.643456, 3.898130
0.682109, 3.830691
0.720037, 3.753428
0.757150, 3.668000
0.793375, 3.576013
0.828653, 3.478949
0.862941, 3.378115
0.896207, 3.274632
0.928428, 3.169426
0.959592, 3.063248
0.989692, 2.956688
1.018726, 2.850199
1.046697, 2.744120
1.073611, 2.638698
1.099474, 2.534102
1.124296, 2.430445
1.148086, 2.327794
1.170855, 2.226178
1.192613, 2.125603
1.213371, 2.026053
1.233138, 1.927499
1.251924, 1.829901
1.269739, 1.733213
1.286591, 1.637383
1.302489, 1.542357
1.317441, 1.448078
1.331453, 1.354489
1.344532, 1.261533
1.356685, 1.169154
1.367917, 1.077295
1.378233, 0.985901
1.387637, 0.894918
1.396132, 0.804293
1.403724, 0.713973
1.410413, 0.623908
1.416202, 0.534047
1.421094, 0.444342
1.425090, 0.354743
1.428189, 0.265204
1.430394, 0.175677
1.431703, 0.086119
1.432116, -0.003518
1.431632, -0.093276
1.430250, -0.183200
1.427967, -0.273333
1.424782, -0.363718
1.420692, -0.454397
1.415693, -0.545412
1.409782, -0.636806
1.402956, -0.728620
1.395208, -0.820897
1.386536, -0.913681
1.376933, -1.007015
1.366394, -1.100943
1.354912, -1.195511
1.342481, -1.290768
1.329094, -1.386761
1.314743, -1.483543
1.299421, -1.581167
1.283117, -1.679689
1.265824, -1.779166
1.247530, -1.879660
1.228227, -1.981234
1.207902, -2.083950
1.186544, -2.187873
1.164140, -2.293066
1.140678, -2.399587
1.116144, -2.507486
1.090524, -2.616803
1.063803, -2.727555
1.035968, -2.839734
1.007004, -2.953291
0.976898, -3.068121
0.945638, -3.184045
0.913214, -3.300785
0.879620, -3.417937
0.844856, -3.534931
0.808925, -3.651002
0.771842, -3.765145
0.733633, -3.876084
0.694336, -3.982251
0.654010, -4.081790
0.612730, -4.172594
0.570595, -4.252396
0.527726, -4.318912
0.484268, -4.370025
0.440383, -4.404010
0.396249, -4.419723
0.352051, -4.416750
0.307975, -4.395449
0.264199, -4.356890
0.220889, -4.302702
0.178191, -4.234866
0.136230, -4.155507
0.095112, -4.066702
0.054921, -3.970352
0.015725, -3.868101
-0.022426, -3.761301
-0.059490, -3.651021
-0.095437, -3.538065
-0.130244, -3.423016
-0.163892, -3.306273
-0.196365, -3.188087
-0.227649, -3.068603
-0.257733, -2.947883
-0.286603, -2.825935
-0.314247, -2.702731
-0.340653, -2.578225
-0.365807, -2.452362
-0.389696, -2.325089
-0.412304, -2.196365
-0.433618, -2.066161
-0.453622, -1.934470
-0.472303, -1.801306
-0.489644, -1.666708
-0.505632, -1.530745
-0.520254, -1.393514
-0.533499, -1.255147
-0.545354, -1.115814
-0.555812, -0.975725
-0.564867, -0.835140
-0.572515, -0.694371
-0.578755, -0.553794
-0.583593, -0.413859
-0.587036, -0.275099
-0.589101, -0.138146
-0.589808, -0.003741
-0.589187, 0.127250
-0.587277, 0.253836
-0.584128, 0.374891
-0.579802, 0.489168
-0.574372, 0.595319
-0.567927, 0.691937
-0.560570, 0.777616
-0.552416, 0.851032
-0.543594, 0.911036
-0.534243, 0.956754
-0.524508, 0.987674
-0.514539, 1.003706
-0.504483, 1.005214
-0.494481, 0.992989
-0.484665, 0.968192
-0.475154, 0.932259
-0.466051, 0.886799
-0.457444, 0.833483
-0.449403, 0.773950
-0.441981, 0.709738
-0.435219, 0.642235
-0.429143, 0.572650
-0.423769, 0.502007
-0.419104, 0.431149
-0.415145, 0.360749
-0.411885, 0.291329
-0.409313, 0.223282
-0.407414, 0.156885
-0.406170, 0.092323
-0.405561, 0.029702
-0.405569, -0.030936
-0.406173, -0.089602
-0.407355, -0.146351
-0.409094, -0.201270
-0.411374, -0.254475
-0.414178, -0.306104
-0.417492, -0.356311
-0.421301, -0.405265
-0.425593, -0.453144
-0.430360, -0.500132
-0.435594, -0.546418
-0.441287, -0.592193
-0.447436, -0.637646
-0.454040, -0.682964
-0.461096, -0.728325
-0.468607, -0.773899
-0.476575, -0.819840
-0.485005, -0.866284
-0.493903, -0.913345
-0.503274, -0.961104
-0.513127, -1.009605
-0.523469, -1.058842
-0.534307, -1.108754
-0.545646, -1.159209
-0.557492, -1.209988
-0.569846, -1.260778
-0.582706, -1.311150
-0.596066, -1.360551
-0.609911, -1.408288
-0.624223, -1.453530
-0.638971, -1.495304
-0.654114, -1.532518
-0.669602, -1.563984
-0.685370, -1.588466
-0.701344, -1.604739
-0.717434, -1.611662
-0.733542, -1.608252
-0.749562, -1.593749
-0.765379, -1.567676
-0.780876, -1.529861
-0.795937, -1.480443
-0.810448, -1.419842
-0.824299, -1.348712
-0.837390, -1.267876
-0.849627, -1.178266
-0.860929, -1.080861
-0.871222, -0.976631
-0.880442, -0.866505
-0.888535, -0.751343
-0.895455, -0.631921
-0.901162, -0.508926
-0.905623, -0.382959
-0.908813, -0.254539
-0.910707, -0.124112
-0.911289, 0.007940
-0.910544, 0.141290
-0.908460, 0.275657
-0.905028, 0.410799
-0.900242, 0.546505
-0.894097, 0.682592
-0.886590, 0.818898
-0.877719, 0.955282
-0.867484, 1.091617
-0.855887, 1.227795
-0.842929, 1.363720
-0.828614, 1.499313
-0.812944, 1.634510
-0.795925, 1.769262
-0.777561, 1.903538
-0.757856, 2.037322
-0.736816, 2.170622
-0.714445, 2.303460
-0.690748, 2.435883
-0.665729, 2.567954
-0.639390, 2.699755
-0.611734, 2.831386
-0.582762, 2.962957
-0.552475, 3.094582
-0.520870, 3.226373
-0.487946, 3.358420
-0.453701, 3.490778
-0.418130, 3.623434
-0.381231, 3.756281
-0.343004, 3.889065
-0.303452, 4.021333
-0.262582, 4.152367
-0.220412, 4.281107
-0.176972, 4.406075
-0.132310, 4.525312
-0.086493, 4.636348
-0.039620, 4.736236
0.008183, 4.821687
0.056755, 4.889316
0.105900, 4.936000
0.155397, 4.959300
0.205003, 4.957840
0.254470, 4.931553
0.303555, 4.881694
0.352033, 4.810640
0.399708, 4.721522
0.446415, 4.617801
0.492027, 4.502900
0.536446, 4.379933
0.579607, 4.251556
0.621467, 4.119912
0.662000, 3.986655
0.701198, 3.853008
0.739062, 3.719832
0.775599, 3.587708
0.810821, 3.456999
0.844744, 3.327909
0.877385, 3.200528
0.908760, 3.074869
0.938888, 2.950891
0.967784, 2.828523
0.995463, 2.707678
1.021942, 2.588259
1.047233, 2.470171
1.071349, 2.353323
1.094303, 2.237631
1.116106, 2.123021
1.136767, 2.009429
1.156297, 1.896800
1.174706, 1.785089
1.192002, 1.674258
1.208194, 1.564281
1.223291, 1.455134
1.237300, 1.346802
1.250229, 1.239274
1.262088, 1.132542
1.272883, 1.026602
1.282622, 0.921451
1.291314, 0.817086
1.298967, 0.713507
1.305587, 0.610710
1.311183, 0.508692
1.315764, 0.407450
1.319335, 0.306976
1.321906, 0.207263
1.323483, 0.108300
1.324074, 0.010073
1.323687, -0.087432
1.322328, -0.184231
1.320004, -0.280345
1.316723, -0.375794
1.312491, -0.470599
1.307313, -0.564782
1.301197, -0.658365
1.294148, -0.751368
1.286171, -0.843810
1.277273, -0.935705
1.267459, -1.027064
1.256734, -1.117890
1.245103, -1.208178
1.232572, -1.297912
1.219147, -1.387064
1.204833, -1.475587
1.189637, -1.563417
1.173567, -1.650466
1.156631, -1.736618
1.138838, -1.821726
1.120201, -1.905609
1.100731, -1.988045
1.080445, -2.068766
1.059362, -2.147462
1.037504, -2.223771
1.014896, -2.297284
0.991569, -2.367547
0.967558, -2.434066
0.942902, -2.496319
0.917648, -2.553765
0.891845, -2.605868
0.865550, -2.652114
0.838824, -2.692034
0.811731, -2.725229
0.784342, -2.751392
0.756728, -2.770321
0.728960, -2.781934
0.701113, -2.786267
0.673259, -2.783474
0.645467, -2.773806
0.617805, -2.757602
0.590335, -2.735256
0.563118, -2.707201
0.536209, -2.673884
0.509657, -2.635746
0.483509, -2.593206
0.457806, -2.546649
0.432588, -2.496419
0.407889, -2.442817
0.383742, -2.386099
0.360177, -2.326479
0.337221, -2.264132
0.314903, -2.199201
0.293246, -2.131804
0.272274, -2.062036
0.252012, -1.989981
0.232482, -1.915716
0.213705, -1.839319
0.195703, -1.760875
0.178494, -1.680481
0.162099, -1.598258
0.146535, -1.514351
0.131817, -1.428941
0.117960, -1.342248
0.104976, -1.254543
0.092872, -1.166151
0.081654, -1.077460
0.071322, -0.988927
0.061873, -0.901087
0.053296, -0.814554
0.045575, -0.730028
0.038686, -0.648289
0.032597, -0.570197
0.027267, -0.496681
0.022645, -0.428718
0.018671, -0.367311
0.015273, -0.313458
0.012373, -0.268107
0.009880, -0.232117
0.007697, -0.206211
0.005720, -0.190935
0.003842, -0.186620
0.001951, -0.193368
-0.000062, -0.211036
-0.002305, -0.239254
-0.004880, -0.277443
-0.007885, -0.324855
-0.011405, -0.380611
-0.015521, -0.443753
-0.020302, -0.513281
-0.025805, -0.588196
-0.032080, -0.667527
-0.039167, -0.750358
-0.047096, -0.835843
-0.055890, -0.923214
-0.065565, -1.011788
-0.076128, -1.100964
-0.087584, -1.190221
-0.099931, -1.279113
-0.113164, -1.367262
-0.127273, -1.454352
-0.142246, -1.540121
-0.158070, -1.624354
-0.174728, -1.706875
-0.192202, -1.787542
-0.210472, -1.866237
-0.229519, -1.942862
-0.249322, -2.017334
-0.269859, -2.089571
-0.291106, -2.159493
-0.313040, -2.227012
-0.335638, -2.292025
-0.358872, -2.354408
-0.382717, -2.414006
-0.407142, -2.470635
-0.432119, -2.524067
-0.457612, -2.574033
-0.483587, -2.620218
-0.510003, -2.662266
-0.536817, -2.699777
-0.563982, -2.732322
-0.591445, -2.759455
-0.619151, -2.780726
-0.647039, -2.795706
-0.675043, -2.804009
-0.703096, -2.805315
-0.731125, -2.799393
-0.759059, -2.786119
-0.786823, -2.765488
-0.814345, -2.737615
-0.841552, -2.702735
-0.868377, -2.661185
-0.894755, -2.613391
-0.920626, -2.559841
-0.945934, -2.501065
-0.970631, -2.437609
-0.994673, -2.370016
-1.018020, -2.298810
-1.040639, -2.224481
-1.062500, -2.147476
-1.083581, -2.068195
-1.103858, -1.986992
-1.123315, -1.904168
-1.141937, -1.819981
-1.159711, -1.734644
-1.176626, -1.648330
-1.192675, -1.561178
-1.207848, -1.473298
-1.222138, -1.384771
-1.235541, -1.295657
-1.248050, -1.205996
-1.259659, -1.115815
-1.270364, -1.025124
-1.280160, -0.933926
-1.289041, -0.842214
-1.297002, -0.749978
-1.304039, -0.657199
-1.310145, -0.563858
-1.315314, -0.469932
-1.319541, -0.375398
-1.322820, -0.280234
-1.325144, -0.184416
-1.326506, -0.087923
-1.326900, 0.009265
-1.326318, 0.107166
-1.324754, 0.205797
-1.322200, 0.305172
-1.318648, 0.405301
-1.314091, 0.506195
-1.308522, 0.607860
-1.301932, 0.710303
-1.294313, 0.813527
-1.285658, 0.917536
-1.275960, 1.022332
-1.265209, 1.127919
-1.253399, 1.234300
-1.240520, 1.341481
-1.226566, 1.449469
-1.211528, 1.558278
-1.195398, 1.667923
-1.178167, 1.778426
-1.159827, 1.889817
-1.140368, 2.002132
-1.119781, 2.115416
-1.098056, 2.229724
-1.075183, 2.345119
-1.051150, 2.461675
-1.025945, 2.579475
-0.999556, 2.698609
-0.971968, 2.819171
-0.943167, 2.941256
-0.913137, 3.064950
-0.881863, 3.190324
-0.849325, 3.317416
-0.815508, 3.446215
-0.780396, 3.576631
-0.743971, 3.708464
-0.706223, 3.841353
-0.667142, 3.974729
-0.626729, 4.107741
-0.584993, 4.239184
-0.541956, 4.367427
-0.497662, 4.490356
-0.452175, 4.605349
-0.405592, 4.709326
-0.358037, 4.798895
-0.309673, 4.870611
-0.260695, 4.921346
-0.211324, 4.948701
-0.161803, 4.951371
-0.112379, 4.929364
-0.063294, 4.883986
-0.014770, 4.817614
0.032998, 4.733323
0.079848, 4.634467
0.125650, 4.524325
0.170307, 4.405844
0.213748, 4.281505
0.255924, 4.153281
0.296805, 4.022667
0.336373, 3.890740
0.374618, 3.758231
0.411537, 3.625606
0.447131, 3.493125
0.481401, 3.360907
0.514350, 3.228968
0.545981, 3.097257
0.576295, 2.965688
0.605295, 2.834150
0.632978, 2.702531
0.659345, 2.570722
0.684392, 2.438623
0.708116, 2.306152
0.730513, 2.173246
0.751579, 2.039860
0.771309, 1.905968
0.789697, 1.771567
0.806738, 1.636669
0.822429, 1.501308
0.836763, 1.365533
0.849738, 1.229408
0.861351, 1.093015
0.871598, 0.956451
0.880479, 0.819826
0.887995, 0.683268
0.894145, 0.546924
0.898934, 0.410957
0.902366, 0.275557
0.904448, 0.140939
0.905189, 0.007354
0.904600, -0.124911
0.902696, -0.255517
0.899496, -0.384072
0.895023, -0.510116
0.889304, -0.633114
0.882373, -0.752449
0.874270, -0.867415
0.865042, -0.977217
0.854745, -1.080976
0.843445, -1.177748
0.831217, -1.266547
0.818144, -1.346391
0.804322, -1.416349
0.789853, -1.475608
0.774848, -1.523538
0.759421, -1.559751
0.743692, -1.584151
0.727777, -1.596954
0.711790, -1.598686
0.695838, -1.590150
0.680018, -1.572365
0.664417, -1.546501
0.649111, -1.513800
0.634160, -1.475505
0.619615, -1.432803
0.605515, -1.386781
0.591887, -1.338399
0.578752, -1.288475
0.566121, -1.237687
0.553999, -1.186574
0.542389, -1.135550
0.531287, -1.084918
0.520689, -1.034884
0.510587, -0.985571
0.500975, -0.937033
0.491844, -0.889268
0.483187, -0.842228
0.474997, -0.795825
0.467269, -0.749945
0.459997, -0.704449
0.453179, -0.659177
0.446813, -0.613961
0.440900, -0.568620
0.435442, -0.522966
0.430442, -0.476809
0.425908, -0.429959
0.421846, -0.382225
0.418267, -0.333423
0.415182, -0.283374
0.412604, -0.231911
0.410549, -0.178879
0.409032, -0.124140
0.408072, -0.067580
0.407687, -0.009111
0.407897, 0.051319
0.408720, 0.113720
0.410177, 0.178047
0.412287, 0.244192
0.415067, 0.311966
0.418531, 0.381085
0.422692, 0.451153
0.427555, 0.521640
0.433123, 0.591863
0.439389, 0.660972
0.446336, 0.727932
0.453936, 0.791525
0.462150, 0.850356
0.470923, 0.902881
0.480182, 0.947458
0.489840, 0.982420
0.499793, 1.006171
0.509921, 1.017290
0.520092, 1.014640
0.530165, 0.997457
0.539992, 0.965410
0.549424, 0.918614
0.558317, 0.857606
0.566532, 0.783278
0.573942, 0.696790
0.580431, 0.599471
0.585900, 0.492722
0.590259, 0.377945
0.593436, 0.256477
0.595371, 0.129554
0.596013, -0.001712
0.595325, -0.136341
0.593278, -0.273479
0.589850, -0.412395
0.585026, -0.552467
0.578798, -0.693169
0.571162, -0.834056
0.562118, -0.974759
0.551669, -1.114968
0.539821, -1.254429
0.526583, -1.392934
0.511966, -1.530314
0.495981, -1.666440
0.478642, -1.801214
0.459961, -1.934570
0.439955, -2.066469
0.418637, -2.196897
0.396022, -2.325862
0.372125, -2.453393
0.346959, -2.579534
0.320538, -2.704337
0.292876, -2.827858
0.263985, -2.950146
0.233877, -3.071231
0.202565, -3.191107
0.170059, -3.309714
0.136375, -3.426914
0.101527, -3.542458
0.065533, -3.655951
0.028416, -3.766816
-0.009792, -3.874249
-0.049054, -3.977185
-0.089316, -4.074269
-0.130514, -4.163852
-0.172562, -4.244021
-0.215356, -4.312680
-0.258770, -4.367681
-0.302657, -4.407011
-0.346853, -4.429010
-0.391176, -4.432577
-0.435441, -4.417330
-0.479461, -4.383669
-0.523057, -4.332733
-0.566064, -4.266258
-0.608337, -4.186375
-0.649754, -4.095392
-0.690216, -3.995599
-0.729644, -3.889124
-0.767982, -3.777843
-0.805190, -3.663339
-0.841243, -3.546900
-0.876125, -3.429538
-0.909833, -3.312027
-0.942367, -3.194936
-0.973734, -3.078675
-1.003944, -2.963520
-1.033009, -2.849651
-1.060942, -2.737172
-1.087757, -2.626130
-1.113470, -2.516535
-1.138093, -2.408367
-1.161641, -2.301586
-1.184129, -2.196140
-1.205569, -2.091972
-1.225973, -1.989018
-1.245353, -1.887214
-1.263720, -1.786496
-1.281086, -1.686802
-1.297460, -1.588070
-1.312851, -1.490244
-1.327267, -1.393267
-1.340718, -1.297086
-1.353212, -1.201650
-1.364754, -1.106912
-1.375352, -1.012823
-1.385012, -0.919339
-1.393741, -0.826415
-1.401542, -0.734008
-1.408422, -0.642075
-1.414385, -0.550575
-1.419435, -0.459466
-1.423576, -0.368705
-1.426810, -0.278252
-1.429142, -0.188064
-1.430572, -0.098098
-1.431104, -0.008311
-1.430739, 0.081340
-1.429478, 0.170899
-1.427321, 0.260411
-1.424269, 0.349923
-1.420323, 0.439480
-1.415480, 0.529130
-1.409739, 0.618922
-1.403101, 0.708904
-1.395561, 0.799127
-1.387117, 0.889642
-1.377767, 0.980502
-1.367506, 1.071760
-1.356330, 1.163470
-1.344235, 1.255688
-1.331214, 1.348468
-1.317263, 1.441869
-1.302375, 1.535947
-1.286542, 1.630757
-1.269757, 1.726357
-1.252012, 1.822799
-1.233298, 1.920134
-1.213606, 2.018407
-1.192926, 2.117656
-1.171249, 2.217909
-1.148565, 2.319177
-1.124863, 2.421452
-1.100133, 2.524701
-1.074366, 2.628852
-1.047553, 2.733790
-1.019688, 2.839338
-0.990765, 2.945246
-0.960783, 3.051168
-0.929743, 3.156649
-0.897653, 3.261093
-0.864527, 3.363752
-0.830387, 3.463698
-0.795266, 3.559822
-0.759208, 3.650825
-0.722271, 3.735249
-0.684530, 3.811514
-0.646074, 3.877994
-0.607008, 3.933117
-0.567454, 3.975484
-0.527545, 4.003991
-0.487423, 4.017936
-0.447235, 4.017085
-0.407130, 4.001692
-0.367248, 3.972456
-0.327723, 3.930439
-0.288677, 3.876943
-0.250218, 3.813394
-0.212438, 3.741225
-0.175417, 3.661792
-0.139222, 3.576311
-0.103908, 3.485824
-0.069520, 3.391194
-0.036095, 3.293107
-0.003667, 3.192090
0.027738, 3.088535
0.058096, 2.982718
0.087385, 2.874826
0.115586, 2.764977
0.142679, 2.653239
0.168645, 2.539647
0.193465, 2.424216
0.217123, 2.306951
0.239598, 2.187857
0.260874, 2.066951
0.280931, 1.944261
0.299753, 1.819838
0.317323, 1.693760
0.333623, 1.566136
0.348641, 1.437111
0.362362, 1.306874
0.374775, 1.175659
0.385872, 1.043760
0.395649, 0.911531
0.404103, 0.779400
0.411239, 0.647880
0.417065, 0.517574
0.421597, 0.389192
0.424858, 0.263556
0.426880, 0.141611
0.427706, 0.024422
0.427389, -0.086828
0.425993, -0.190862
0.423600, -0.286333
0.420300, -0.371880
0.416200, -0.446191
0.411418, -0.508080
0.406083, -0.556577
0.400333, -0.591003
0.394311, -0.611046
0.388160, -0.616787
0.382021, -0.608715
0.376029, -0.587684
0.370307, -0.554854
0.364966, -0.511605
0.360104, -0.459442
0.355802, -0.399909
0.352126, -0.334508
0.349127, -0.264650
0.346843, -0.191608
0.345302, -0.116502
0.344517, -0.040290
0.344497, 0.036230
0.345240, 0.112405
0.346742, 0.187717
0.348991, 0.261767
0.351972, 0.334257
0.355670, 0.404976
0.360065, 0.473787
0.365139, 0.540616
0.370871, 0.605438
0.377241, 0.668272
0.384230, 0.729170
0.391818, 0.788212
0.399988, 0.845502
0.408723, 0.901160
0.418006, 0.955319
0.427825, 1.008120
0.438165, 1.059711
0.449015, 1.110240
0.460367, 1.159850
0.472210, 1.208681
0.484538, 1.256860
0.497345, 1.304496
0.510626, 1.351677
0.524377, 1.398464
0.538594, 1.444880
0.553274, 1.490904
0.568411, 1.536464
0.584001, 1.581423
0.600037, 1.625574
0.616509, 1.668626
0.633404, 1.710197
0.650706, 1.749807
0.668392, 1.786878
0.686433, 1.820731
0.704793, 1.850604
0.723429, 1.875663
0.742288, 1.895039
0.761308, 1.907858
0.780420, 1.913290
0.799547, 1.910599
0.818603, 1.899182
0.837500, 1.878617
0.856144, 1.848682
0.874442, 1.809364
0.892301, 1.760856
0.909630, 1.703529
0.926344, 1.637897
0.942362, 1.564580
0.957612, 1.484259
0.972026, 1.397640
0.985546, 1.305420
0.998118, 1.208262
1.009697, 1.106784
1.020241, 1.001542
1.029717, 0.893032
1.038093, 0.781689
1.045342, 0.667886
1.051443, 0.551947
1.056375, 0.434148
1.060121, 0.314725
1.062665, 0.193880
1.063994, 0.071785
1.064097, -0.051406
1.062963, -0.175563
1.060583, -0.300566
1.056949, -0.426308
1.052055, -0.552693
1.045893, -0.679629
1.038461, -0.807034
1.029752, -0.934828
1.019763, -1.062941
1.008492, -1.191304
0.995936, -1.319858
0.982094, -1.448551
0.966965, -1.577338
0.950547, -1.706186
0.932841, -1.835074
0.913846, -1.963992
0.893561, -2.092948
0.871987, -2.221964
0.849121, -2.351081
0.824964, -2.480359
0.799513, -2.609876
0.772766, -2.739729
0.744717, -2.870032
0.715363, -3.000911
0.684697, -3.132499
0.652710, -3.264930
0.619395, -3.398321
0.584741, -3.532757
0.548736, -3.668267
0.511372, -3.804781
0.472638, -3.942096
0.432529, -4.079805
0.391043, -4.217232
0.348188, -4.353340
0.303985, -4.486640
0.258471, -4.615108
0.211708, -4.736124
0.163784, -4.846485
0.114826, -4.942519
0.064995, -5.020346
0.014492, -5.076277
-0.036448, -5.107317
-0.087565, -5.111642
-0.138590, -5.088937
-0.189258, -5.040448
-0.239322, -4.968767
-0.288567, -4.877390
-0.336817, -4.770210
-0.383932, -4.651066
-0.429810, -4.523421
-0.474381, -4.390189
-0.517603, -4.253683
-0.559450, -4.115652
-0.599915, -3.977350
-0.638999, -3.839635
-0.676711, -3.703053
-0.713065, -3.567922
-0.748075, -3.434392
-0.781758, -3.302499
-0.814130, -3.172202
-0.845207, -3.043416
-0.875003, -2.916028
-0.903532, -2.789916
-0.930806, -2.664957
-0.956835, -2.541034
-0.981629, -2.418042
-1.005198, -2.295890
-1.027550, -2.174500
-1.048691, -2.053810
-1.068628, -1.933773
-1.087368, -1.814353
-1.104917, -1.695530
-1.121281, -1.577293
-1.136465, -1.459639
-1.150476, -1.342576
-1.163319, -1.226116
-1.175000, -1.110278
-1.185526, -0.995084
-1.194904, -0.880559
-1.203140, -0.766728
-1.210241, -0.653620
-1.216215, -0.541261
-1.221069, -0.429678
-1.224811, -0.318897
-1.227449, -0.208944
-1.228993, -0.099842
-1.229449, 0.008386
-1.228828, 0.115716
-1.227138, 0.222124
-1.224388, 0.327586
-1.220589, 0.432072
-1.215750, 0.535550
-1.209882, 0.637982
-1.202994, 0.739320
-1.195099, 0.839506
-1.186208, 0.938468
-1.176334, 1.036116
-1.165491, 1.132341
-1.153693, 1.227008
-1.140956, 1.319953
-1.127300, 1.410982
-1.112744, 1.499863
-1.097311, 1.586324
-1.081027, 1.670053
-1.063920, 1.750695
-1.046024, 1.827855
-1.027376, 1.901102
-1.008017, 1.969978
-0.987993, 2.034005
-0.967354, 2.092706
-0.946158, 2.145620
-0.924463, 2.192327
-0.902333, 2.232466
-0.879836, 2.265760
-0.857041, 2.292032
-0.834019, 2.311221
-0.810840, 2.323382
-0.787574, 2.328687
-0.764289, 2.327415
-0.741047, 2.319931
-0.717909, 2.306667
-0.694931, 2.288095
-0.672163, 2.264706
-0.649652, 2.236984
-0.627437, 2.205392
-0.605555, 2.170353
-0.584040, 2.132245
-0.562919, 2.091394
-0.542220, 2.048069
-0.521966, 2.002490
-0.502177, 1.954825
-0.482876, 1.905196
-0.464080, 1.853690
-0.445808, 1.800356
-0.428079, 1.745219
-0.410909, 1.688284
-0.394319, 1.629540
-0.378325, 1.568969
-0.362946, 1.506550
-0.348200, 1.442266
-0.334107, 1.376109
-0.320684, 1.308087
-0.307951, 1.238228
-0.295925, 1.166587
-0.284625, 1.093255
-0.274066, 1.018362
-0.264262, 0.942091
-0.255228, 0.864678
-0.246971, 0.786428
-0.239501, 0.707721
-0.232817, 0.629022
-0.226918, 0.550886
-0.221795, 0.473972
-0.217432, 0.399041
-0.213805, 0.326956
-0.210880, 0.258684
-0.208615, 0.195271
-0.206955, 0.137832
-0.205835, 0.087507
-0.205177, 0.045430
-0.204895, 0.012667
-0.204890, -0.009830
-0.205055, -0.021283
-0.205277, -0.021137
-0.205438, -0.009091
-0.205419, 0.014877
-0.205101, 0.050517
-0.204371, 0.097324
-0.203120, 0.154580
-0.201248, 0.221397
-0.198664, 0.296774
-0.195287, 0.379649
-0.191049, 0.468942
-0.185890, 0.563595
-0.179763, 0.662603
-0.172627, 0.765032
-0.164454, 0.870031
-0.155220, 0.976837
-0.144913, 1.084777
-0.133523, 1.193262
-0.121048, 1.301784
-0.107489, 1.409909
-0.092852, 1.517269
-0.077147, 1.623555
-0.060385, 1.728509
-0.042582, 1.831918
-0.023753, 1.933605
-0.003916, 2.033422
0.016909, 2.131246
0.038702, 2.226969
0.061441, 2.320489
0.085104, 2.411708
0.109667, 2.500517
0.135106, 2.586790
0.161394, 2.670377
0.188504, 2.751087
0.216405, 2.828687
0.245066, 2.902884
0.274451, 2.973322
0.304519, 3.039574
0.335226, 3.101138
0.366524, 3.157443
0.398356, 3.207853
0.430659, 3.251687
0.463365, 3.288245
0.496397, 3.316842
0.529673, 3.336848
0.563104, 3.347732
0.596596, 3.349106
0.630054, 3.340761
0.663379, 3.322688
0.696476, 3.295087
0.729250, 3.258357
0.761614, 3.213072
0.793486, 3.159940
0.824790, 3.099765
0.855460, 3.033398
0.885440, 2.961698
0.914679, 2.885497
0.943137, 2.805573
0.970781, 2.722637
0.997582, 2.637316
1.023521, 2.550157
1.048581, 2.461624
1.072750, 2.372103
1.096021, 2.281913
1.118387, 2.191307
1.139846, 2.100486
1.160396, 2.009603
1.180038, 1.918772
1.198772, 1.828074
1.216600, 1.737562
1.233524, 1.647268
1.249546, 1.557203
1.264669, 1.467367
1.278894, 1.377746
1.292225, 1.288316
1.304661, 1.199047
1.316206, 1.109905
1.326860, 1.020848
1.336623, 0.931836
1.345496, 0.842822
1.353479, 0.753760
1.360571, 0.664606
1.366771, 0.575311
1.372077, 0.485831
1.376487, 0.396118
1.379998, 0.306131
1.382608, 0.215824
1.384314, 0.125158
1.385110, 0.034091
1.384994, -0.057414
1.383960, -0.149393
1.382004, -0.241881
1.379121, -0.334911
1.375304, -0.428514
1.370549, -0.522720
1.364848, -0.617556
1.358195, -0.713050
1.350585, -0.809228
1.342008, -0.906114
1.332460, -1.003736
1.321931, -1.102118
1.310415, -1.201286
1.297903, -1.301267
1.284387, -1.402092
1.269858, -1.503792
1.254308, -1.606402
1.237727, -1.709959
1.220105, -1.814506
1.201433, -1.920091
1.181700, -2.026765
1.160894, -2.134584
1.139004, -2.243611
1.116018, -2.353911
1.091921, -2.465551
1.066702, -2.578600
1.040345, -2.693124
1.012834, -2.809178
0.984156, -2.926804
0.954293, -3.046017
0.923230, -3.166793
0.890952, -3.289049
0.857445, -3.412623
0.822696, -3.537238
0.786698, -3.662471
0.749447, -3.787700
0.710947, -3.912063
0.671212, -4.034394
0.630271, -4.153182
0.588167, -4.266535
0.544966, -4.372183
0.500757, -4.467532
0.455659, -4.549790
0.409815, -4.616173
0.363397, -4.664175
0.316599, -4.691867
0.269631, -4.698158
0.222708, -4.682946
0.176041, -4.647127
0.129828, -4.592445
0.084247, -4.521239
0.039450, -4.436143
-0.004439, -4.339812
-0.047318, -4.234713
-0.089111, -4.122993
-0.129761, -4.006423
-0.169228, -3.886396
-0.207481, -3.763959
-0.244501, -3.639863
-0.280275, -3.514617
-0.314791, -3.388542
-0.348043, -3.261819
-0.380026, -3.134525
-0.410732, -3.006668
-0.440157, -2.878211
-0.468294, -2.749090
-0.495136, -2.619231
-0.520676, -2.488561
-0.544905, -2.357011
-0.567813, -2.224528
-0.589392, -2.091074
-0.609631, -1.956632
-0.628521, -1.821205
-0.646052, -1.684816
-0.662214, -1.547515
-0.677000, -1.409370
-0.690399, -1.270476
-0.702407, -1.130954
-0.713017, -0.990947
-0.722225, -0.850633
-0.730029, -0.710217
-0.736430, -0.569945
-0.741429, -0.430102
-0.745034, -0.291026
-0.747254, -0.153112
-0.748102, -0.016823
-0.747598, 0.117300
-0.745765, 0.248623
-0.742637, 0.376417
-0.738252, 0.499841
-0.732658, 0.617951
-0.725914, 0.729695
-0.718089, 0.833940
-0.709264, 0.929497
-0.699532, 1.015172
-0.688997, 1.089831
-0.677775, 1.152474
-0.665990, 1.202319
-0.653773, 1.238878
-0.641258, 1.262014
-0.628577, 1.271971
-0.615860, 1.269370
-0.603228, 1.255162
-0.590792, 1.230562
-0.578647, 1.196957
-0.566878, 1.155816
-0.555551, 1.108603
-0.544721, 1.056710
-0.534428, 1.001408
-0.524701, 0.943815
-0.515556, 0.884884
-0.507005, 0.825406
-0.499048, 0.766010
-0.491683, 0.707187
-0.484901, 0.649302
-0.478692, 0.592612
-0.473044, 0.537281
-0.467942, 0.483399
-0.463371, 0.430991
-0.459317, 0.380034
-0.455766, 0.330460
-0.452704, 0.282170
-0.450119, 0.235040
-0.448000, 0.188921
-0.446337, 0.143652
-0.445124, 0.099057
-0.444355, 0.054952
-0.444024, 0.011149
-0.444131, -0.032547
-0.444676, -0.076330
-0.445659, -0.120393
-0.447085, -0.164926
-0.448960, -0.210113
-0.451290, -0.256129
-0.454085, -0.303135
-0.457357, -0.351279
-0.461115, -0.400685
-0.465375, -0.451452
-0.470149, -0.503646
-0.475453, -0.557290
-0.481300, -0.612357
-0.487704, -0.668756
-0.494679, -0.726319
-0.502234, -0.784789
-0.510376, -0.843796
-0.519110, -0.902848
-0.528431, -0.961311
-0.538331, -1.018392
-0.548791, -1.073136
-0.559783, -1.124424
-0.571264, -1.170985
-0.583182, -1.211432
-0.595467, -1.244307
-0.608038, -1.268152
-0.620796, -1.281593
-0.633631, -1.283435
-0.646423, -1.272744
-0.659042, -1.248920
-0.671356, -1.211736
-0.683233, -1.161343
-0.694541, -1.098239
-0.705158, -1.023210
-0.714969, -0.937256
-0.723870, -0.841507
-0.731770, -0.737148
-0.738588, -0.625358
-0.744256, -0.507259
-0.748716, -0.383891
-0.751920, -0.256189
-0.753828, -0.124981
-0.754410, 0.009011
-0.753641, 0.145162
-0.751501, 0.282938
-0.747978, 0.421880
-0.743061, 0.561598
-0.736745, 0.701760
-0.729025, 0.842081
-0.719903, 0.982320
-0.709380, 1.122272
-0.697459, 1.261761
-0.684147, 1.400644
-0.669449, 1.538800
-0.653374, 1.676136
-0.635929, 1.812581
-0.617125, 1.948086
-0.596971, 2.082626
-0.575476, 2.216198
-0.552650, 2.348819
-0.528502, 2.480524
-0.503042, 2.611368
-0.476278, 2.741418
-0.448216, 2.870749
-0.418865, 2.999436
-0.388230, 3.127546
-0.356316, 3.255120
-0.323129, 3.382158
-0.288675, 3.508590
-0.252960, 3.634248
-0.215993, 3.758827
-0.177788, 3.881836
-0.138364, 4.002547
-0.097748, 4.119939
-0.055981, 4.232645
-0.013117, 4.338918
0.030769, 4.436630
0.075579, 4.523319
0.121190, 4.596317
0.167451, 4.652953
0.214186, 4.690826
0.261198, 4.708106
0.308276, 4.703805
0.355203, 4.677931
0.401766, 4.631505
0.447770, 4.566407
0.493040, 4.485128
0.537428, 4.390462
0.580814, 4.285232
0.623106, 4.172073
0.664237, 4.053299
0.704160, 3.930843
0.742847, 3.806256
0.780282, 3.680730
0.816461, 3.555155
0.851387, 3.430168
0.885068, 3.306206
0.917516, 3.183555
0.948744, 3.062382
0.978769, 2.942775
1.007605, 2.824759
1.035269, 2.708321
1.061777, 2.593418
1.087142, 2.479996
1.111381, 2.367987
1.134507, 2.257324
1.156532, 2.147937
1.177469, 2.039762
1.197331, 1.932735
1.216128, 1.826801
1.233870, 1.721906
1.250569, 1.618005
1.266234, 1.515055
1.280873, 1.413018
1.294497, 1.311860
1.307113, 1.211550
1.318731, 1.112059
1.329357, 1.013361
1.339001, 0.915429
1.347668, 0.818239
1.355368, 0.721768
1.362106, 0.625989
1.367890, 0.530878
1.372726, 0.436409
1.376620, 0.342554
1.379579, 0.249286
1.381608, 0.156572
1.382712, 0.064382
1.382897, -0.027319
1.382167, -0.118566
1.380527, -0.209396
1.377980, -0.299850
1.374531, -0.389967
1.370182, -0.479789
1.364936, -0.569362
1.358795, -0.658729
1.351762, -0.747936
1.343837, -0.837029
1.335022, -0.926054
1.325316, -1.015055
1.314720, -1.104076
1.303234, -1.193160
1.290857, -1.282345
1.277587, -1.371664
1.263423, -1.461148
1.248363, -1.550816
1.232406, -1.640680
1.215549, -1.730740
1.197791, -1.820981
1.179129, -1.911367
1.159563, -2.001842
1.139092, -2.092321
1.117717, -2.182686
1.095439, -2.272778
1.072263, -2.362391
1.048194, -2.451268
1.023241, -2.539084
0.997417, -2.625450
0.970739, -2.709898
0.943227, -2.791882
0.914911, -2.870774
0.885825, -2.945870
0.856009, -3.016401
0.825514, -3.081549
0.794399, -3.140475
0.762728, -3.192353
0.730578, -3.236408
0.698029, -3.271964
0.665169, -3.298479
0.632090, -3.315585
0.598889, -3.323108
0.565660, -3.321077
0.532499, -3.309713
0.499496, -3.289407
0.466739, -3.260685
0.434308, -3.224164
0.402279, -3.180516
0.370719, -3.130420
0.339690, -3.074537
0.309246, -3.013481
0.279436, -2.947807
0.250303, -2.877999
0.221888, -2.804471
0.194225, -2.727566
0.167347, -2.647569
0.141283, -2.564706
0.116062, -2.479163
0.091709, -2.391089
0.068248, -2.300608
0.045704, -2.207828
0.024099, -2.112850
0.003454, -2.015777
-0.016210, -1.916721
-0.034874, -1.815810
-0.052521, -1.713195
-0.069133, -1.609059
-0.084697, -1.503622
-0.099202, -1.397149
-0.112638, -1.289958
-0.125000, -1.182426
-0.136287, -1.074997
-0.146502, -0.968188
-0.155655, -0.862600
-0.163760, -0.758916
-0.170842, -0.657910
-0.176930, -0.560441
-0.182066, -0.467449
-0.186298, -0.379943
-0.189686, -0.298978
-0.192303, -0.225624
-0.194228, -0.160930
-0.195553, -0.105874
-0.196380, -0.061313
-0.196817, -0.027931
-0.196978, -0.006192
-0.196980, 0.003694
-0.196943, 0.001787
-0.196983, -0.011581
-0.197211, -0.035826
-0.197733, -0.070154
-0.198645, -0.113606
-0.200032, -0.165115
-0.201970, -0.223558
-0.204522, -0.287806
-0.207742, -0.356763
-0.211670, -0.429401
-0.216339, -0.504774
-0.221772, -0.582036
-0.227983, -0.660444
-0.234982, -0.739356
-0.242770, -0.818229
-0.251345, -0.896609
-0.260700, -0.974126
-0.270824, -1.050482
-0.281705, -1.125446
-0.293327, -1.198841
-0.305676, -1.270537
-0.318732, -1.340446
-0.332479, -1.408513
-0.346896, -1.474708
-0.361966, -1.539022
-0.377670, -1.601459
-0.393989, -1.662032
-0.410905, -1.720758
-0.428398, -1.777646
-0.446452, -1.832700
-0.465046, -1.885907
-0.484164, -1.937231
-0.503784, -1.986609
-0.523889, -2.033945
-0.544456, -2.079099
-0.565463, -2.121888
-0.586885, -2.162080
-0.608695, -2.199389
-0.630862, -2.233475
-0.653353, -2.263951
-0.676128, -2.290385
-0.699145, -2.312313
-0.722357, -2.329255
-0.745712, -2.340733
-0.769152, -2.346293
-0.792617, -2.345531
-0.816041, -2.338116
-0.839356, -2.323810
-0.862494, -2.302484
-0.885382, -2.274123
-0.907953, -2.238831
-0.930137, -2.196820
-0.951868, -2.148394
-0.973084, -2.093936
-0.993728, -2.033880
-1.013745, -1.968691
-1.033086, -1.898845
-1.051708, -1.824812
-1.069570, -1.747040
-1.086638, -1.665948
-1.102879, -1.581915
-1.118267, -1.495280
-1.132777, -1.406342
-1.146387, -1.315356
-1.159078, -1.222541
-1.170833, -1.128081
-1.181635, -1.032126
-1.191471, -0.934804
-1.200327, -0.836213
-1.208191, -0.736438
-1.215052, -0.635543
-1.220898, -0.533581
-1.225720, -0.430595
-1.229507, -0.326619
-1.232249, -0.221681
-1.233937, -0.115808
-1.234562, -0.009022
-1.234115, 0.098658
-1.232586, 0.207208
-1.229968, 0.316609
-1.226251, 0.426838
-1.221428, 0.537872
-1.215491, 0.649686
-1.208432, 0.762257
-1.200244, 0.875558
-1.190919, 0.989563
-1.180450, 1.104247
-1.168831, 1.219588
-1.156056, 1.335563
-1.142118, 1.452155
-1.127011, 1.569353
-1.110729, 1.687150
-1.093266, 1.805548
-1.074616, 1.924558
-1.054773, 2.044202
-1.033730, 2.164513
-1.011480, 2.285540
-0.988016, 2.407343
-0.963330, 2.529998
-0.937413, 2.653596
-0.910255, 2.778241
-0.881845, 2.904048
-0.852170, 3.031138
-0.821217, 3.159632
-0.788972, 3.289644
-0.755419, 3.421259
-0.720541, 3.554520
-0.684323, 3.689397
-0.646749, 3.825745
-0.607804, 3.963261
-0.567481, 4.101416
-0.525777, 4.239376
-0.482698, 4.375920
-0.438269, 4.509340
-0.392529, 4.637371
-0.345549, 4.757149
-0.297425, 4.865259
-0.248295, 4.957892
-0.198332, 5.031157
-0.147748, 5.081524
-0.096787, 5.106326
-0.045712, 5.104204
0.005208, 5.075352
0.055712, 5.021475
0.105563, 4.945480
0.154560, 4.851003
0.202535, 4.741912
0.249361, 4.621890
0.294947, 4.494173
0.339228, 4.361419
0.382166, 4.225694
0.423737, 4.088522
0.463935, 3.950969
0.502758, 3.813736
0.540212, 3.677248
0.576306, 3.541724
0.611050, 3.407240
0.644454, 3.273775
0.676529, 3.141249
0.707282, 3.009545
0.736722, 2.878532
0.764854, 2.748076
0.791685, 2.618050
0.817216, 2.488341
0.841452, 2.358851
0.864394, 2.229500
0.886043, 2.100228
0.906399, 1.970994
0.925462, 1.841774
0.943234, 1.712561
0.959714, 1.583364
0.974902, 1.454204
0.988798, 1.325116
1.001404, 1.196144
1.012722, 1.067342
1.022752, 0.938771
1.031498, 0.810498
1.038963, 0.682599
1.045151, 0.555154
1.050068, 0.428248
1.053719, 0.301976
1.056110, 0.176439
1.057250, 0.051748
1.057148, -0.071975
1.055814, -0.194589
1.053261, -0.315937
1.049500, -0.435836
1.044549, -0.554074
1.038425, -0.670404
1.031149, -0.784536
1.022743, -0.896132
1.013236, -1.004798
1.002658, -1.110081
0.991047, -1.211465
0.978444, -1.308370
0.964897, -1.400158
0.950460, -1.486146
0.935196, -1.565621
0.919172, -1.637866
0.902465, -1.702200
0.885156, -1.758011
0.867334, -1.804804
0.849091, -1.842239
0.830521, -1.870167
0.811720, -1.888648
0.792779, -1.897957
0.773789, -1.898572
0.754834, -1.891142
0.735991, -1.876447
0.717327, -1.855346
0.698902, -1.828734
0.680768, -1.797493
0.662965, -1.762456
0.645529, -1.724382
0.628485, -1.683937
0.611856, -1.641687
0.595656, -1.598096
0.579897, -1.553528
0.564588, -1.508259
0.549734, -1.462482
0.535339, -1.416319
0.521408, -1.369831
0.507944, -1.323027
0.494949, -1.275875
0.482428, -1.228306
0.470385, -1.180227
0.458825, -1.131520
0.447757, -1.082054
0.437187, -1.031687
0.427127, -0.980270
0.417586, -0.927652
0.408578, -0.873683
0.400117, -0.818218
0.392219, -0.761124
0.384901, -0.702276
0.378180, -0.641571
0.372076, -0.578926
0.366608, -0.514287
0.361797, -0.447635
0.357662, -0.378992
0.354223, -0.308433
0.351499, -0.236094
0.349506, -0.162188
0.348260, -0.087012
0.347769, -0.010969
0.348041, 0.065418
0.349076, 0.141494
0.350868, 0.216450
0.353399, 0.289320
0.356643, 0.358974
0.360563, 0.424124
0.365106, 0.483348
0.370205, 0.535127
0.375778, 0.577907
0.381728, 0.610173
0.387942, 0.630541
0.394295, 0.637851
0.400653, 0.631257
0.406873, 0.610284
0.412810, 0.574867
0.418323, 0.525343
0.423272, 0.462411
0.427530, 0.387061
0.430976, 0.300496
0.433507, 0.204042
0.435029, 0.099070
0.435464, -0.013072
0.434748, -0.131102
0.432826, -0.253841
0.429659, -0.380227
0.425213, -0.509321
0.419466, -0.640305
0.412403, -0.772475
0.404015, -0.905233
0.394298, -1.038072
0.383254, -1.170569
0.370889, -1.302372
0.357210, -1.433194
0.342229, -1.562800
0.325959, -1.691006
0.308414, -1.817669
0.289611, -1.942682
0.269566, -2.065971
0.248297, -2.187487
0.225822, -2.307202
0.202159, -2.425104
0.177326, -2.541191
0.151342, -2.655462
0.124223, -2.767905
0.095990, -2.878492
0.066660, -2.987161
0.036253, -3.093799
0.004791, -3.198227
-0.027703, -3.300175
-0.061203, -3.399260
-0.095677, -3.494960
-0.131089, -3.586593
-0.167392, -3.673297
-0.204535, -3.754024
-0.242449, -3.827547
-0.281057, -3.892492
-0.320265, -3.947396
-0.359966, -3.990798
-0.400038, -4.021351
-0.440347, -4.037949
-0.480748, -4.039847
-0.521094, -4.026757
-0.561234, -3.998888
-0.601025, -3.956933
-0.640329, -3.902002
-0.679026, -3.835513
-0.717007, -3.759065
-0.754180, -3.674315
-0.790471, -3.582877
-0.825820, -3.486241
-0.860182, -3.385732
-0.893525, -3.282483
-0.925826, -3.177439
-0.957071, -3.071362
-0.987252, -2.964855
-1.016368, -2.858383
-1.044421, -2.752293
-1.071416, -2.646839
-1.097360, -2.542198
-1.122263, -2.438486
-1.146134, -2.335773
-1.168982, -2.234093
-1.190819, -2.133452
-1.211654, -2.033837
-1.231499, -1.935220
-1.250362, -1.837561
-1.268253, -1.740815
-1.285181, -1.644931
-1.301154, -1.549854
-1.316181, -1.455528
-1.330267, -1.361897
-1.343421, -1.268902
-1.355647, -1.176488
-1.366952, -1.084599
-1.377341, -0.993179
-1.386817, -0.902173
-1.395386, -0.811529
-1.403049, -0.721194
-1.409810, -0.631117
-1.415672, -0.541248
-1.420636, -0.451538
-1.424703, -0.361938
-1.427875, -0.272400
-1.430151, -0.182879
-1.431532, -0.093329
-1.432017, -0.003703
-1.431606, 0.086041
-1.430296, 0.175948
-1.428086, 0.266061
-1.424974, 0.356422
-1.420957, 0.447075
-1.416031, 0.538062
-1.410194, 0.629424
-1.403442, 0.721203
-1.395769, 0.813443
-1.387171, 0.906186
-1.377643, 0.999476
-1.367180, 1.093357
-1.355774, 1.187875
-1.343420, 1.283078
-1.330110, 1.379014
-1.315837, 1.475734
-1.300592, 1.573292
-1.284368, 1.671744
-1.267154, 1.771146
-1.248942, 1.871561
-1.229720, 1.973049
-1.209477, 2.075676
-1.188202, 2.179505
-1.165883, 2.284598
-1.142506, 2.391014
-1.118058, 2.498805
-1.092525, 2.608011
-1.065893, 2.718652
-1.038147, 2.830721
-1.009274, 2.944174
-0.979259, 3.058911
-0.948092, 3.174760
-0.915761, 3.291452
-0.882261, 3.408593
-0.847590, 3.525631
-0.811751, 3.641815
-0.774760, 3.756163
-0.736638, 3.867421
-0.697427, 3.974045
-0.657179, 4.074202
-0.615971, 4.165803
-0.573899, 4.246589
-0.531083, 4.314270
-0.487665, 4.366708
-0.443806, 4.402138
-0.399683, 4.419362
-0.355481, 4.417904
-0.311386, 4.398060
-0.267578, 4.360846
-0.224222, 4.307852
-0.181467, 4.241042
-0.139440, 4.162533
-0.098248, 4.074415
-0.057977, 3.978605
-0.018696, 3.876770
0.019543, 3.770287
0.056698, 3.660246
0.092739, 3.547473
0.127640, 3.432568
0.161384, 3.315941
0.193954, 3.197857
0.225337, 3.078465
0.255520, 2.957836
0.284490, 2.835980
0.312235, 2.712872
0.338743, 2.588466
0.364000, 2.462707
0.387992, 2.335545
0.410706, 2.206934
0.432126, 2.076847
0.452238, 1.945273
0.471027, 1.812225
0.488478, 1.677740
0.504577, 1.541883
0.519311, 1.404751
0.532668, 1.266472
0.544637, 1.127213
0.555210, 0.987180
0.564379, 0.846629
0.572142, 0.705867
0.578497, 0.565265
0.583449, 0.425266
0.587006, 0.286396
0.589183, 0.149277
0.590000, 0.014644
0.589487, -0.116653
0.587681, -0.243631
0.584632, -0.365175
0.580400, -0.480049
0.575058, -0.586913
0.568693, -0.684361
0.561407, -0.770988
0.553314, -0.845458
0.544542, -0.906606
0.535229, -0.953531
0.525521, -0.985689
0.515565, -1.002955
0.505510, -1.005653
0.495498, -0.994542
0.485662, -0.970754
0.476121, -0.935708
0.466980, -0.890999
0.458327, -0.838297
0.450235, -0.779246
0.442758, -0.715395
0.435938, -0.648144
0.429803, -0.578719
0.424368, -0.508157
0.419640, -0.437315
0.415620, -0.366881
0.412300, -0.297388
0.409668, -0.229239
0.407709, -0.162719
0.406407, -0.098022
0.405742, -0.035258
0.405695, 0.025525
0.406246, 0.084335
0.407376, 0.141223
0.409065, 0.196273
0.411295, 0.249601
0.414051, 0.301340
0.417317, 0.351646
0.421080, 0.400685
0.425328, 0.448635
0.430050, 0.495679
0.435239, 0.542007
0.440888, 0.587809
0.446994, 0.633275
0.453553, 0.678590
0.460566, 0.723935
0.468033, 0.769480
0.475957, 0.815380
0.484342, 0.861775
0.493194, 0.908778
0.502520, 0.956474
0.512326, 1.004910
0.522620, 1.054085
0.533410, 1.103944
0.544701, 1.154359
0.556498, 1.205120
0.568804, 1.255923
0.581616, 1.306348
0.594928, 1.355852
0.608727, 1.403755
0.622995, 1.449237
0.637701, 1.491338
0.652806, 1.528973
0.668261, 1.560961
0.684003, 1.586067
0.699956, 1.603065
0.716033, 1.610803
0.732138, 1.608281
0.748162, 1.594721
0.763993, 1.569618
0.779515, 1.532777
0.794610, 1.484310
0.809164, 1.424615
0.823067, 1.354329
0.836218, 1.274264
0.848523, 1.185345
0.859898, 1.088549
0.870271, 0.984848
0.879576, 0.875176
0.887757, 0.760399
0.894769, 0.641301
0.900571, 0.518576
0.905131, 0.392832
0.908420, 0.264594
0.910416, 0.134315
0.911100, 0.002381
0.910459, -0.130876
0.908479, -0.265172
0.905153, -0.400261
0.900472, -0.535931
0.894433, -0.671996
0.887032, -0.808292
0.878267, -0.944676
0.868138, -1.081021
0.856647, -1.217216
0.843795, -1.353167
0.829585, -1.488791
0.814020, -1.624022
0.797106, -1.758812
0.778846, -1.893127
0.759245, -2.026951
0.738308, -2.160289
0.716040, -2.293163
0.692446, -2.425616
0.667529, -2.557712
0.641293, -2.689530
0.613739, -2.821170
0.584870, -2.952739
0.554684, -3.084354
0.523182, -3.216124
0.490361, -3.348144
0.456218, -3.480470
0.420751, -3.613098
0.383956, -3.745927
0.345832, -3.878716
0.306383, -4.011030
0.265615, -4.142174
0.223547, -4.271115
0.180205, -4.396412
0.135637, -4.516142
0.089909, -4.627876
0.043116, -4.728702
-0.004618, -4.815350
-0.053133, -4.884432
-0.102237, -4.932794
-0.151711, -4.957929
-0.201313, -4.958373
-0.250795, -4.933953
-0.299913, -4.885830
-0.348440, -4.816305
-0.396178, -4.728462
-0.442960, -4.625753
-0.488655, -4.511612
-0.533165, -4.389182
-0.576420, -4.261156
-0.618377, -4.129715
-0.659009, -3.996551
-0.698306, -3.862914
-0.736268, -3.729692
-0.772903, -3.597485
-0.808223, -3.466669
-0.842242, -3.337461
-0.874978, -3.209957
-0.906447, -3.084175
-0.936667, -2.960079
-0.965654, -2.837598
-0.993424, -2.716646
-1.019992, -2.597128
-1.045371, -2.478948
-1.069575, -2.362015
-1.092615, -2.246244
-1.114503, -2.131561
-1.135250, -2.017900
-1.154865, -1.905206
-1.173357, -1.793433
-1.190736, -1.682543
-1.207011, -1.572509
-1.222189, -1.463307
-1.236280, -1.354922
-1.249290, -1.247341
-1.261229, -1.140557
-1.272104, -1.034566
-1.281923, -0.929363
-1.290694, -0.824947
-1.298425, -0.721317
-1.305123, -0.618470
-1.310797, -0.516402
-1.315453, -0.415111
-1.319101, -0.314588
-1.321748, -0.214827
-1.323400, -0.115817
-1.324067, -0.017544
-1.323754, 0.080005
-1.322469, 0.176848
-1.320219, 0.273004
-1.317011, 0.368493
-1.312851, 0.463336
-1.307746, 0.557556
-1.301702, 0.651174
-1.294725, 0.744211
-1.286820, 0.836685
-1.277993, 0.928612
-1.268249, 1.020002
-1.257595, 1.110859
-1.246034, 1.201179
-1.233573, 1.290947
-1.220217, 1.380136
-1.205972, 1.468700
-1.190845, 1.556577
-1.174843, 1.643681
-1.157975, 1.729899
-1.140249, 1.815086
-1.121677, 1.899064
-1.102272, 1.981613
-1.082050, 2.062471
-1.061029, 2.141331
-1.039231, 2.217834
-1.016682, 2.291576
-0.993411, 2.362106
-0.969452, 2.428934
-0.944846, 2.491538
-0.919637, 2.549380
-0.893876, 2.601922
-0.867618, 2.648647
-0.840924, 2.689083
-0.813859, 2.722825
-0.786491, 2.749556
-0.758892, 2.769067
-0.731134, 2.781265
-0.703291, 2.786178
-0.675434, 2.783949
-0.647635, 2.774823
-0.619960, 2.759132
-0.592473, 2.737266
-0.565234, 2.709656
-0.538297, 2.676749
-0.511715, 2.638986
-0.485532, 2.596788
-0.459793, 2.550543
-0.434534, 2.500599
-0.409792, 2.447260
-0.385599, 2.390785
-0.361986, 2.331392
-0.338980, 2.269260
-0.316609, 2.204532
-0.294898, 2.137329
-0.273871, 2.067748
-0.253551, 1.995874
-0.233961, 1.921784
-0.215122, 1.845555
-0.197056, 1.767272
-0.179783, 1.687032
-0.163322, 1.604952
-0.147690, 1.521177
-0.132903, 1.435883
-0.118977, 1.349289
-0.105921, 1.261660
-0.093746, 1.173318
-0.082456, 1.084644
-0.072052, 0.996092
-0.062532, 0.908190
-0.053884, 0.821544
-0.046094, 0.736849
-0.039138, 0.654877
-0.032985, 0.576485
-0.027594, 0.502593
-0.022915, 0.434177
-0.018889, 0.372239
-0.015445, 0.317776
-0.012505, 0.271743
-0.009979, 0.235007
-0.007771, 0.208302
-0.005778, 0.192188
-0.003891, 0.187015
-0.002001, 0.192902
0.000003, 0.209725
0.002229, 0.237132
0.004779, 0.274557
0.007751, 0.321266
0.011233, 0.376389
0.015304, 0.438972
0.020034, 0.508018
0.025482, 0.582527
0.031699, 0.661524
0.038725, 0.744090
0.046590, 0.829372
0.055319, 0.916597
0.064926, 1.005075
0.075422, 1.094200
0.086811, 1.183443
0.099090, 1.272353
0.112255, 1.360549
0.126298, 1.447708
0.141205, 1.533566
0.156964, 1.617902
0.173558, 1.700540
0.190969, 1.781333
0.209178, 1.860164
0.228165, 1.936932
0.247909, 2.011553
0.268389, 2.083945
0.289580, 2.154029
0.311461, 2.221717
0.334006, 2.286907
0.357191, 2.349477
0.380987, 2.409276
0.405366, 2.466121
0.430299, 2.519787
0.455751, 2.570010
0.481686, 2.616478
0.508066, 2.658837
0.534848, 2.696691
0.561984, 2.729615
0.589422, 2.757161
0.617108, 2.778881
0.644979, 2.794343
0.672972, 2.803157
0.701019, 2.804998
0.729048, 2.799628
0.756987, 2.786913
0.784762, 2.766841
0.812300, 2.739516
0.839529, 2.705164
0.866381, 2.664116
0.892790, 2.616790
0.918697, 2.563671
0.944046, 2.505286
0.968787, 2.442180
0.992876, 2.374897
1.016273, 2.303962
1.038944, 2.229867
1.060861, 2.153064
1.081998, 2.073956
1.102334, 1.992900
1.121850, 1.910202
1.140533, 1.826122
1.158369, 1.740876
1.175347, 1.654640
1.191459, 1.567557
1.206696, 1.479738
1.221052, 1.391265
1.234519, 1.302201
1.247094, 1.212587
1.258769, 1.122450
1.269541, 1.031803
1.279404, 0.940649
1.288352, 0.848981
1.296382, 0.756789
1.303486, 0.664055
1.309661, 0.570760
1.314900, 0.476882
1.319197, 0.382398
1.322545, 0.287285
1.324940, 0.191519
1.326374, 0.095079
1.326839, -0.002054
1.326330, -0.099900
1.324839, -0.198474
1.322358, -0.297792
1.318881, -0.397863
1.314398, -0.498698
1.308904, -0.600305
1.302390, -0.702689
1.294848, -0.805855
1.286270, -0.909805
1.276649, -1.014542
1.265977, -1.120070
1.254245, -1.226391
1.241446, -1.333512
1.227572, -1.441441
1.212614, -1.550188
1.196565, -1.659771
1.179416, -1.770210
1.161158, -1.881535
1.141782, -1.993780
1.121279, -2.106991
1.099639, -2.221221
1.076851, -2.336534
1.052905, -2.453002
1.027787, -2.570708
1.001486, -2.689740
0.973988, -2.810193
0.945277, -2.932161
0.915339, -3.055733
0.884157, -3.180979
0.851714, -3.307942
0.817992, -3.436614
0.782976, -3.566912
0.746649, -3.698644
0.709000, -3.831465
0.670018, -3.964822
0.629704, -4.097886
0.588065, -4.229482
0.545125, -4.358013
0.500922, -4.481399
0.455522, -4.597058
0.409017, -4.701939
0.361531, -4.792667
0.313222, -4.865791
0.264284, -4.918146
0.214937, -4.947266
0.165421, -4.951759
0.115984, -4.931533
0.066869, -4.887804
0.018299, -4.822882
-0.029528, -4.739802
-0.076448, -4.641912
-0.122328, -4.532506
-0.167069, -4.414558
-0.210599, -4.290586
-0.252868, -4.162602
-0.293843, -4.032131
-0.333506, -3.900280
-0.371846, -3.767802
-0.408861, -3.635179
-0.444551, -3.502687
-0.478916, -3.370451
-0.511960, -3.238495
-0.543687, -3.106773
-0.574096, -2.975198
-0.603191, -2.843664
-0.630969, -2.712055
-0.657431, -2.580264
-0.682574, -2.448190
-0.706394, -2.315750
-0.728887, -2.182878
-0.750050, -2.049528
-0.769876, -1.915675
-0.788362, -1.781312
-0.805501, -1.646451
-0.821289, -1.511125
-0.835722, -1.375380
-0.848795, -1.239280
-0.860507, -1.102907
-0.870853, -0.966355
-0.879833, -0.829734
-0.887448, -0.693172
-0.893698, -0.556811
-0.898585, -0.420817
-0.902116, -0.285375
-0.904295, -0.150700
-0.905133, -0.017038
-0.904640, 0.115324
-0.902832, 0.246053
-0.899726, 0.374759
-0.895345, 0.500990
-0.889716, 0.624214
-0.882873, 0.743822
-0.874854, 0.859113
-0.865708, 0.969299
-0.855488, 1.073508
-0.844261, 1.170797
-0.832099, 1.260186
-0.819086, 1.340687
-0.805318, 1.411368
-0.790895, 1.471403
-0.775927, 1.520148
-0.760531, 1.557196
-0.744823, 1.582431
-0.728921, 1.596045
-0.712939, 1.598543
-0.696984, 1.590709
-0.681156, 1.573551
-0.665541, 1.548228
-0.650214, 1.515981
-0.635240, 1.478052
-0.620668, 1.435636
-0.606539, 1.389827
-0.592880, 1.341593
-0.579712, 1.291765
-0.567048, 1.241028
-0.554893, 1.189932
-0.543249, 1.138898
-0.532113, 1.088238
-0.521482, 1.038163
-0.511348, 0.988802
-0.501703, 0.940215
-0.492541, 0.892401
-0.483853, 0.845317
-0.475632, 0.798878
-0.467874, 0.752970
-0.460572, 0.707455
-0.453724, 0.662177
-0.447328, 0.616967
-0.441385, 0.571645
-0.435896, 0.526023
-0.430866, 0.479912
-0.426300, 0.433121
-0.422206, 0.385460
-0.418594, 0.336744
-0.415476, 0.286794
-0.412863, 0.235442
-0.410772, 0.182531
-0.409218, 0.127923
-0.408220, 0.071501
-0.407795, 0.013176
-0.407963, -0.047106
-0.408743, -0.109359
-0.410156, -0.173543
-0.412220, -0.239553
-0.414953, -0.307208
-0.418369, -0.376230
-0.422481, -0.446231
-0.427295, -0.516691
-0.432814, -0.586939
-0.439030, -0.656136
-0.445930, -0.723263
-0.453485, -0.787112
-0.461656, -0.846300
-0.470390, -0.899294
-0.479616, -0.944456
-0.489248, -0.980120
-0.499181, -1.004680
-0.509299, -1.016702
-0.519470, -1.015026
-0.529551, -0.998861
-0.539397, -0.967843
-0.548859, -0.922057
-0.557791, -0.862014
-0.566055, -0.788582
-0.573522, -0.702906
-0.580076, -0.606304
-0.585616, -0.500176
-0.590053, -0.385926
-0.593312, -0.264895
-0.595332, -0.138326
-0.596064, -0.007341
-0.595468, 0.127070
-0.593514, 0.264047
-0.590181, 0.402850
-0.585453, 0.542849
-0.579321, 0.683513
-0.571782, 0.824391
-0.562834, 0.965110
-0.552481, 1.105356
-0.540729, 1.244870
-0.527587, 1.383441
-0.513064, 1.520900
-0.497173, 1.657112
-0.479927, 1.791980
-0.461338, 1.925434
-0.441423, 2.057432
-0.420195, 2.187961
-0.397668, 2.317026
-0.373859, 2.444656
-0.348780, 2.570891
-0.322445, 2.695785
-0.294869, 2.819394
-0.266062, 2.941766
-0.236037, 3.062934
-0.204807, 3.182894
-0.172384, 3.301593
-0.138780, 3.418896
-0.104011, 3.534563
-0.068095, 3.648211
-0.031055, 3.759276
0.007079, 3.866972
0.046269, 3.970253
0.086465, 4.067782
0.127600, 4.157932
0.169593, 4.238806
0.212339, 4.308316
0.255714, 4.364315
0.299573, 4.404773
0.343752, 4.427999
0.388072, 4.432848
0.432346, 4.418887
0.476388, 4.386462
0.520017, 4.336664
0.563069, 4.271195
0.605396, 4.192165
0.646874, 4.101875
0.687404, 4.002623
0.726904, 3.896550
0.765318, 3.785551
0.802604, 3.671229
0.838736, 3.554893
0.873699, 3.437572
0.907487, 3.320055
0.940101, 3.202924
0.971548, 3.086598
1.001837, 2.971363
1.030980, 2.857403
1.058990, 2.744827
1.085881, 2.633687
1.111668, 2.523994
1.136366, 2.415729
1.159987, 2.308854
1.182547, 2.203318
1.204058, 2.099064
1.224532, 1.996028
1.243982, 1.894147
1.262419, 1.793355
1.279853, 1.693592
1.296294, 1.594796
1.311752, 1.496908
1.326235, 1.399874
1.339752, 1.303640
1.352310, 1.208155
1.363917, 1.113370
1.374580, 1.019239
1.384304, 0.925715
1.393096, 0.832754
1.400961, 0.740314
1.407904, 0.648351
1.413930, 0.556825
1.419042, 0.465691
1.423245, 0.374910
1.426541, 0.284440
1.428934, 0.194237
1.430427, 0.104260
1.431020, 0.014465
1.430716, -0.075190
1.429517, -0.164750
1.427421, -0.254261
1.424431, -0.343767
1.420546, -0.433315
1.415765, -0.522952
1.410086, -0.612728
1.403510, -0.702690
1.396032, -0.792890
1.387651, -0.883378
1.378363, -0.974207
1.368165, -1.065429
1.357053, -1.157100
1.345022, -1.249274
1.332066, -1.342008
1.318179, -1.435357
1.303356, -1.529378
1.287589, -1.624129
1.270871, -1.719665
1.253193, -1.816039
1.234547, -1.913301
1.214924, -2.011499
1.194314, -2.110670
1.172708, -2.210841
1.150094, -2.312027
1.126464, -2.414220
1.101806, -2.517389
1.076113, -2.621465
1.049374, -2.726335
1.021584, -2.831828
0.992737, -2.937697
0.962830, -3.043606
0.931866, -3.149105
0.899851, -3.253610
0.866799, -3.356383
0.832732, -3.456509
0.797682, -3.552891
0.761691, -3.644244
0.724818, -3.729120
0.687136, -3.805945
0.648732, -3.873097
0.609711, -3.928997
0.570194, -3.972233
0.530313, -4.001678
0.490209, -4.016602
0.450030, -4.016739
0.409923, -4.002310
0.370030, -3.973988
0.330486, -3.932809
0.291412, -3.880066
0.252918, -3.817175
0.215098, -3.745574
0.178031, -3.666622
0.141786, -3.581545
0.106417, -3.491398
0.071972, -3.397054
0.038488, -3.299211
0.005998, -3.198406
-0.025472, -3.095038
-0.055896, -2.989391
-0.085253, -2.881658
-0.113522, -2.771959
-0.140685, -2.660368
-0.166723, -2.546920
-0.191618, -2.431631
-0.215350, -2.314507
-0.237902, -2.195554
-0.259255, -2.074787
-0.279391, -1.952233
-0.298294, -1.827943
-0.315945, -1.701992
-0.332328, -1.574487
-0.347430, -1.445572
-0.361236, -1.315431
-0.373735, -1.184297
-0.384919, -1.052459
-0.394783, -0.920268
-0.403325, -0.788148
-0.410548, -0.656604
-0.416461, -0.526235
-0.421079, -0.397743
-0.424425, -0.271944
-0.426530, -0.149774
-0.427436, -0.032291
-0.427195, 0.079331
-0.425873, 0.183817
-0.423547, 0.279826
-0.420309, 0.365997
-0.416264, 0.441012
-0.411530, 0.503677
-0.406235, 0.553005
-0.400517, 0.588301
-0.394517, 0.609226
-0.388380, 0.615838
-0.382247, 0.608599
-0.376252, 0.588343
-0.370520, 0.556214
-0.365162, 0.513578
-0.360278, 0.461935
-0.355949, 0.402827
-0.352241, 0.337762
-0.349209, 0.268155
-0.346889, 0.195289
-0.345310, 0.120293
-0.344487, 0.044134
-0.344428, -0.032378
-0.345134, -0.108583
-0.346597, -0.183956
-0.348809, -0.258089
-0.351754, -0.330680
-0.355416, -0.401511
-0.359778, -0.470443
-0.364819, -0.537396
-0.370519, -0.602344
-0.376859, -0.665301
-0.383819, -0.726319
-0.391379, -0.785476
-0.399522, -0.842874
-0.408231, -0.898632
-0.417490, -0.952883
-0.427284, -1.005767
-0.437601, -1.057431
-0.448429, -1.108022
-0.459758, -1.157687
-0.471580, -1.206563
-0.483888, -1.254777
-0.496674, -1.302442
-0.509935, -1.349646
-0.523666, -1.396450
-0.537863, -1.442880
-0.552522, -1.488919
-0.567639, -1.534497
-0.583210, -1.579481
-0.599226, -1.623668
-0.615680, -1.666772
-0.632557, -1.708415
-0.649842, -1.748125
-0.667511, -1.785328
-0.685538, -1.819352
-0.703885, -1.849439
-0.722510, -1.874760
-0.741361, -1.894446
-0.760378, -1.907624
-0.779489, -1.913463
-0.798620, -1.911217
-0.817685, -1.900281
-0.836595, -1.880219
-0.855258, -1.850798
-0.873580, -1.811996
-0.891467, -1.763993
-0.908830, -1.707152
-0.925582, -1.641980
-0.941644, -1.569090
-0.956941, -1.489163
-0.971406, -1.402900
-0.984980, -1.311001
-0.997610, -1.214131
-1.009248, -1.112909
-1.019855, -1.007895
-1.029395, -0.899589
-1.037837, -0.788425
-1.045155, -0.674784
-1.051326, -0.558990
-1.056329, -0.441321
-1.060147, -0.322015
-1.062764, -0.201276
-1.064168, -0.079278
-1.064346, 0.043826
-1.063288, 0.167903
-1.060985, 0.292834
-1.057429, 0.418511
-1.052613, 0.544836
-1.046531, 0.671720
-1.039177, 0.799077
-1.030548, 0.926830
-1.020639, 1.054906
-1.009449, 1.183237
-0.996974, 1.311764
-0.983213, 1.440433
-0.968165, 1.569201
-0.951829, 1.698032
-0.934204, 1.826905
-0.915291, 1.955809
-0.895088, 2.084751
-0.873595, 2.213752
-0.850813, 2.342853
-0.826738, 2.472110
-0.801370, 2.601603
-0.774705, 2.731426
-0.746740, 2.861691
-0.717469, 2.992525
-0.686887, 3.124061
-0.654985, 3.256432
-0.621755, 3.389757
-0.587186, 3.524124
-0.551269, 3.659565
-0.513992, 3.796020
-0.475346, 3.933293
-0.435324, 4.070995
-0.393926, 4.208466
-0.351159, 4.344697
-0.307041, 4.478231
-0.261610, 4.607079
-0.214924, 4.728659
-0.167072, 4.839804
-0.118175, 4.936866
-0.068394, 5.015967
-0.017928, 5.073394
0.032991, 5.106089
0.084105, 5.112146
0.135144, 5.091145
0.185841, 5.044239
0.235950, 4.973944
0.285254, 4.883713
0.333571, 4.777429
0.380761, 4.658944
0.426721, 4.531753
0.471377, 4.398806
0.514686, 4.262455
0.556621, 4.124481
0.597174, 3.986169
0.636346, 3.848398
0.674146, 3.711733
0.710586, 3.576503
0.745681, 3.442866
