0.250000, 0.449264
0.254344, 0.419414
0.258386, 0.388798
0.262118, 0.357488
0.265533, 0.325556
0.268627, 0.293074
0.271393, 0.260116
0.273828, 0.226756
0.275927, 0.193068
0.277688, 0.159125
0.279109, 0.125002
0.280188, 0.090773
0.280925, 0.056511
0.281319, 0.022291
0.281371, -0.011813
0.281083, -0.045726
0.280457, -0.079376
0.279497, -0.112689
0.278205, -0.145591
0.276586, -0.178009
0.274646, -0.209871
0.272391, -0.241106
0.269827, -0.271642
0.266961, -0.301411
0.263801, -0.330346
0.260357, -0.358379
0.256637, -0.385448
0.252651, -0.411491
0.248411, -0.436450
0.243926, -0.460271
0.239209, -0.482902
0.234272, -0.504296
0.229128, -0.524411
0.223788, -0.543209
0.218268, -0.560658
0.212580, -0.576729
0.206738, -0.591401
0.200756, -0.604657
0.194650, -0.616486
0.188432, -0.626882
0.182117, -0.635846
0.175719, -0.643382
0.169254, -0.649501
0.162734, -0.654217
0.156174, -0.657550
0.149588, -0.659523
0.142988, -0.660163
0.136389, -0.659501
0.129802, -0.657571
0.123241, -0.654409
0.116718, -0.650053
0.110244, -0.644544
0.103831, -0.637925
0.097489, -0.630240
0.091229, -0.621534
0.085062, -0.611854
0.078995, -0.601247
0.073040, -0.589762
0.067203, -0.577448
0.061493, -0.564356
0.055918, -0.550538
0.050485, -0.536046
0.045199, -0.520934
0.040068, -0.505257
0.035096, -0.489072
0.030288, -0.472437
0.025649, -0.455412
0.021181, -0.438057
0.016888, -0.420437
0.012773, -0.402618
0.008836, -0.384666
0.005080, -0.366652
0.001503, -0.348647
-0.001893, -0.330725
-0.005112, -0.312962
-0.008154, -0.295435
-0.011022, -0.278223
-0.013719, -0.261405
-0.016251, -0.245061
-0.018622, -0.229272
-0.020839, -0.214116
-0.022907, -0.199672
-0.024835, -0.186015
-0.026630, -0.173218
-0.028302, -0.161350
-0.029861, -0.150476
-0.031315, -0.140652
-0.032677, -0.131932
-0.033958, -0.124360
-0.035168, -0.117972
-0.036321, -0.112798
-0.037428, -0.108855
-0.038502, -0.106153
-0.039556, -0.104694
-0.040600, -0.104467
-0.041649, -0.105455
-0.042714, -0.107629
-0.043806, -0.110956
-0.044936, -0.115392
-0.046117, -0.120886
-0.047357, -0.127383
-0.048668, -0.134822
-0.050057, -0.143136
-0.051533, -0.152258
-0.053104, -0.162115
-0.054778, -0.172634
-0.056559, -0.183743
-0.058454, -0.195365
-0.060468, -0.207428
-0.062604, -0.219859
-0.064866, -0.232586
-0.067256, -0.245540
-0.069777, -0.258653
-0.072430, -0.271859
-0.075215, -0.285095
-0.078132, -0.298300
-0.081180, -0.311415
-0.084359, -0.324385
-0.087667, -0.337155
-0.091102, -0.349672
-0.094660, -0.361888
-0.098338, -0.373752
-0.102133, -0.385219
-0.106041, -0.396242
-0.110057, -0.406778
-0.114175, -0.416781
-0.118390, -0.426210
-0.122697, -0.435023
-0.127089, -0.443177
-0.131558, -0.450631
-0.136099, -0.457345
-0.140703, -0.463278
-0.145362, -0.468389
-0.150068, -0.472639
-0.154811, -0.475987
-0.159584, -0.478395
-0.164376, -0.479825
-0.169177, -0.480239
-0.173977, -0.479601
-0.178766, -0.477876
-0.183531, -0.475032
-0.188262, -0.471039
-0.192948, -0.465867
-0.197576, -0.459493
-0.202134, -0.451895
-0.206610, -0.443055
-0.210991, -0.432959
-0.215264, -0.421598
-0.219418, -0.408968
-0.223440, -0.395069
-0.227316, -0.379907
-0.231034, -0.363492
-0.234581, -0.345842
-0.237946, -0.326978
-0.241117, -0.306927
-0.244081, -0.285722
-0.246828, -0.263399
-0.249345, -0.240000
-0.251624, -0.215573
-0.253654, -0.190167
-0.255424, -0.163837
-0.256927, -0.136639
-0.258155, -0.108635
-0.259098, -0.079888
-0.259750, -0.050463
-0.260105, -0.020427
-0.260157, 0.010150
-0.259900, 0.041200
-0.259331, 0.072649
-0.258446, 0.104427
-0.257242, 0.136461
-0.255716, 0.168678
-0.253868, 0.201003
-0.251696, 0.233365
-0.249201, 0.265689
-0.246383, 0.297902
-0.243244, 0.329929
-0.239785, 0.361697
-0.236011, 0.393133
-0.231924, 0.424164
-0.227529, 0.454715
-0.222831, 0.484715
-0.217837, 0.514091
-0.212552, 0.542772
-0.206984, 0.570685
-0.201141, 0.597760
-0.195032, 0.623929
-0.188666, 0.649122
-0.182053, 0.673274
-0.175204, 0.696320
-0.168130, 0.718197
-0.160844, 0.738845
-0.153358, 0.758208
-0.145684, 0.776231
-0.137838, 0.792864
-0.129832, 0.808062
-0.121681, 0.821783
-0.113401, 0.833990
-0.105007, 0.844653
-0.096513, 0.853745
-0.087937, 0.861245
-0.079294, 0.867140
-0.070600, 0.871420
-0.061871, 0.874083
-0.053123, 0.875132
-0.044374, 0.874577
-0.035637, 0.872433
-0.026930, 0.868720
-0.018268, 0.863463
-0.009666, 0.856695
-0.001139, 0.848449
0.007298, 0.838767
0.015632, 0.827691
0.023848, 0.815269
0.031933, 0.801551
0.039875, 0.786591
0.047661, 0.770445
0.055280, 0.753171
0.062721, 0.734829
0.069973, 0.715482
0.077027, 0.695192
0.083874, 0.674026
0.090505, 0.652048
0.096912, 0.629326
0.103089, 0.605930
0.109029, 0.581927
0.114726, 0.557389
0.120175, 0.532386
0.125372, 0.506991
0.130314, 0.481275
0.134997, 0.455314
0.139420, 0.429181
0.143580, 0.402951
0.147479, 0.376699
0.151114, 0.350502
0.154489, 0.324435
0.157604, 0.298574
0.160461, 0.272996
0.163065, 0.247775
0.165418, 0.222987
0.167526, 0.198702
0.169394, 0.174994
0.171028, 0.151931
0.172435, 0.129579
0.173623, 0.108002
0.174598, 0.087258
0.175371, 0.067403
0.175949, 0.048486
0.176344, 0.030552
0.176564, 0.013641
0.176620, -0.002215
0.176523, -0.016989
0.176284, -0.030662
0.175914, -0.043220
0.175423, -0.054657
0.174824, -0.064973
0.174128, -0.074174
0.173344, -0.082273
0.172486, -0.089289
0.171562, -0.095246
0.170584, -0.100172
0.169562, -0.104102
0.168505, -0.107070
0.167424, -0.109118
0.166326, -0.110288
0.165221, -0.110625
0.164116, -0.110174
0.163020, -0.108983
0.161939, -0.107098
0.160880, -0.104568
0.159849, -0.101439
0.158853, -0.097757
0.157896, -0.093569
0.156983, -0.088919
0.156119, -0.083850
0.155307, -0.078405
0.154552, -0.072624
0.153856, -0.066547
0.153222, -0.060213
0.152652, -0.053659
0.152149, -0.046922
0.151714, -0.040036
0.151349, -0.033037
0.151054, -0.025960
0.150830, -0.018839
0.150677, -0.011707
0.150596, -0.004601
0.150585, 0.002447
0.150644, 0.009400
0.150773, 0.016222
0.150968, 0.022877
0.151229, 0.029325
0.151554, 0.035528
0.151939, 0.041444
0.152382, 0.047032
0.152878, 0.052247
0.153425, 0.057045
0.154018, 0.061379
0.154651, 0.065202
0.155320, 0.068465
0.156018, 0.071118
0.156740, 0.073112
0.157478, 0.074397
0.158225, 0.074922
0.158974, 0.074640
0.159715, 0.073502
0.160441, 0.071462
0.161141, 0.068478
0.161807, 0.064510
0.162428, 0.059520
0.162994, 0.053479
0.163494, 0.046357
0.163918, 0.038135
0.164253, 0.028796
0.164490, 0.018332
0.164616, 0.006740
0.164621, -0.005975
0.164493, -0.019802
0.164221, -0.034722
0.163795, -0.050709
0.163204, -0.067732
0.162437, -0.085752
0.161485, -0.104725
0.160339, -0.124599
0.158991, -0.145321
0.157430, -0.166830
0.155652, -0.189062
0.153647, -0.211951
0.151411, -0.235427
0.148937, -0.259417
0.146221, -0.283848
0.143259, -0.308644
0.140047, -0.333730
0.136583, -0.359029
0.132866, -0.384463
0.128894, -0.409957
0.124667, -0.435434
0.120185, -0.460818
0.115451, -0.486034
0.110466, -0.511008
0.105232, -0.535666
0.099754, -0.559936
0.094035, -0.583745
0.088080, -0.607023
0.081896, -0.629701
0.075489, -0.651709
0.068864, -0.672980
0.062032, -0.693447
0.054998, -0.713044
0.047774, -0.731708
0.040368, -0.749375
0.032790, -0.765984
0.025052, -0.781476
0.017164, -0.795793
0.009140, -0.808878
0.000991, -0.820680
-0.007269, -0.831148
-0.015627, -0.840234
-0.024069, -0.847896
-0.032580, -0.854092
-0.041146, -0.858787
-0.049751, -0.861950
-0.058380, -0.863555
-0.067017, -0.863580
-0.075646, -0.862010
-0.084252, -0.858834
-0.092817, -0.854049
-0.101327, -0.847654
-0.109765, -0.839660
-0.118115, -0.830078
-0.126361, -0.818928
-0.134489, -0.806235
-0.142481, -0.792030
-0.150324, -0.776349
-0.158003, -0.759232
-0.165504, -0.740725
-0.172813, -0.720877
-0.179918, -0.699742
-0.186804, -0.677375
-0.193461, -0.653838
-0.199877, -0.629192
-0.206041, -0.603503
-0.211944, -0.576836
-0.217575, -0.549259
-0.222926, -0.520843
-0.227989, -0.491658
-0.232757, -0.461775
-0.237223, -0.431267
-0.241381, -0.400205
-0.245225, -0.368663
-0.248753, -0.336715
-0.251959, -0.304433
-0.254840, -0.271891
-0.257396, -0.239163
-0.259623, -0.206322
-0.261522, -0.173444
-0.263092, -0.140600
-0.264334, -0.107865
-0.265250, -0.075312
-0.265842, -0.043015
-0.266112, -0.011046
-0.266064, 0.020522
-0.265703, 0.051618
-0.265033, 0.082172
-0.264061, 0.112113
-0.262793, 0.141374
-0.261236, 0.169889
-0.259398, 0.197593
-0.257287, 0.224424
-0.254913, 0.250324
-0.252284, 0.275237
-0.249412, 0.299111
-0.246306, 0.321897
-0.242977, 0.343552
-0.239438, 0.364036
-0.235701, 0.383314
-0.231776, 0.401356
-0.227678, 0.418140
-0.223418, 0.433645
-0.219009, 0.447858
-0.214465, 0.460771
-0.209798, 0.472380
-0.205022, 0.482689
-0.200149, 0.491704
-0.195192, 0.499436
-0.190164, 0.505902
-0.185078, 0.511122
-0.179946, 0.515119
-0.174780, 0.517920
-0.169591, 0.519555
-0.164392, 0.520055
-0.159194, 0.519455
-0.154007, 0.517791
-0.148841, 0.515100
-0.143708, 0.511420
-0.138616, 0.506792
-0.133575, 0.501255
-0.128594, 0.494851
-0.123681, 0.487620
-0.118844, 0.479605
-0.114091, 0.470848
-0.109430, 0.461391
-0.104866, 0.451279
-0.100406, 0.440555
-0.096057, 0.429263
-0.091823, 0.417450
-0.087709, 0.405162
-0.083721, 0.392446
-0.079861, 0.379353
-0.076135, 0.365932
-0.072544, 0.352237
-0.069091, 0.338323
-0.065778, 0.324245
-0.062606, 0.310062
-0.059577, 0.295836
-0.056689, 0.281630
-0.053944, 0.267511
-0.051339, 0.253545
-0.048872, 0.239803
-0.046542, 0.226358
-0.044344, 0.213283
-0.042274, 0.200652
-0.040329, 0.188543
-0.038502, 0.177030
-0.036786, 0.166190
-0.035175, 0.156097
-0.033661, 0.146822
-0.032236, 0.138438
-0.030890, 0.131008
-0.029612, 0.124595
-0.028394, 0.119254
-0.027224, 0.115036
-0.026089, 0.111982
-0.024980, 0.110128
-0.023883, 0.109497
-0.022786, 0.110109
-0.021676, 0.111969
-0.020542, 0.115076
-0.019371, 0.119417
-0.018150, 0.124973
-0.016867, 0.131713
-0.015512, 0.139598
-0.014072, 0.148582
-0.012537, 0.158611
-0.010896, 0.169626
-0.009141, 0.181562
-0.007262, 0.194348
-0.005252, 0.207912
-0.003102, 0.222178
-0.000806, 0.237066
0.001642, 0.252499
0.004246, 0.268397
0.007011, 0.284680
0.009940, 0.301270
0.013037, 0.318090
0.016303, 0.335064
0.019738, 0.352116
0.023345, 0.369177
0.027122, 0.386175
0.031068, 0.403043
0.035182, 0.419715
0.039461, 0.436129
0.043903, 0.452221
0.048505, 0.467934
0.053261, 0.483210
0.058167, 0.497993
0.063219, 0.512228
0.068410, 0.525862
0.073734, 0.538845
0.079184, 0.551125
0.084754, 0.562653
0.090435, 0.573380
0.096219, 0.583258
0.102097, 0.592241
0.108060, 0.600282
0.114099, 0.607337
0.120204, 0.613361
0.126363, 0.618311
0.132566, 0.622147
0.138802, 0.624827
0.145059, 0.626313
0.151324, 0.626570
0.157586, 0.625565
0.163831, 0.623265
0.170047, 0.619644
0.176219, 0.614677
0.182336, 0.608345
0.188382, 0.600631
0.194344, 0.591524
0.200208, 0.581018
0.205959, 0.569110
0.211585, 0.555806
0.217071, 0.541114
0.222403, 0.525049
0.227567, 0.507631
0.232551, 0.488886
0.237341, 0.468845
0.241924, 0.447543
0.246288, 0.425022
0.250420, 0.401326
0.254310, 0.376506
0.257947, 0.350615
0.261319, 0.323709
0.264418, 0.295848
0.267233, 0.267096
0.269757, 0.237517
0.271981, 0.207178
0.273898, 0.176147
0.275502, 0.144496
0.276786, 0.112294
0.277746, 0.079614
0.278377, 0.046528
0.278676, 0.013110
0.278638, -0.020568
0.278264, -0.054431
0.277550, -0.088405
0.276495, -0.122417
0.275101, -0.156393
0.273368, -0.190258
0.271297, -0.223938
0.268890, -0.257360
0.266151, -0.290450
0.263082, -0.323133
0.259690, -0.355337
0.255977, -0.386987
0.251952, -0.418012
0.247620, -0.448338
0.242988, -0.477894
0.238064, -0.506610
0.232859, -0.534416
0.227379, -0.561244
0.221637, -0.587028
0.215643, -0.611704
0.209407, -0.635211
0.202942, -0.657489
0.196261, -0.678484
0.189377, -0.698145
0.182303, -0.716422
0.175053, -0.733275
0.167643, -0.748664
0.160085, -0.762557
0.152396, -0.774926
0.144592, -0.785749
0.136687, -0.795009
0.128697, -0.802698
0.120638, -0.808809
0.112526, -0.813345
0.104376, -0.816313
0.096205, -0.817725
0.088027, -0.817599
0.079858, -0.815959
0.071713, -0.812831
0.063606, -0.808249
0.055553, -0.802249
0.047566, -0.794870
0.039660, -0.786156
0.031847, -0.776153
0.024141, -0.764910
0.016553, -0.752479
0.009095, -0.738912
0.001778, -0.724266
-0.005387, -0.708598
-0.012391, -0.691966
-0.019223, -0.674430
-0.025876, -0.656051
-0.032342, -0.636893
-0.038612, -0.617019
-0.044680, -0.596494
-0.050540, -0.575384
-0.056186, -0.553757
-0.061614, -0.531682
-0.066818, -0.509229
-0.071797, -0.486469
-0.076547, -0.463475
-0.081066, -0.440321
-0.085353, -0.417081
-0.089408, -0.393833
-0.093230, -0.370654
-0.096821, -0.347621
-0.100183, -0.324813
-0.103318, -0.302310
-0.106231, -0.280189
-0.108924, -0.258528
-0.111403, -0.237406
-0.113674, -0.216896
-0.115743, -0.197072
-0.117618, -0.178005
-0.119306, -0.159761
-0.120816, -0.142401
-0.122157, -0.125985
-0.123339, -0.110564
-0.124372, -0.096182
-0.125266, -0.082881
-0.126033, -0.070691
-0.126684, -0.059636
-0.127230, -0.049734
-0.127683, -0.040992
-0.128054, -0.033411
-0.128355, -0.026985
-0.128597, -0.021698
-0.128792, -0.017528
-0.128951, -0.014448
-0.129085, -0.012422
-0.129203, -0.011410
-0.129316, -0.011368
-0.129433, -0.012247
-0.129564, -0.013995
-0.129716, -0.016556
-0.129898, -0.019875
-0.130116, -0.023894
-0.130378, -0.028555
-0.130689, -0.033799
-0.131055, -0.039568
-0.131482, -0.045805
-0.131973, -0.052455
-0.132532, -0.059463
-0.133163, -0.066776
-0.133869, -0.074343
-0.134651, -0.082116
-0.135511, -0.090046
-0.136452, -0.098089
-0.137473, -0.106201
-0.138576, -0.114340
-0.139760, -0.122466
-0.141025, -0.130539
-0.142371, -0.138521
-0.143795, -0.146375
-0.145298, -0.154066
-0.146876, -0.161557
-0.148528, -0.168813
-0.150251, -0.175799
-0.152043, -0.182479
-0.153900, -0.188818
-0.155818, -0.194780
-0.157794, -0.200329
-0.159823, -0.205426
-0.161901, -0.210036
-0.164022, -0.214117
-0.166181, -0.217633
-0.168373, -0.220542
-0.170590, -0.222803
-0.172826, -0.224377
-0.175075, -0.225220
-0.177328, -0.225292
-0.179578, -0.224552
-0.181816, -0.222959
-0.184034, -0.220474
-0.186223, -0.217057
-0.188372, -0.212675
-0.190473, -0.207291
-0.192515, -0.200876
-0.194487, -0.193402
-0.196379, -0.184845
-0.198180, -0.175187
-0.199879, -0.164411
-0.201465, -0.152509
-0.202926, -0.139477
-0.204250, -0.125317
-0.205428, -0.110036
-0.206447, -0.093648
-0.207297, -0.076173
-0.207967, -0.057636
-0.208447, -0.038069
-0.208725, -0.017508
-0.208794, 0.004003
-0.208642, 0.026419
-0.208263, 0.049686
-0.207646, 0.073750
-0.206785, 0.098551
-0.205673, 0.124026
-0.204303, 0.150109
-0.202669, 0.176734
-0.200766, 0.203829
-0.198591, 0.231323
-0.196139, 0.259145
-0.193407, 0.287220
-0.190394, 0.315476
-0.187097, 0.343836
-0.183517, 0.372227
-0.179653, 0.400574
-0.175506, 0.428803
-0.171077, 0.456840
-0.166370, 0.484611
-0.161386, 0.512043
-0.156130, 0.539062
-0.150607, 0.565597
-0.144820, 0.591575
-0.138777, 0.616926
-0.132484, 0.641579
-0.125948, 0.665465
-0.119178, 0.688516
-0.112181, 0.710663
-0.104968, 0.731841
-0.097548, 0.751984
-0.089932, 0.771030
-0.082131, 0.788918
-0.074157, 0.805588
-0.066023, 0.820984
-0.057742, 0.835053
-0.049327, 0.847745
-0.040792, 0.859012
-0.032152, 0.868811
-0.023421, 0.877106
-0.014615, 0.883861
-0.005749, 0.889049
0.003161, 0.892645
0.012099, 0.894633
0.021048, 0.895000
0.029993, 0.893740
0.038918, 0.890853
0.047805, 0.886346
0.056639, 0.880229
0.065404, 0.872520
0.074085, 0.863244
0.082664, 0.852429
0.091128, 0.840109
0.099461, 0.826323
0.107650, 0.811114
0.115679, 0.794531
0.123536, 0.776623
0.131207, 0.757447
0.138681, 0.737060
0.145945, 0.715523
0.152988, 0.692897
0.159799, 0.669248
0.166370, 0.644642
0.172689, 0.619147
0.178750, 0.592831
0.184543, 0.565765
0.190063, 0.538019
0.195302, 0.509665
0.200254, 0.480775
0.204916, 0.451420
0.209281, 0.421674
0.213348, 0.391610
0.217113, 0.361302
0.220573, 0.330822
0.223729, 0.300244
0.226578, 0.269643
0.229122, 0.239091
0.231361, 0.208664
0.233296, 0.178433
0.234930, 0.148471
0.236266, 0.118852
0.237309, 0.089646
0.238061, 0.060924
0.238529, 0.032755
0.238718, 0.005206
0.238635, -0.021658
0.238287, -0.047773
0.237682, -0.073081
0.236829, -0.097524
0.235735, -0.121049
0.234411, -0.143606
0.232866, -0.165152
0.231111, -0.185645
0.229157, -0.205051
0.227014, -0.223339
0.224694, -0.240485
0.222208, -0.256470
0.219569, -0.271280
0.216787, -0.284907
0.213874, -0.297349
0.210844, -0.308607
0.207706, -0.318690
0.204474, -0.327609
0.201158, -0.335382
0.197770, -0.342029
0.194321, -0.347574
0.190822, -0.352045
0.187283, -0.355471
0.183716, -0.357886
0.180129, -0.359323
0.176533, -0.359818
0.172936, -0.359408
0.169347, -0.358131
0.165776, -0.356025
0.162229, -0.353129
0.158716, -0.349480
0.155242, -0.345119
0.151816, -0.340083
0.148443, -0.334411
0.145129, -0.328141
0.141882, -0.321310
0.138705, -0.313957
0.135604, -0.306120
0.132584, -0.297836
0.129649, -0.289143
0.126802, -0.280081
0.124048, -0.270689
0.121390, -0.261007
0.118829, -0.251077
0.116369, -0.240940
0.114011, -0.230640
0.111756, -0.220224
0.109606, -0.209738
0.107562, -0.199233
0.105622, -0.188759
0.103786, -0.178370
0.102054, -0.168122
0.100423, -0.158073
0.098892, -0.148283
0.097456, -0.138814
0.096114, -0.129731
0.094860, -0.121098
0.093690, -0.112982
0.092599, -0.105451
0.091579, -0.098572
0.090625, -0.092411
0.089728, -0.087036
0.088881, -0.082509
0.088075, -0.078891
0.087300, -0.076242
0.086547, -0.074614
0.085804, -0.074055
0.085062, -0.074607
0.084308, -0.076306
0.083532, -0.079181
0.082721, -0.083250
0.081863, -0.088527
0.080946, -0.095013
0.079959, -0.102703
0.078888, -0.111582
0.077723, -0.121627
0.076452, -0.132805
0.075063, -0.145078
0.073547, -0.158397
0.071892, -0.172710
0.070090, -0.187956
0.068130, -0.204070
0.066005, -0.220982
0.063708, -0.238620
0.061231, -0.256907
0.058568, -0.275766
0.055714, -0.295117
0.052664, -0.314879
0.049415, -0.334974
0.045964, -0.355319
0.042308, -0.375837
0.038447, -0.396449
0.034379, -0.417077
0.030106, -0.437647
0.025627, -0.458085
0.020945, -0.478318
0.016061, -0.498276
0.010980, -0.517891
0.005705, -0.537096
0.000240, -0.555824
-0.005410, -0.574014
-0.011238, -0.591601
-0.017240, -0.608527
-0.023407, -0.624730
-0.029732, -0.640153
-0.036207, -0.654738
-0.042823, -0.668431
-0.049572, -0.681175
-0.056444, -0.692919
-0.063427, -0.703609
-0.070512, -0.713195
-0.077687, -0.721628
-0.084941, -0.728862
-0.092260, -0.734850
-0.099633, -0.739550
-0.107047, -0.742923
-0.114487, -0.744930
-0.121941, -0.745538
-0.129393, -0.744717
-0.136830, -0.742441
-0.144237, -0.738688
-0.151599, -0.733441
-0.158901, -0.726687
-0.166128, -0.718421
-0.173264, -0.708641
-0.180296, -0.697350
-0.187206, -0.684560
-0.193982, -0.670285
-0.200607, -0.654547
-0.207068, -0.637373
-0.213350, -0.618795
-0.219439, -0.598851
-0.225323, -0.577582
-0.230987, -0.555037
-0.236419, -0.531265
-0.241608, -0.506321
-0.246542, -0.480264
-0.251210, -0.453154
-0.255602, -0.425056
-0.259708, -0.396036
-0.263520, -0.366160
-0.267028, -0.335500
-0.270227, -0.304125
-0.273109, -0.272106
-0.275667, -0.239518
-0.277898, -0.206432
-0.279795, -0.172922
-0.281355, -0.139061
-0.282575, -0.104925
-0.283453, -0.070585
-0.283986, -0.036118
-0.284175, -0.001597
-0.284018, 0.032904
-0.283517, 0.067311
-0.282673, 0.101548
-0.281487, 0.135544
-0.279963, 0.169222
-0.278104, 0.202511
-0.275914, 0.235335
-0.273399, 0.267622
-0.270564, 0.299300
-0.267415, 0.330296
-0.263960, 0.360540
-0.260207, 0.389962
-0.256164, 0.418495
-0.251840, 0.446070
-0.247246, 0.472625
-0.242391, 0.498098
-0.237288, 0.522430
-0.231947, 0.545566
-0.226381, 0.567453
-0.220602, 0.588044
-0.214624, 0.607296
-0.208461, 0.625171
-0.202126, 0.641636
-0.195633, 0.656661
-0.188997, 0.670225
-0.182233, 0.682311
-0.175356, 0.692907
-0.168380, 0.702008
-0.161321, 0.709613
-0.154193, 0.715729
-0.147011, 0.720366
-0.139790, 0.723539
-0.132545, 0.725269
-0.125290, 0.725580
-0.118038, 0.724501
-0.110804, 0.722065
-0.103601, 0.718307
-0.096442, 0.713266
-0.089340, 0.706983
-0.082307, 0.699501
-0.075354, 0.690867
-0.068493, 0.681128
-0.061735, 0.670332
-0.055090, 0.658530
-0.048567, 0.645774
-0.042177, 0.632117
-0.035928, 0.617613
-0.029828, 0.602317
-0.023884, 0.586285
-0.018104, 0.569576
-0.012495, 0.552248
-0.007061, 0.534361
-0.001809, 0.515978
0.003257, 0.497161
0.008133, 0.477976
0.012816, 0.458490
0.017302, 0.438770
0.021590, 0.418888
0.025679, 0.398916
0.029569, 0.378927
0.033258, 0.358998
0.036749, 0.339206
0.040043, 0.319629
0.043143, 0.300348
0.046051, 0.281441
0.048773, 0.262991
0.051313, 0.245076
0.053677, 0.227777
0.055871, 0.211171
0.057903, 0.195332
0.059780, 0.180334
0.061512, 0.166243
0.063108, 0.153124
0.064578, 0.141033
0.065933, 0.130023
0.067182, 0.120137
0.068339, 0.111411
0.069415, 0.103873
0.070421, 0.097544
0.071369, 0.092432
0.072273, 0.088540
0.073144, 0.085859
0.073994, 0.084373
0.074836, 0.084057
0.075679, 0.084879
0.076537, 0.086799
0.077419, 0.089769
0.078336, 0.093738
0.079297, 0.098647
0.080311, 0.104437
0.081388, 0.111043
0.082535, 0.118397
0.083758, 0.126431
0.085066, 0.135077
0.086462, 0.144265
0.087952, 0.153926
0.089542, 0.163992
0.091233, 0.174396
0.093031, 0.185074
0.094936, 0.195963
0.096950, 0.207001
0.099076, 0.218131
0.101313, 0.229296
0.103662, 0.240441
0.106122, 0.251515
0.108692, 0.262468
0.111370, 0.273252
0.114156, 0.283821
0.117046, 0.294130
0.120038, 0.304137
0.123128, 0.313799
0.126312, 0.323075
0.129588, 0.331926
0.132949, 0.340312
0.136392, 0.348194
0.139911, 0.355533
0.143501, 0.362291
0.147155, 0.368429
0.150867, 0.373908
0.154631, 0.378690
0.158439, 0.382736
0.162283, 0.386007
0.166156, 0.388465
0.170049, 0.390072
0.173955, 0.390788
0.177862, 0.390577
0.181763, 0.389403
0.185647, 0.387229
0.189504, 0.384021
0.193324, 0.379748
0.197095, 0.374380
0.200808, 0.367891
0.204449, 0.360255
0.208009, 0.351453
0.211474, 0.341468
0.214834, 0.330288
0.218076, 0.317907
0.221188, 0.304321
0.224159, 0.289533
0.226975, 0.273551
0.229626, 0.256389
0.232099, 0.238066
0.234383, 0.218605
0.236467, 0.198038
0.238340, 0.176398
0.239992, 0.153726
0.241412, 0.130066
0.242590, 0.105467
0.243518, 0.079981
0.244187, 0.053665
0.244589, 0.026579
0.244716, -0.001216
0.244562, -0.029654
0.244121, -0.058668
0.243387, -0.088190
0.242356, -0.118150
0.241023, -0.148477
0.239385, -0.179099
0.237440, -0.209943
0.235186, -0.240935
0.232621, -0.272003
0.229746, -0.303073
0.226560, -0.334072
0.223065, -0.364924
0.219262, -0.395558
0.215155, -0.425899
0.210746, -0.455874
0.206039, -0.485410
0.201039, -0.514436
0.195752, -0.542877
0.190184, -0.570663
0.184341, -0.597723
0.178232, -0.623986
0.171864, -0.649382
0.165247, -0.673844
0.158391, -0.697304
0.151305, -0.719697
0.144001, -0.740958
0.136490, -0.761028
0.128784, -0.779847
0.120897, -0.797359
0.112842, -0.813512
0.104631, -0.828257
0.096281, -0.841549
0.087805, -0.853348
0.079219, -0.863618
0.070538, -0.872329
0.061778, -0.879455
0.052955, -0.884979
0.044084, -0.888886
0.035182, -0.891168
0.026266, -0.891825
0.017351, -0.890860
0.008454, -0.888284
-0.000409, -0.884113
-0.009223, -0.878369
-0.017971, -0.871080
-0.026639, -0.862276
-0.035212, -0.851996
-0.043675, -0.840280
-0.052013, -0.827174
-0.060214, -0.812727
-0.068263, -0.796992
-0.076149, -0.780023
-0.083860, -0.761879
-0.091383, -0.742619
-0.098709, -0.722306
-0.105826, -0.701004
-0.112726, -0.678778
-0.119399, -0.655695
-0.125837, -0.631822
-0.132033, -0.607229
-0.137979, -0.581986
-0.143671, -0.556163
-0.149101, -0.529831
-0.154266, -0.503063
-0.159161, -0.475930
-0.163783, -0.448507
-0.168130, -0.420867
-0.172200, -0.393084
-0.175992, -0.365233
-0.179505, -0.337387
-0.182740, -0.309624
-0.185698, -0.282016
-0.188381, -0.254639
-0.190792, -0.227566
-0.192933, -0.200871
-0.194811, -0.174627
-0.196428, -0.148903
-0.197791, -0.123769
-0.198905, -0.099291
-0.199779, -0.075533
-0.200419, -0.052556
-0.200833, -0.030417
-0.201030, -0.009169
-0.201019, 0.011141
-0.200810, 0.030467
-0.200413, 0.048774
-0.199838, 0.066027
-0.199096, 0.082201
-0.198198, 0.097275
-0.197155, 0.111234
-0.195977, 0.124072
-0.194677, 0.135785
-0.193265, 0.146378
-0.191753, 0.155860
-0.190152, 0.164247
-0.188472, 0.171557
-0.186724, 0.177815
-0.184919, 0.183050
-0.183066, 0.187294
-0.181176, 0.190581
-0.179258, 0.192949
-0.177320, 0.194437
-0.175372, 0.195085
-0.173421, 0.194937
-0.171476, 0.194033
-0.169543, 0.192417
-0.167629, 0.190131
-0.165742, 0.187219
-0.163887, 0.183720
-0.162070, 0.179677
-0.160295, 0.175130
-0.158569, 0.170118
-0.156894, 0.164679
-0.155276, 0.158851
-0.153718, 0.152672
-0.152224, 0.146176
-0.150796, 0.139400
-0.149437, 0.132379
-0.148149, 0.125147
-0.146934, 0.117740
-0.145795, 0.110193
-0.144731, 0.102540
-0.143744, 0.094819
-0.142835, 0.087065
-0.142003, 0.079316
-0.141248, 0.071611
-0.140570, 0.063991
-0.139968, 0.056497
-0.139440, 0.049173
-0.138984, 0.042064
-0.138598, 0.035216
-0.138278, 0.028678
-0.138023, 0.022500
-0.137827, 0.016735
-0.137686, 0.011436
-0.137596, 0.006657
-0.137551, 0.002454
-0.137545, -0.001117
-0.137571, -0.003999
-0.137623, -0.006138
-0.137692, -0.007478
-0.137770, -0.007966
-0.137848, -0.007550
-0.137917, -0.006183
-0.137968, -0.003821
-0.137990, -0.000422
-0.137973, 0.004047
-0.137906, 0.009618
-0.137777, 0.016311
-0.137576, 0.024146
-0.137290, 0.033129
-0.136909, 0.043264
-0.136421, 0.054545
-0.135815, 0.066957
-0.135078, 0.080481
-0.134201, 0.095086
-0.133173, 0.110739
-0.131983, 0.127394
-0.130622, 0.145005
-0.129080, 0.163517
-0.127349, 0.182869
-0.125420, 0.202999
-0.123286, 0.223837
-0.120941, 0.245313
-0.118378, 0.267353
-0.115593, 0.289882
-0.112579, 0.312823
-0.109335, 0.336098
-0.105857, 0.359629
-0.102142, 0.383337
-0.098189, 0.407144
-0.093999, 0.430974
-0.089570, 0.454749
-0.084904, 0.478394
-0.080003, 0.501834
-0.074869, 0.524995
-0.069504, 0.547806
-0.063914, 0.570194
-0.058102, 0.592091
-0.052074, 0.613427
-0.045836, 0.634135
-0.039394, 0.654148
-0.032755, 0.673402
-0.025928, 0.691831
-0.018921, 0.709375
-0.011744, 0.725970
-0.004405, 0.741557
0.003084, 0.756078
0.010712, 0.769475
0.018469, 0.781694
0.026342, 0.792682
0.034319, 0.802388
0.042386, 0.810764
0.050529, 0.817766
0.058736, 0.823352
0.066992, 0.827484
0.075281, 0.830129
0.083589, 0.831256
0.091901, 0.830842
0.100201, 0.828867
0.108473, 0.825316
0.116702, 0.820180
0.124871, 0.813458
0.132966, 0.805150
0.140969, 0.795267
0.148866, 0.783822
0.156640, 0.770836
0.164277, 0.756336
0.171762, 0.740352
0.179080, 0.722922
0.186216, 0.704088
0.193157, 0.683895
0.199889, 0.662393
0.206401, 0.639638
0.212678, 0.615687
0.218710, 0.590601
0.224487, 0.564443
0.229996, 0.537277
0.235229, 0.509173
0.240177, 0.480198
0.244830, 0.450424
0.249183, 0.419920
0.253226, 0.388760
0.256956, 0.357016
0.260365, 0.324760
0.263450, 0.292067
0.266205, 0.259010
0.268629, 0.225662
0.270718, 0.192099
0.272470, 0.158393
0.273885, 0.124618
0.274963, 0.090849
0.275703, 0.057160
0.276106, 0.023624
0.276176, -0.009685
0.275914, -0.042693
0.275323, -0.075328
0.274409, -0.107517
0.273175, -0.139188
0.271627, -0.170270
0.269771, -0.200693
0.267615, -0.230387
0.265166, -0.259287
0.262433, -0.287326
0.259423, -0.314442
0.256147, -0.340575
0.252615, -0.365668
0.248837, -0.389667
0.244825, -0.412521
0.240591, -0.434186
0.236146, -0.454620
0.231503, -0.473787
0.226674, -0.491654
0.221674, -0.508196
0.216515, -0.523392
0.211211, -0.537226
0.205775, -0.549689
0.200221, -0.560775
0.194564, -0.570486
0.188816, -0.578826
0.182992, -0.585807
0.177105, -0.591444
0.171168, -0.595756
0.165194, -0.598765
0.159196, -0.600499
0.153188, -0.600988
0.147181, -0.600264
0.141187, -0.598362
0.135217, -0.595320
0.129284, -0.591175
0.123397, -0.585970
0.117568, -0.579744
0.111806, -0.572542
0.106120, -0.564407
0.100521, -0.555383
0.095015, -0.545516
0.089613, -0.534852
0.084321, -0.523438
0.079146, -0.511321
0.074097, -0.498551
0.069177, -0.485177
0.064395, -0.471250
0.059754, -0.456821
0.055260, -0.441945
0.050917, -0.426676
0.046728, -0.411072
0.042696, -0.395191
0.038824, -0.379095
0.035115, -0.362845
0.031568, -0.346509
0.028185, -0.330152
0.024965, -0.313845
0.021907, -0.297660
0.019011, -0.281671
0.016273, -0.265953
0.013691, -0.250583
0.011260, -0.235640
0.008976, -0.221202
0.006834, -0.207349
0.004827, -0.194157
0.002948, -0.181706
0.001190, -0.170067
-0.000456, -0.159315
-0.001999, -0.149515
-0.003450, -0.140731
-0.004818, -0.133020
-0.006114, -0.126432
-0.007350, -0.121010
-0.008538, -0.116790
-0.009690, -0.113796
-0.010818, -0.112047
-0.011935, -0.111549
-0.013053, -0.112300
-0.014185, -0.114289
-0.015343, -0.117494
-0.016539, -0.121886
-0.017785, -0.127426
-0.019091, -0.134068
-0.020470, -0.141760
-0.021930, -0.150441
-0.023481, -0.160048
-0.025134, -0.170512
-0.026894, -0.181761
-0.028771, -0.193720
-0.030771, -0.206314
-0.032899, -0.219466
-0.035162, -0.233098
-0.037563, -0.247134
-0.040106, -0.261498
-0.042793, -0.276116
-0.045628, -0.290914
-0.048612, -0.305823
-0.051745, -0.320775
-0.055027, -0.335701
-0.058459, -0.350540
-0.062038, -0.365229
-0.065763, -0.379710
-0.069631, -0.393924
-0.073640, -0.407817
-0.077786, -0.421335
-0.082065, -0.434428
-0.086473, -0.447044
-0.091005, -0.459136
-0.095654, -0.470655
-0.100416, -0.481556
-0.105283, -0.491792
-0.110249, -0.501319
-0.115307, -0.510092
-0.120448, -0.518068
-0.125665, -0.525204
-0.130949, -0.531456
-0.136291, -0.536785
-0.141682, -0.541147
-0.147111, -0.544503
-0.152568, -0.546813
-0.158044, -0.548040
-0.163525, -0.548147
-0.169003, -0.547099
-0.174463, -0.544863
-0.179896, -0.541410
-0.185288, -0.536711
-0.190626, -0.530744
-0.195898, -0.523487
-0.201091, -0.514925
-0.206192, -0.505044
-0.211188, -0.493838
-0.216065, -0.481304
-0.220809, -0.467445
-0.225409, -0.452267
-0.229850, -0.435786
-0.234120, -0.418018
-0.238207, -0.398988
-0.242096, -0.378726
-0.245777, -0.357265
-0.249238, -0.334644
-0.252466, -0.310908
-0.255452, -0.286103
-0.258185, -0.260283
-0.260655, -0.233503
-0.262852, -0.205822
-0.264768, -0.177300
-0.266395, -0.148002
-0.267726, -0.117995
-0.268753, -0.087346
-0.269471, -0.056124
-0.269874, -0.024400
-0.269957, 0.007753
-0.269718, 0.040266
-0.269151, 0.073063
-0.268256, 0.106073
-0.267029, 0.139221
-0.265471, 0.172434
-0.263581, 0.205639
-0.261359, 0.238761
-0.258806, 0.271726
-0.255925, 0.304461
-0.252718, 0.336893
-0.249188, 0.368946
-0.245340, 0.400549
-0.241179, 0.431627
-0.236710, 0.462109
-0.231939, 0.491920
-0.226874, 0.520991
-0.221522, 0.549249
-0.215892, 0.576625
-0.209993, 0.603050
-0.203834, 0.628457
-0.197427, 0.652780
-0.190782, 0.675956
-0.183912, 0.697924
-0.176828, 0.718627
-0.169544, 0.738011
-0.162072, 0.756023
-0.154428, 0.772619
-0.146625, 0.787756
-0.138678, 0.801396
-0.130602, 0.813507
-0.122413, 0.824064
-0.114126, 0.833045
-0.105757, 0.840434
-0.097323, 0.846223
-0.088838, 0.850408
-0.080320, 0.852993
-0.071784, 0.853984
-0.063246, 0.853398
-0.054721, 0.851252
-0.046226, 0.847573
-0.037775, 0.842389
-0.029383, 0.835735
-0.021065, 0.827649
-0.012834, 0.818173
-0.004706, 0.807354
0.003308, 0.795240
0.011195, 0.781883
0.018942, 0.767337
0.026538, 0.751658
0.033972, 0.734906
0.041233, 0.717139
0.048311, 0.698420
0.055198, 0.678811
0.061885, 0.658378
0.068363, 0.637186
0.074626, 0.615301
0.080667, 0.592791
0.086480, 0.569726
0.092060, 0.546175
0.097402, 0.522210
0.102503, 0.497902
0.107359, 0.473324
0.111969, 0.448550
0.116330, 0.423656
0.120442, 0.398717
0.124304, 0.373809
0.127918, 0.349010
0.131285, 0.324397
0.134407, 0.300046
0.137287, 0.276035
0.139929, 0.252441
0.142338, 0.229338
0.144518, 0.206799
0.146476, 0.184898
0.148218, 0.163702
0.149752, 0.143277
0.151087, 0.123685
0.152229, 0.104984
0.153189, 0.087227
0.153977, 0.070460
0.154602, 0.054724
0.155075, 0.040054
0.155407, 0.026478
0.155608, 0.014016
0.155691, 0.002681
0.155666, -0.007519
0.155544, -0.016586
0.155338, -0.024529
0.155057, -0.031361
0.154714, -0.037103
0.154319, -0.041783
0.153882, -0.045432
0.153414, -0.048088
0.152923, -0.049791
0.152421, -0.050585
0.151915, -0.050518
0.151413, -0.049638
0.150924, -0.047997
0.150455, -0.045646
0.150014, -0.042636
0.149605, -0.039021
0.149235, -0.034851
0.148909, -0.030177
0.148633, -0.025049
0.148410, -0.019516
0.148244, -0.013624
0.148138, -0.007419
0.148096, -0.000944
0.148120, 0.005757
0.148212, 0.012644
0.148374, 0.019677
0.148606, 0.026818
0.148910, 0.034031
0.149287, 0.041278
0.149736, 0.048524
0.150257, 0.055735
0.150850, 0.062876
0.151514, 0.069913
0.152248, 0.076811
0.153050, 0.083536
0.153918, 0.090052
0.154850, 0.096323
0.155844, 0.102314
0.156895, 0.107986
0.158002, 0.113301
0.159160, 0.118220
0.160365, 0.122701
0.161612, 0.126702
0.162897, 0.130181
0.164214, 0.133094
0.165557, 0.135396
0.166920, 0.137041
0.168296, 0.137984
0.169677, 0.138179
0.171057, 0.137582
0.172426, 0.136147
0.173777, 0.133832
0.175100, 0.130595
0.176385, 0.126398
0.177624, 0.121205
0.178806, 0.114983
0.179920, 0.107705
0.180956, 0.099346
0.181904, 0.089888
0.182751, 0.079319
0.183486, 0.067630
0.184099, 0.054821
0.184579, 0.040898
0.184914, 0.025872
0.185093, 0.009763
0.185105, -0.007406
0.184941, -0.025603
0.184590, -0.044790
0.184042, -0.064925
0.183289, -0.085959
0.182320, -0.107840
0.181129, -0.130509
0.179708, -0.153907
0.178049, -0.177967
0.176146, -0.202623
0.173995, -0.227804
0.171589, -0.253439
0.168925, -0.279454
0.165999, -0.305776
0.162808, -0.332329
0.159352, -0.359037
0.155627, -0.385826
0.151635, -0.412619
0.147375, -0.439341
0.142849, -0.465917
0.138057, -0.492273
0.133004, -0.518335
0.127692, -0.544030
0.122125, -0.569286
0.116308, -0.594030
0.110246, -0.618192
0.103946, -0.641701
0.097415, -0.664490
0.090659, -0.686489
0.083688, -0.707632
0.076510, -0.727852
0.069134, -0.747086
0.061571, -0.765269
0.053832, -0.782342
0.045928, -0.798243
0.037872, -0.812917
0.029674, -0.826308
0.021350, -0.838365
0.012912, -0.849038
0.004374, -0.858284
-0.004249, -0.866060
-0.012942, -0.872330
-0.021691, -0.877061
-0.030478, -0.880227
-0.039290, -0.881804
-0.048109, -0.881777
-0.056920, -0.880134
-0.065706, -0.876871
-0.074452, -0.871988
-0.083141, -0.865492
-0.091756, -0.857397
-0.100283, -0.847721
-0.108706, -0.836488
-0.117008, -0.823728
-0.125175, -0.809478
-0.133193, -0.793776
-0.141046, -0.776667
-0.148722, -0.758200
-0.156206, -0.738429
-0.163486, -0.717407
-0.170550, -0.695196
-0.177386, -0.671855
-0.183983, -0.647450
-0.190332, -0.622046
-0.196421, -0.595711
-0.202243, -0.568512
-0.207789, -0.540521
-0.213051, -0.511808
-0.218023, -0.482444
-0.222698, -0.452502
-0.227071, -0.422054
-0.231138, -0.391173
-0.234893, -0.359932
-0.238335, -0.328404
-0.241461, -0.296664
-0.244268, -0.264784
-0.246756, -0.232839
-0.248925, -0.200901
-0.250775, -0.169045
-0.252306, -0.137344
-0.253522, -0.105872
-0.254425, -0.074700
-0.255018, -0.043901
-0.255304, -0.013546
-0.255290, 0.016295
-0.254980, 0.045551
-0.254381, 0.074157
-0.253500, 0.102046
-0.252343, 0.129155
-0.250919, 0.155424
-0.249237, 0.180794
-0.247307, 0.205211
-0.245137, 0.228625
-0.242738, 0.250988
-0.240120, 0.272259
-0.237296, 0.292400
-0.234276, 0.311379
-0.231073, 0.329168
-0.227697, 0.345745
-0.224162, 0.361094
-0.220479, 0.375204
-0.216662, 0.388068
-0.212722, 0.399686
-0.208672, 0.410062
-0.204525, 0.419206
-0.200292, 0.427130
-0.195986, 0.433853
-0.191619, 0.439396
-0.187202, 0.443784
-0.182747, 0.447044
-0.178265, 0.449208
-0.173767, 0.450307
-0.169262, 0.450376
-0.164762, 0.449452
-0.160277, 0.447570
-0.155814, 0.444769
-0.151384, 0.441087
-0.146995, 0.436564
-0.142655, 0.431239
-0.138373, 0.425151
-0.134155, 0.418340
-0.130008, 0.410847
-0.125940, 0.402711
-0.121956, 0.393973
-0.118062, 0.384673
-0.114264, 0.374854
-0.110567, 0.364556
-0.106975, 0.353823
-0.103492, 0.342698
-0.100122, 0.331226
-0.096868, 0.319454
-0.093734, 0.307429
-0.090720, 0.295201
-0.087830, 0.282821
-0.085064, 0.270344
-0.082423, 0.257824
-0.079908, 0.245321
-0.077517, 0.232894
-0.075249, 0.220606
-0.073104, 0.208522
-0.071078, 0.196710
-0.069169, 0.185238
-0.067372, 0.174176
-0.065684, 0.163598
-0.064098, 0.153574
-0.062610, 0.144179
-0.061212, 0.135483
-0.059898, 0.127558
-0.058658, 0.120473
-0.057485, 0.114295
-0.056369, 0.109085
-0.055300, 0.104902
-0.054268, 0.101798
-0.053260, 0.099819
-0.052267, 0.099005
-0.051276, 0.099386
-0.050275, 0.100984
-0.049253, 0.103815
-0.048195, 0.107882
-0.047091, 0.113180
-0.045927, 0.119696
-0.044693, 0.127407
-0.043375, 0.136281
-0.041964, 0.146276
-0.040446, 0.157347
-0.038813, 0.169437
-0.037054, 0.182487
-0.035160, 0.196429
-0.033123, 0.211194
-0.030934, 0.226707
-0.028587, 0.242892
-0.026074, 0.259669
-0.023392, 0.276959
-0.020534, 0.294682
-0.017497, 0.312757
-0.014278, 0.331104
-0.010874, 0.349646
-0.007284, 0.368304
-0.003508, 0.387004
0.000456, 0.405671
0.004605, 0.424234
0.008940, 0.442622
0.013457, 0.460769
0.018154, 0.478608
0.023028, 0.496076
0.028074, 0.513110
0.033288, 0.529651
0.038665, 0.545639
0.044199, 0.561017
0.049883, 0.575730
0.055711, 0.589723
0.061675, 0.602941
0.067767, 0.615334
0.073979, 0.626850
0.080301, 0.637437
0.086725, 0.647048
0.093239, 0.655634
0.099834, 0.663148
0.106498, 0.669545
0.113221, 0.674780
0.119990, 0.678813
0.126793, 0.681602
0.133617, 0.683110
0.140451, 0.683303
0.147279, 0.682149
0.154089, 0.679619
0.160867, 0.675688
0.167598, 0.670336
0.174269, 0.663547
0.180864, 0.655310
0.187370, 0.645619
0.193772, 0.634472
0.200055, 0.621875
0.206204, 0.607836
0.212207, 0.592373
0.218047, 0.575505
0.223712, 0.557261
0.229188, 0.537670
0.234461, 0.516772
0.239519, 0.494606
0.244349, 0.471221
0.248940, 0.446666
0.253279, 0.420995
0.257356, 0.394267
0.261161, 0.366542
0.264684, 0.337884
0.267916, 0.308358
0.270848, 0.278031
0.273474, 0.246974
0.275786, 0.215256
0.277777, 0.182948
0.279443, 0.150124
0.280778, 0.116856
0.281779, 0.083217
0.282441, 0.049281
0.282764, 0.015121
0.282743, -0.019187
0.282380, -0.053571
0.281672, -0.087955
0.280621, -0.122267
0.279227, -0.156431
0.277493, -0.190374
0.275421, -0.224021
0.273014, -0.257298
0.270276, -0.290133
0.267213, -0.322451
0.263829, -0.354179
0.260131, -0.385245
0.256127, -0.415577
0.251822, -0.445104
0.247227, -0.473756
0.242350, -0.501466
0.237201, -0.528166
0.231791, -0.553793
0.226129, -0.578286
0.220229, -0.601584
0.214102, -0.623633
0.207761, -0.644381
0.201219, -0.663780
0.194490, -0.681787
0.187588, -0.698365
0.180527, -0.713478
0.173323, -0.727101
0.165990, -0.739209
0.158544, -0.749788
0.151000, -0.758825
0.143373, -0.766317
0.135679, -0.772263
0.127933, -0.776671
0.120150, -0.779551
0.112347, -0.780921
0.104537, -0.780803
0.096735, -0.779223
0.088957, -0.776212
0.081216, -0.771804
0.073525, -0.766038
0.065899, -0.758954
0.058351, -0.750597
0.050892, -0.741014
0.043534, -0.730253
0.036290, -0.718366
0.029171, -0.705405
0.022186, -0.691425
0.015345, -0.676480
0.008659, -0.660630
0.002136, -0.643930
-0.004217, -0.626443
-0.010391, -0.608228
-0.016379, -0.589347
-0.022176, -0.569864
-0.027775, -0.549844
-0.033171, -0.529352
-0.038360, -0.508457
-0.043339, -0.487228
-0.048104, -0.465735
-0.052653, -0.444051
-0.056985, -0.422249
-0.061098, -0.400405
-0.064993, -0.378595
-0.068670, -0.356897
-0.072132, -0.335389
-0.075379, -0.314152
-0.078416, -0.293264
-0.081246, -0.272806
-0.083874, -0.252857
-0.086305, -0.233495
-0.088546, -0.214795
-0.090603, -0.196833
-0.092485, -0.179678
-0.094200, -0.163396
-0.095756, -0.148051
-0.097164, -0.133699
-0.098434, -0.120390
-0.099575, -0.108168
-0.100601, -0.097070
-0.101521, -0.087124
-0.102347, -0.078351
-0.103092, -0.070763
-0.103766, -0.064363
-0.104383, -0.059146
-0.104953, -0.055101
-0.105489, -0.052205
-0.106001, -0.050430
-0.106501, -0.049742
-0.106999, -0.050098
-0.107506, -0.051453
-0.108032, -0.053754
-0.108584, -0.056946
-0.109173, -0.060971
-0.109806, -0.065768
-0.110491, -0.071275
-0.111234, -0.077428
-0.112041, -0.084164
-0.112919, -0.091420
-0.113871, -0.099134
-0.114903, -0.107244
-0.116017, -0.115690
-0.117218, -0.124415
-0.118506, -0.133362
-0.119885, -0.142478
-0.121356, -0.151710
-0.122920, -0.161009
-0.124577, -0.170327
-0.126326, -0.179618
-0.128169, -0.188838
-0.130103, -0.197944
-0.132127, -0.206896
-0.134240, -0.215653
-0.136439, -0.224177
-0.138723, -0.232429
-0.141087, -0.240373
-0.143529, -0.247972
-0.146045, -0.255189
-0.148631, -0.261988
-0.151283, -0.268332
-0.153996, -0.274184
-0.156765, -0.279507
-0.159585, -0.284263
-0.162449, -0.288415
-0.165351, -0.291924
-0.168285, -0.294751
-0.171243, -0.296857
-0.174219, -0.298202
-0.177205, -0.298748
-0.180191, -0.298454
-0.183171, -0.297284
-0.186134, -0.295198
-0.189072, -0.292161
-0.191974, -0.288137
-0.194831, -0.283094
-0.197632, -0.277002
-0.200367, -0.269833
-0.203025, -0.261564
-0.205595, -0.252173
-0.208065, -0.241647
-0.210424, -0.229972
-0.212661, -0.217144
-0.214763, -0.203161
-0.216720, -0.188029
-0.218520, -0.171757
-0.220151, -0.154361
-0.221603, -0.135864
-0.222865, -0.116292
-0.223926, -0.095679
-0.224775, -0.074062
-0.225404, -0.051484
-0.225802, -0.027994
-0.225961, -0.003642
-0.225872, 0.021514
-0.225528, 0.047417
-0.224922, 0.074004
-0.224046, 0.101210
-0.222896, 0.128968
-0.221465, 0.157209
-0.219750, 0.185863
-0.217747, 0.214857
-0.215452, 0.244120
-0.212864, 0.273578
-0.209980, 0.303158
-0.206800, 0.332785
-0.203324, 0.362386
-0.199553, 0.391886
-0.195487, 0.421212
-0.191129, 0.450291
-0.186482, 0.479048
-0.181550, 0.507411
-0.176336, 0.535307
-0.170845, 0.562664
-0.165085, 0.589411
-0.159060, 0.615476
-0.152778, 0.640789
-0.146246, 0.665281
-0.139475, 0.688883
-0.132472, 0.711528
-0.125248, 0.733150
-0.117813, 0.753685
-0.110178, 0.773071
-0.102355, 0.791248
-0.094357, 0.808158
-0.086196, 0.823746
-0.077887, 0.837963
-0.069442, 0.850759
-0.060876, 0.862091
-0.052205, 0.871920
-0.043443, 0.880212
-0.034606, 0.886938
-0.025710, 0.892073
-0.016770, 0.895599
-0.007803, 0.897504
0.001175, 0.897781
0.010147, 0.896429
0.019098, 0.893455
0.028011, 0.888869
0.036870, 0.882688
0.045659, 0.874936
0.054363, 0.865641
0.062967, 0.854835
0.071455, 0.842559
0.079813, 0.828853
0.088028, 0.813765
0.096084, 0.797345
0.103970, 0.779647
0.111673, 0.760728
0.119181, 0.740648
0.126482, 0.719467
0.133567, 0.697251
0.140424, 0.674063
0.147045, 0.649972
0.153421, 0.625044
0.159543, 0.599350
0.165406, 0.572959
0.171001, 0.545942
0.176323, 0.518370
0.181366, 0.490315
0.186127, 0.461851
0.190602, 0.433049
0.194788, 0.403983
0.198681, 0.374727
0.202282, 0.345355
0.205588, 0.315940
0.208601, 0.286557
0.211320, 0.257280
0.213747, 0.228182
0.215884, 0.199337
0.217735, 0.170817
0.219302, 0.142695
0.220590, 0.115042
0.221604, 0.087926
0.222351, 0.061416
0.222835, 0.035576
0.223065, 0.010470
0.223047, -0.013843
0.222791, -0.037307
0.222304, -0.059869
0.221596, -0.081480
0.220678, -0.102097
0.219558, -0.121682
0.218248, -0.140201
0.216758, -0.157625
0.215099, -0.173933
0.213283, -0.189109
0.211320, -0.203140
0.209224, -0.216022
0.207004, -0.227756
0.204672, -0.238347
0.202241, -0.247806
0.199720, -0.256148
0.197121, -0.263394
0.194456, -0.269568
0.191733, -0.274697
0.188965, -0.278810
0.186161, -0.281942
0.183329, -0.284127
0.180481, -0.285401
0.177624, -0.285804
0.174768, -0.285373
0.171919, -0.284148
0.169087, -0.282169
0.166278, -0.279475
0.163500, -0.276105
0.160759, -0.272100
0.158060, -0.267496
0.155410, -0.262333
0.152815, -0.256648
0.150279, -0.250478
0.147807, -0.243860
0.145403, -0.236831
0.143072, -0.229427
0.140816, -0.221683
0.138639, -0.213637
0.136544, -0.205326
0.134533, -0.196786
0.132609, -0.188056
0.130773, -0.179174
0.129026, -0.170182
0.127369, -0.161120
0.125803, -0.152032
0.124329, -0.142963
0.122944, -0.133959
0.121649, -0.125068
0.120442, -0.116343
0.119321, -0.107835
0.118284, -0.099599
0.117328, -0.091692
0.116449, -0.084173
0.115643, -0.077101
0.114906, -0.070537
0.114231, -0.064544
0.113613, -0.059185
0.113045, -0.054521
0.112520, -0.050615
0.112030, -0.047527
0.111566, -0.045316
0.111120, -0.044035
0.110682, -0.043739
0.110242, -0.044473
0.109789, -0.046281
0.109313, -0.049198
0.108801, -0.053254
0.108244, -0.058472
0.107628, -0.064866
0.106943, -0.072444
0.106175, -0.081204
0.105315, -0.091135
0.104349, -0.102221
0.103266, -0.114433
0.102056, -0.127739
0.100708, -0.142096
0.099211, -0.157456
0.097556, -0.173765
0.095733, -0.190961
0.093734, -0.208980
0.091551, -0.227753
0.089176, -0.247206
0.086605, -0.267265
0.083829, -0.287852
0.080846, -0.308888
0.077650, -0.330295
0.074239, -0.351992
0.070610, -0.373900
0.066761, -0.395940
0.062691, -0.418034
0.058400, -0.440105
0.053889, -0.462078
0.049159, -0.483877
0.044212, -0.505431
0.039052, -0.526667
0.033680, -0.547517
0.028103, -0.567910
0.022324, -0.587781
0.016349, -0.607065
0.010185, -0.625695
0.003838, -0.643611
-0.002685, -0.660750
-0.009375, -0.677052
-0.016223, -0.692457
-0.023221, -0.706908
-0.030358, -0.720348
-0.037624, -0.732722
-0.045008, -0.743977
-0.052500, -0.754060
-0.060086, -0.762923
-0.067754, -0.770517
-0.075491, -0.776798
-0.083285, -0.781723
-0.091121, -0.785253
-0.098986, -0.787353
-0.106863, -0.787991
-0.114740, -0.787140
-0.122601, -0.784777
-0.130431, -0.780884
-0.138214, -0.775448
-0.145935, -0.768461
-0.153578, -0.759922
-0.161128, -0.749834
-0.168569, -0.738208
-0.175887, -0.725059
-0.183066, -0.710408
-0.190090, -0.694282
-0.196946, -0.676713
-0.203620, -0.657739
-0.210097, -0.637401
-0.216363, -0.615748
-0.222407, -0.592830
-0.228216, -0.568701
-0.233778, -0.543421
-0.239081, -0.517050
-0.244115, -0.489652
-0.248871, -0.461293
-0.253338, -0.432041
-0.257509, -0.401965
-0.261375, -0.371136
-0.264929, -0.339625
-0.268165, -0.307506
-0.271077, -0.274851
-0.273661, -0.241733
-0.275911, -0.208226
-0.277824, -0.174404
-0.279398, -0.140340
-0.280630, -0.106110
-0.281520, -0.071787
-0.282066, -0.037445
-0.282269, -0.003159
-0.282130, 0.030998
-0.281650, 0.064951
-0.280832, 0.098627
-0.279678, 0.131952
-0.278194, 0.164853
-0.276383, 0.197256
-0.274251, 0.229089
-0.271803, 0.260282
-0.269048, 0.290762
-0.265991, 0.320462
-0.262641, 0.349312
-0.259008, 0.377248
-0.255099, 0.404205
-0.250927, 0.430123
-0.246501, 0.454943
-0.241832, 0.478610
-0.236932, 0.501073
-0.231815, 0.522286
-0.226491, 0.542206
-0.220975, 0.560795
-0.215280, 0.578020
-0.209419, 0.593854
-0.203407, 0.608275
-0.197258, 0.621267
-0.190987, 0.632818
-0.184607, 0.642923
-0.178133, 0.651583
-0.171580, 0.658802
-0.164962, 0.664591
-0.158293, 0.668965
-0.151587, 0.671943
-0.144859, 0.673551
-0.138121, 0.673814
-0.131387, 0.672765
-0.124670, 0.670436
-0.117982, 0.666866
-0.111336, 0.662093
-0.104744, 0.656159
-0.098217, 0.649107
-0.091766, 0.640981
-0.085401, 0.631828
-0.079132, 0.621695
-0.072970, 0.610631
-0.066923, 0.598684
-0.060999, 0.585906
-0.055207, 0.572348
-0.049554, 0.558063
-0.044048, 0.543104
-0.038694, 0.527526
-0.033499, 0.511385
-0.028468, 0.494740
-0.023606, 0.477650
-0.018917, 0.460174
-0.014404, 0.442377
-0.010070, 0.424323
-0.005918, 0.406078
-0.001949, 0.387712
0.001836, 0.369295
0.005437, 0.350900
0.008855, 0.332601
0.012090, 0.314475
0.015145, 0.296601
0.018023, 0.279057
0.020727, 0.261923
0.023263, 0.245279
0.025635, 0.229206
0.027849, 0.213783
0.029913, 0.199087
0.031834, 0.185194
0.033620, 0.172174
0.035280, 0.160097
0.036825, 0.149023
0.038264, 0.139011
0.039609, 0.130111
0.040870, 0.122364
0.042060, 0.115806
0.043190, 0.110463
0.044274, 0.106350
0.045322, 0.103477
0.046347, 0.101841
0.047363, 0.101430
0.048380, 0.102225
0.049411, 0.104197
0.050468, 0.107308
0.051561, 0.111515
0.052701, 0.116766
0.053899, 0.123005
0.055165, 0.130170
0.056506, 0.138195
0.057931, 0.147011
0.059448, 0.156548
0.061064, 0.166733
0.062785, 0.177491
0.064616, 0.188751
0.066561, 0.200440
0.068626, 0.212485
0.070812, 0.224817
0.073123, 0.237368
0.075560, 0.250070
0.078124, 0.262861
0.080817, 0.275677
0.083638, 0.288461
0.086586, 0.301153
0.089660, 0.313701
0.092859, 0.326050
0.096181, 0.338150
0.099621, 0.349953
0.103179, 0.361410
0.106848, 0.372476
0.110627, 0.383106
0.114509, 0.393257
0.118490, 0.402886
0.122565, 0.411952
0.126727, 0.420412
0.130971, 0.428226
0.135289, 0.435353
0.139675, 0.441752
0.144122, 0.447385
0.148620, 0.452210
0.153163, 0.456188
0.157741, 0.459281
0.162346, 0.461448
0.166967, 0.462652
0.171595, 0.462855
0.176221, 0.462023
0.180832, 0.460119
0.185419, 0.457112
0.189971, 0.452970
0.194475, 0.447666
0.198920, 0.441175
0.203294, 0.433474
0.207585, 0.424546
0.211781, 0.414377
0.215869, 0.402957
0.219836, 0.390282
0.223670, 0.376351
0.227359, 0.361170
0.230890, 0.344751
0.234250, 0.327108
0.237428, 0.308264
0.240411, 0.288245
0.243189, 0.267083
0.245749, 0.244815
0.248082, 0.221484
0.250175, 0.197135
0.252021, 0.171818
0.253609, 0.145588
0.254930, 0.118501
0.255976, 0.090619
0.256740, 0.062004
0.257214, 0.032722
0.257392, 0.002840
0.257269, -0.027574
0.256839, -0.058448
0.256099, -0.089713
0.255044, -0.121295
0.253672, -0.153122
0.251981, -0.185122
0.249969, -0.217221
0.247636, -0.249345
0.244983, -0.281420
0.242008, -0.313374
0.238716, -0.345131
0.235107, -0.376620
0.231184, -0.407766
0.226953, -0.438496
0.222416, -0.468736
0.217580, -0.498416
0.212450, -0.527461
0.207033, -0.555801
0.201337, -0.583364
0.195369, -0.610080
0.189138, -0.635880
0.182654, -0.660696
0.175928, -0.684462
0.168969, -0.707114
0.161789, -0.728589
0.154401, -0.748827
0.146817, -0.767773
0.139050, -0.785372
0.131114, -0.801575
0.123023, -0.816337
0.114792, -0.829616
0.106436, -0.841377
0.097970, -0.851588
0.089410, -0.860224
0.080771, -0.867264
0.072070, -0.872696
0.063322, -0.876510
0.054545, -0.878705
0.045754, -0.879285
0.036965, -0.878259
0.028194, -0.875642
0.019457, -0.871457
0.010770, -0.865728
0.002147, -0.858488
-0.006395, -0.849772
-0.014843, -0.839621
-0.023183, -0.828079
-0.031400, -0.815193
-0.039482, -0.801016
-0.047416, -0.785600
-0.055190, -0.769002
-0.062793, -0.751281
-0.070213, -0.732497
-0.077439, -0.712714
-0.084464, -0.691995
-0.091276, -0.670406
-0.097869, -0.648013
-0.104234, -0.624884
-0.110365, -0.601088
-0.116254, -0.576694
-0.121897, -0.551773
-0.127288, -0.526397
-0.132423, -0.500637
-0.137300, -0.474566
-0.141914, -0.448259
-0.146264, -0.421790
-0.150349, -0.395233
-0.154169, -0.368663
-0.157723, -0.342157
-0.161012, -0.315791
-0.164039, -0.289639
-0.166806, -0.263778
-0.169316, -0.238282
-0.171573, -0.213225
-0.173582, -0.188679
-0.175349, -0.164715
-0.176879, -0.141402
-0.178179, -0.118804
-0.179258, -0.096985
-0.180122, -0.076002
-0.180781, -0.055911
-0.181243, -0.036759
-0.181519, -0.018592
-0.181618, -0.001447
-0.181551, 0.014643
-0.181329, 0.029652
-0.180962, 0.043559
-0.180462, 0.056354
-0.179839, 0.068028
-0.179105, 0.078582
-0.178271, 0.088023
-0.177348, 0.096363
-0.176347, 0.103620
-0.175279, 0.109818
-0.174154, 0.114984
-0.172983, 0.119151
-0.171774, 0.122356
-0.170539, 0.124636
-0.169285, 0.126035
-0.168021, 0.126594
-0.166755, 0.126360
-0.165496, 0.125377
-0.164250, 0.123693
-0.163024, 0.121354
-0.161825, 0.118406
-0.160658, 0.114893
-0.159529, 0.110862
-0.158443, 0.106355
-0.157403, 0.101416
-0.156416, 0.096085
-0.155483, 0.090403
-0.154609, 0.084409
-0.153796, 0.078141
-0.153047, 0.071636
-0.152364, 0.064931
-0.151748, 0.058059
-0.151203, 0.051057
-0.150728, 0.043959
-0.150324, 0.036798
-0.149992, 0.029610
-0.149732, 0.022429
-0.149543, 0.015290
-0.149426, 0.008228
-0.149378, 0.001281
-0.149399, -0.005514
-0.149488, -0.012118
-0.149641, -0.018491
-0.149857, -0.024592
-0.150132, -0.030377
-0.150463, -0.035801
-0.150846, -0.040819
-0.151278, -0.045383
-0.151752, -0.049445
-0.152265, -0.052954
-0.152810, -0.055861
-0.153380, -0.058113
-0.153969, -0.059660
-0.154571, -0.060450
-0.155176, -0.060435
-0.155776, -0.059565
-0.156364, -0.057793
-0.156929, -0.055076
-0.157462, -0.051372
-0.157953, -0.046645
-0.158392, -0.040863
-0.158767, -0.033997
-0.159068, -0.026027
-0.159284, -0.016936
-0.159403, -0.006716
-0.159414, 0.004635
-0.159306, 0.017113
-0.159068, 0.030705
-0.158689, 0.045392
-0.158157, 0.061149
-0.157462, 0.077941
-0.156595, 0.095730
-0.155544, 0.114470
-0.154302, 0.134109
-0.152859, 0.154593
-0.151208, 0.175860
-0.149340, 0.197845
-0.147249, 0.220481
-0.144928, 0.243696
-0.142373, 0.267419
-0.139578, 0.291574
-0.136540, 0.316086
-0.133256, 0.340878
-0.129722, 0.365874
-0.125938, 0.390995
-0.121902, 0.416166
-0.117615, 0.441309
-0.113076, 0.466350
-0.108288, 0.491212
-0.103253, 0.515822
-0.097973, 0.540106
-0.092452, 0.563992
-0.086695, 0.587409
-0.080706, 0.610286
-0.074491, 0.632553
-0.068057, 0.654143
-0.061411, 0.674988
-0.054560, 0.695021
-0.047513, 0.714179
-0.040279, 0.732397
-0.032869, 0.749614
-0.025291, 0.765767
-0.017557, 0.780798
-0.009679, 0.794651
-0.001668, 0.807269
0.006462, 0.818602
0.014700, 0.828598
0.023030, 0.837211
0.031439, 0.844398
0.039913, 0.850120
0.048436, 0.854342
0.056995, 0.857032
0.065572, 0.858166
0.074153, 0.857721
0.082721, 0.855684
0.091261, 0.852044
0.099757, 0.846798
0.108192, 0.839947
0.116550, 0.831500
0.124816, 0.821471
0.132974, 0.809879
0.141009, 0.796751
0.148904, 0.782117
0.156646, 0.766013
0.164220, 0.748481
0.171611, 0.729566
0.178807, 0.709318
0.185793, 0.687791
0.192558, 0.665042
0.199090, 0.641131
0.205377, 0.616121
0.211409, 0.590076
0.217176, 0.563064
0.222667, 0.535153
0.227876, 0.506413
0.232793, 0.476914
0.237412, 0.446728
0.241726, 0.415927
0.245729, 0.384584
0.249416, 0.352772
0.252783, 0.320564
0.255826, 0.288035
0.258543, 0.255256
0.260931, 0.222303
0.262988, 0.189249
0.264716, 0.156168
0.266112, 0.123134
0.267179, 0.090220
0.267917, 0.057500
0.268329, 0.025047
0.268419, -0.007066
0.268190, -0.038767
0.267645, -0.069985
0.266792, -0.100647
0.265634, -0.130686
0.264180, -0.160033
0.262436, -0.188621
0.260411, -0.216387
0.258112, -0.243268
0.255548, -0.269205
0.252731, -0.294144
0.249669, -0.318030
0.246374, -0.340816
0.242857, -0.362457
0.239129, -0.382915
0.235202, -0.402153
0.231090, -0.420143
0.226804, -0.436860
0.222357, -0.452284
0.217762, -0.466402
0.213033, -0.479206
0.208183, -0.490692
0.203224, -0.500863
0.198170, -0.509724
0.193034, -0.517289
0.187828, -0.523572
0.182566, -0.528594
0.177260, -0.532378
0.171923, -0.534951
0.166565, -0.536343
0.161200, -0.536585
0.155837, -0.535713
0.150489, -0.533762
0.145166, -0.530770
0.139877, -0.526776
0.134633, -0.521819
0.129444, -0.515941
0.124317, -0.509183
0.119263, -0.501587
0.114288, -0.493195
0.109401, -0.484051
0.104610, -0.474198
0.099920, -0.463680
0.095338, -0.452541
0.090871, -0.440829
0.086523, -0.428589
0.082301, -0.415869
0.078207, -0.402719
0.074248, -0.389188
0.070425, -0.375328
0.066742, -0.361194
0.063202, -0.346842
0.059806, -0.332329
0.056555, -0.317716
0.053451, -0.303066
0.050494, -0.288442
0.047682, -0.273913
0.045015, -0.259548
0.042491, -0.245418
0.040106, -0.231597
0.037857, -0.218159
0.035741, -0.205181
0.033752, -0.192738
0.031884, -0.180909
0.030131, -0.169768
0.028486, -0.159390
0.026941, -0.149848
0.025486, -0.141211
0.024113, -0.133545
0.022812, -0.126910
0.021572, -0.121362
0.020381, -0.116947
0.019229, -0.113708
0.018103, -0.111676
0.016991, -0.110875
0.015881, -0.111320
0.014760, -0.113016
0.013617, -0.115959
0.012437, -0.120134
0.011210, -0.125518
0.009923, -0.132079
0.008565, -0.139776
0.007124, -0.148562
0.005590, -0.158381
0.003953, -0.169172
0.002203, -0.180869
0.000333, -0.193400
-0.001667, -0.206693
-0.003803, -0.220671
-0.006083, -0.235255
-0.008510, -0.250367
-0.011091, -0.265928
-0.013830, -0.281858
-0.016730, -0.298081
-0.019792, -0.314519
-0.023020, -0.331097
-0.026415, -0.347743
-0.029975, -0.364386
-0.033702, -0.380957
-0.037594, -0.397389
-0.041649, -0.413618
-0.045865, -0.429582
-0.050240, -0.445222
-0.054769, -0.460478
-0.059448, -0.475295
-0.064273, -0.489618
-0.069238, -0.503394
-0.074339, -0.516571
-0.079568, -0.529098
-0.084918, -0.540927
-0.090384, -0.552008
-0.095956, -0.562293
-0.101627, -0.571737
-0.107388, -0.580292
-0.113229, -0.587915
-0.119143, -0.594559
-0.125117, -0.600182
-0.131143, -0.604742
-0.137208, -0.608197
-0.143303, -0.610509
-0.149415, -0.611638
-0.155532, -0.611551
-0.161641, -0.610213
-0.167732, -0.607594
-0.173789, -0.603667
-0.179800, -0.598408
-0.185753, -0.591797
-0.191632, -0.583818
-0.197424, -0.574461
-0.203116, -0.563718
-0.208694, -0.551588
-0.214144, -0.538075
-0.219451, -0.523189
-0.224603, -0.506944
-0.229585, -0.489361
-0.234386, -0.470464
-0.238990, -0.450286
-0.243387, -0.428861
-0.247564, -0.406231
-0.251508, -0.382440
-0.255209, -0.357539
-0.258655, -0.331580
-0.261837, -0.304620
-0.264744, -0.276719
-0.267368, -0.247940
-0.269701, -0.218348
-0.271733, -0.188009
-0.273458, -0.156992
-0.274871, -0.125367
-0.275964, -0.093205
-0.276733, -0.060578
-0.277174, -0.027559
-0.277283, 0.005780
-0.277058, 0.039365
-0.276496, 0.073123
-0.275595, 0.106979
-0.274356, 0.140860
-0.272778, 0.174691
-0.270862, 0.208399
-0.268611, 0.241910
-0.266025, 0.275149
-0.263109, 0.308044
-0.259866, 0.340519
-0.256300, 0.372502
-0.252418, 0.403920
-0.248224, 0.434699
-0.243726, 0.464768
-0.238931, 0.494054
-0.233848, 0.522488
-0.228484, 0.550001
-0.222851, 0.576524
-0.216958, 0.601991
-0.210815, 0.626339
-0.204435, 0.649507
-0.197829, 0.671436
-0.191010, 0.692071
-0.183992, 0.711361
-0.176788, 0.729260
-0.169412, 0.745723
-0.161878, 0.760714
-0.154202, 0.774200
-0.146399, 0.786154
-0.138484, 0.796554
-0.130473, 0.805385
-0.122382, 0.812636
-0.114226, 0.818305
-0.106021, 0.822392
-0.097783, 0.824905
-0.089528, 0.825858
-0.081271, 0.825269
-0.073028, 0.823161
-0.064813, 0.819564
-0.056641, 0.814509
-0.048528, 0.808034
-0.040485, 0.800180
-0.032528, 0.790989
-0.024670, 0.780510
-0.016922, 0.768792
-0.009298, 0.755886
-0.001808, 0.741848
0.005535, 0.726733
0.012723, 0.710599
0.019744, 0.693506
0.026590, 0.675514
0.033252, 0.656686
0.039721, 0.637084
0.045991, 0.616773
0.052054, 0.595820
0.057905, 0.574290
0.063539, 0.552252
0.068949, 0.529776
0.074133, 0.506932
0.079087, 0.483792
0.083808, 0.460430
0.088295, 0.436918
0.092546, 0.413334
0.096561, 0.389752
0.100341, 0.366252
0.103887, 0.342910
0.107200, 0.319805
0.110284, 0.297015
0.113142, 0.274620
0.115778, 0.252695
0.118198, 0.231318
0.120407, 0.210563
0.122411, 0.190502
0.124219, 0.171205
0.125838, 0.152736
0.127277, 0.135157
0.128544, 0.118524
0.129651, 0.102888
0.130606, 0.088293
0.131420, 0.074776
0.132105, 0.062368
0.132671, 0.051093
0.133131, 0.040965
0.133494, 0.031992
0.133774, 0.024173
0.133982, 0.017502
0.134128, 0.011962
0.134225, 0.007531
0.134282, 0.004182
0.134312, 0.001878
0.134323, 0.000582
0.134327, 0.000247
0.134331, 0.000827
0.134346, 0.002269
0.134379, 0.004520
0.134439, 0.007525
0.134532, 0.011227
0.134666, 0.015568
0.134845, 0.020493
0.135077, 0.025944
0.135366, 0.031866
0.135716, 0.038204
0.136131, 0.044905
0.136615, 0.051918
0.137170, 0.059192
0.137800, 0.066681
0.138505, 0.074338
0.139287, 0.082118
0.140147, 0.089979
0.141086, 0.097880
0.142105, 0.105782
0.143202, 0.113645
0.144377, 0.121433
0.145630, 0.129109
0.146959, 0.136638
0.148362, 0.143984
0.149838, 0.151112
0.151384, 0.157987
0.152997, 0.164574
0.154674, 0.170837
0.156412, 0.176741
0.158208, 0.182248
0.160056, 0.187322
0.161953, 0.191925
0.163893, 0.196016
0.165871, 0.199558
0.167882, 0.202509
0.169919, 0.204827
0.171976, 0.206472
0.174046, 0.207401
0.176122, 0.207572
0.178195, 0.206942
0.180258, 0.205472
0.182301, 0.203120
0.184317, 0.199847
0.186295, 0.195616
0.188226, 0.190394
0.190100, 0.184147
0.191905, 0.176848
0.193633, 0.168472
0.195271, 0.159000
0.196809, 0.148415
0.198236, 0.136709
0.199540, 0.123876
0.200710, 0.109919
0.201734, 0.094844
0.202603, 0.078666
0.203304, 0.061403
0.203827, 0.043081
0.204162, 0.023733
0.204299, 0.003394
0.204227, -0.017892
0.203938, -0.040079
0.203423, -0.063113
0.202673, -0.086939
0.201681, -0.111497
0.200441, -0.136724
0.198945, -0.162554
0.197188, -0.188918
0.195165, -0.215747
0.192872, -0.242968
0.190304, -0.270509
0.187461, -0.298296
0.184338, -0.326255
0.180935, -0.354311
0.177252, -0.382390
0.173288, -0.410416
0.169044, -0.438316
0.164522, -0.466015
0.159724, -0.493439
0.154654, -0.520515
0.149316, -0.547171
0.143713, -0.573333
0.137851, -0.598931
0.131736, -0.623894
0.125375, -0.648151
0.118776, -0.671634
0.111945, -0.694273
0.104893, -0.716003
0.097629, -0.736756
0.090162, -0.756470
0.082503, -0.775080
0.074664, -0.792527
0.066656, -0.808751
0.058493, -0.823696
0.050187, -0.837311
0.041751, -0.849544
0.033201, -0.860350
0.024549, -0.869686
0.015812, -0.877514
0.007004, -0.883802
-0.001859, -0.888521
-0.010761, -0.891648
-0.019686, -0.893165
-0.028619, -0.893063
-0.037542, -0.891334
-0.046440, -0.887979
-0.055296, -0.883004
-0.064095, -0.876423
-0.072819, -0.868252
-0.081455, -0.858517
-0.089985, -0.847246
-0.098395, -0.834474
-0.106669, -0.820240
-0.114795, -0.804588
-0.122757, -0.787567
-0.130542, -0.769227
-0.138137, -0.749624
-0.145530, -0.728816
-0.152709, -0.706865
