0.200000, 0.196350
0.206384, 0.196355
0.212557, 0.196381
0.218507, 0.196439
0.224223, 0.196541
0.229694, 0.196697
0.234909, 0.196918
0.239858, 0.197213
0.244533, 0.197591
0.248926, 0.198060
0.253027, 0.198628
0.256831, 0.199300
0.260331, 0.200082
0.263521, 0.200979
0.266397, 0.201995
0.268953, 0.203133
0.271186, 0.204396
0.273094, 0.205786
0.274673, 0.207302
0.275924, 0.208945
0.276844, 0.210714
0.277434, 0.212607
0.277695, 0.214622
0.277627, 0.216756
0.277234, 0.219005
0.276517, 0.221363
0.275480, 0.223825
0.274128, 0.226385
0.272465, 0.229035
0.270496, 0.231768
0.268229, 0.234574
0.265670, 0.237444
0.262826, 0.240368
0.259706, 0.243336
0.256318, 0.246335
0.252672, 0.249353
0.248778, 0.252377
0.244645, 0.255395
0.240286, 0.258391
0.235711, 0.261352
0.230932, 0.264263
0.225962, 0.267108
0.220813, 0.269873
0.215497, 0.272540
0.210028, 0.275095
0.204419, 0.277522
0.198683, 0.279804
0.192834, 0.281925
0.186885, 0.283870
0.180850, 0.285623
0.174741, 0.287169
0.168573, 0.288492
0.162358, 0.289577
0.156109, 0.290411
0.149839, 0.290980
0.143561, 0.291271
0.137286, 0.291271
0.131026, 0.290967
0.124794, 0.290350
0.118600, 0.289408
0.112454, 0.288132
0.106368, 0.286512
0.100351, 0.284540
0.094413, 0.282209
0.088562, 0.279512
0.082808, 0.276444
0.077159, 0.272999
0.071622, 0.269173
0.066205, 0.264963
0.060914, 0.260367
0.055756, 0.255383
0.050737, 0.250011
0.045860, 0.244250
0.041133, 0.238102
0.036557, 0.231570
0.032137, 0.224656
0.027876, 0.217363
0.023776, 0.209698
0.019839, 0.201666
0.016065, 0.193274
0.012456, 0.184530
0.009010, 0.175442
0.005727, 0.166021
0.002604, 0.156277
-0.000360, 0.146223
-0.003169, 0.135872
-0.005826, 0.125236
-0.008338, 0.114333
-0.010708, 0.103177
-0.012944, 0.091786
-0.015053, 0.080177
-0.017041, 0.068370
-0.018918, 0.056385
-0.020692, 0.044241
-0.022372, 0.031961
-0.023969, 0.019566
-0.025494, 0.007079
-0.026956, -0.005477
-0.028368, -0.018078
-0.029740, -0.030701
-0.031083, -0.043323
-0.032411, -0.055918
-0.033733, -0.068463
-0.035062, -0.080935
-0.036408, -0.093310
-0.037783, -0.105565
-0.039196, -0.117678
-0.040659, -0.129627
-0.042181, -0.141390
-0.043770, -0.152947
-0.045436, -0.164279
-0.047185, -0.175366
-0.049027, -0.186192
-0.050966, -0.196738
-0.053009, -0.206989
-0.055160, -0.216931
-0.057426, -0.226549
-0.059808, -0.235830
-0.062310, -0.244763
-0.064935, -0.253337
-0.067685, -0.261541
-0.070559, -0.269367
-0.073560, -0.276807
-0.076686, -0.283855
-0.079937, -0.290503
-0.083311, -0.296748
-0.086807, -0.302584
-0.090423, -0.308009
-0.094155, -0.313020
-0.098000, -0.317615
-0.101954, -0.321795
-0.106013, -0.325558
-0.110172, -0.328907
-0.114427, -0.331842
-0.118770, -0.334366
-0.123197, -0.336483
-0.127701, -0.338198
-0.132274, -0.339513
-0.136911, -0.340437
-0.141602, -0.340975
-0.146341, -0.341134
-0.151119, -0.340923
-0.155926, -0.340351
-0.160754, -0.339426
-0.165593, -0.338160
-0.170434, -0.336562
-0.175266, -0.334646
-0.180079, -0.332423
-0.184862, -0.329906
-0.189604, -0.327109
-0.194294, -0.324045
-0.198919, -0.320730
-0.203469, -0.317178
-0.207932, -0.313405
-0.212295, -0.309427
-0.216546, -0.305259
-0.220674, -0.300919
-0.224666, -0.296421
-0.228510, -0.291784
-0.232194, -0.287023
-0.235706, -0.282155
-0.239036, -0.277196
-0.242170, -0.272163
-0.245100, -0.267072
-0.247813, -0.261938
-0.250299, -0.256777
-0.252549, -0.251603
-0.254553, -0.246430
-0.256302, -0.241274
-0.257788, -0.236146
-0.259002, -0.231060
-0.259939, -0.226028
-0.260590, -0.221060
-0.260951, -0.216168
-0.261015, -0.211362
-0.260778, -0.206651
-0.260236, -0.202043
-0.259386, -0.197547
-0.258225, -0.193168
-0.256751, -0.188913
-0.254963, -0.184788
-0.252860, -0.180797
-0.250442, -0.176943
-0.247711, -0.173231
-0.244668, -0.169661
-0.241314, -0.166235
-0.237654, -0.162954
-0.233691, -0.159818
-0.229429, -0.156824
-0.224873, -0.153972
-0.220029, -0.151258
-0.214904, -0.148679
-0.209504, -0.146230
-0.203838, -0.143906
-0.197914, -0.141701
-0.191741, -0.139607
-0.185330, -0.137619
-0.178689, -0.135726
-0.171831, -0.133920
-0.164766, -0.132190
-0.157508, -0.130527
-0.150068, -0.128920
-0.142460, -0.127355
-0.134697, -0.125822
-0.126793, -0.124307
-0.118763, -0.122797
-0.110620, -0.121279
-0.102381, -0.119738
-0.094059, -0.118161
-0.085671, -0.116534
-0.077231, -0.114842
-0.068755, -0.113071
-0.060258, -0.111207
-0.051756, -0.109237
-0.043263, -0.107145
-0.034795, -0.104920
-0.026366, -0.102547
-0.017991, -0.100015
-0.009684, -0.097312
-0.001459, -0.094426
0.006671, -0.091346
0.014692, -0.088063
0.022593, -0.084566
0.030360, -0.080848
0.037983, -0.076901
0.045450, -0.072717
0.052751, -0.068290
0.059876, -0.063616
0.066816, -0.058689
0.073562, -0.053507
0.080106, -0.048066
0.086440, -0.042365
0.092559, -0.036403
0.098455, -0.030180
0.104123, -0.023698
0.109559, -0.016958
0.114758, -0.009963
0.119717, -0.002717
0.124433, 0.004776
0.128905, 0.012509
0.133131, 0.020476
0.137110, 0.028671
0.140843, 0.037083
0.144331, 0.045704
0.147575, 0.054524
0.150578, 0.063532
0.153342, 0.072716
0.155873, 0.082063
0.158173, 0.091559
0.160248, 0.101190
0.162104, 0.110940
0.163748, 0.120795
0.165186, 0.130737
0.166426, 0.140749
0.167476, 0.150814
0.168346, 0.160912
0.169042, 0.171025
0.169576, 0.181134
0.169957, 0.191220
0.170195, 0.201262
0.170300, 0.211242
0.170282, 0.221138
0.170151, 0.230931
0.169919, 0.240602
0.169595, 0.250131
0.169190, 0.259497
0.168713, 0.268684
0.168175, 0.277671
0.167586, 0.286440
0.166953, 0.294975
0.166287, 0.303258
0.165597, 0.311273
0.164889, 0.319004
0.164172, 0.326436
0.163454, 0.333555
0.162741, 0.340348
0.162040, 0.346802
0.161357, 0.352904
0.160698, 0.358645
0.160067, 0.364013
0.159470, 0.369000
0.158910, 0.373595
0.158392, 0.377793
0.157919, 0.381584
0.157494, 0.384963
0.157120, 0.387925
0.156799, 0.390464
0.156533, 0.392575
0.156324, 0.394257
0.156173, 0.395506
0.156081, 0.396319
0.156048, 0.396696
0.156075, 0.396637
0.156162, 0.396140
0.156308, 0.395208
0.156513, 0.393841
0.156775, 0.392042
0.157093, 0.389814
0.157465, 0.387161
0.157889, 0.384086
0.158363, 0.380596
0.158884, 0.376695
0.159448, 0.372392
0.160053, 0.367692
0.160693, 0.362605
0.161364, 0.357139
0.162062, 0.351305
0.162781, 0.345112
0.163515, 0.338572
0.164259, 0.331698
0.165004, 0.324502
0.165745, 0.316998
0.166474, 0.309200
0.167183, 0.301123
0.167863, 0.292784
0.168505, 0.284199
0.169102, 0.275385
0.169642, 0.266360
0.170117, 0.257143
0.170516, 0.247750
0.170830, 0.238203
0.171048, 0.228520
0.171159, 0.218721
0.171154, 0.208826
0.171022, 0.198854
0.170753, 0.188826
0.170336, 0.178761
0.169763, 0.168679
0.169022, 0.158599
0.168105, 0.148541
0.167004, 0.138522
0.165709, 0.128561
0.164212, 0.118675
0.162507, 0.108882
0.160587, 0.099198
0.158445, 0.089638
0.156075, 0.080217
0.153473, 0.070950
0.150635, 0.061850
0.147557, 0.052928
0.144236, 0.044198
0.140670, 0.035669
0.136858, 0.027352
0.132799, 0.019255
0.128493, 0.011386
0.123941, 0.003753
0.119144, -0.003639
0.114105, -0.010783
0.108826, -0.017676
0.103312, -0.024314
0.097566, -0.030695
0.091593, -0.036816
0.085400, -0.042678
0.078992, -0.048280
0.072377, -0.053623
0.065562, -0.058710
0.058556, -0.063544
0.051367, -0.068128
0.044004, -0.072467
0.036479, -0.076567
0.028801, -0.080434
0.020983, -0.084075
0.013035, -0.087498
0.004969, -0.090714
-0.003200, -0.093730
-0.011461, -0.096557
-0.019800, -0.099207
-0.028202, -0.101690
-0.036653, -0.104020
-0.045139, -0.106208
-0.053645, -0.108268
-0.062156, -0.110214
-0.070656, -0.112058
-0.079130, -0.113816
-0.087564, -0.115501
-0.095941, -0.117127
-0.104246, -0.118709
-0.112464, -0.120261
-0.120581, -0.121796
-0.128581, -0.123329
-0.136449, -0.124873
-0.144172, -0.126441
-0.151737, -0.128045
-0.159128, -0.129698
-0.166334, -0.131410
-0.173342, -0.133194
-0.180141, -0.135059
-0.186718, -0.137016
-0.193063, -0.139071
-0.199167, -0.141235
-0.205018, -0.143514
-0.210609, -0.145915
-0.215931, -0.148444
-0.220976, -0.151105
-0.225738, -0.153903
-0.230211, -0.156841
-0.234388, -0.159921
-0.238265, -0.163146
-0.241839, -0.166516
-0.245104, -0.170031
-0.248059, -0.173690
-0.250702, -0.177492
-0.253031, -0.181433
-0.255046, -0.185512
-0.256747, -0.189724
-0.258134, -0.194063
-0.259209, -0.198525
-0.259974, -0.203103
-0.260433, -0.207789
-0.260588, -0.212576
-0.260444, -0.217454
-0.260006, -0.222415
-0.259280, -0.227448
-0.258271, -0.232542
-0.256987, -0.237685
-0.255434, -0.242866
-0.253622, -0.248071
-0.251558, -0.253286
-0.249252, -0.258498
-0.246713, -0.263692
-0.243951, -0.268853
-0.240977, -0.273966
-0.237801, -0.279014
-0.234436, -0.283982
-0.230891, -0.288854
-0.227179, -0.293612
-0.223311, -0.298241
-0.219300, -0.302723
-0.215158, -0.307043
-0.210896, -0.311183
-0.206527, -0.315128
-0.202062, -0.318862
-0.197515, -0.322369
-0.192896, -0.325633
-0.188217, -0.328640
-0.183490, -0.331376
-0.178725, -0.333825
-0.173934, -0.335976
-0.169128, -0.337816
-0.164316, -0.339332
-0.159509, -0.340513
-0.154716, -0.341347
-0.149947, -0.341827
-0.145211, -0.341941
-0.140516, -0.341681
-0.135871, -0.341040
-0.131283, -0.340010
-0.126760, -0.338586
-0.122309, -0.336761
-0.117936, -0.334531
-0.113649, -0.331892
-0.109452, -0.328841
-0.105352, -0.325376
-0.101353, -0.321495
-0.097460, -0.317198
-0.093676, -0.312484
-0.090007, -0.307354
-0.086454, -0.301812
-0.083020, -0.295858
-0.079709, -0.289497
-0.076521, -0.282733
-0.073457, -0.275572
-0.070518, -0.268020
-0.067704, -0.260084
-0.065015, -0.251772
-0.062448, -0.243094
-0.060003, -0.234060
-0.057676, -0.224681
-0.055464, -0.214969
-0.053363, -0.204937
-0.051369, -0.194599
-0.049476, -0.183972
-0.047677, -0.173070
-0.045967, -0.161912
-0.044338, -0.150515
-0.042782, -0.138899
-0.041290, -0.127083
-0.039852, -0.115087
-0.038459, -0.102935
-0.037102, -0.090646
-0.035768, -0.078245
-0.034447, -0.065754
-0.033128, -0.053197
-0.031799, -0.040597
-0.030450, -0.027978
-0.029067, -0.015365
-0.027641, -0.002781
-0.026159, 0.009751
-0.024610, 0.022206
-0.022985, 0.034563
-0.021272, 0.046798
-0.019462, 0.058890
-0.017545, 0.070818
-0.015513, 0.082561
-0.013357, 0.094100
-0.011071, 0.105417
-0.008648, 0.116493
-0.006080, 0.127312
-0.003364, 0.137858
-0.000495, 0.148117
0.002531, 0.158075
0.005717, 0.167718
0.009066, 0.177036
0.012578, 0.186018
0.016255, 0.194654
0.020097, 0.202936
0.024102, 0.210856
0.028271, 0.218407
0.032601, 0.225585
0.037089, 0.232384
0.041732, 0.238801
0.046528, 0.244833
0.051470, 0.250477
0.056555, 0.255735
0.061777, 0.260604
0.067131, 0.265087
0.072609, 0.269185
0.078205, 0.272900
0.083911, 0.276237
0.089720, 0.279199
0.095623, 0.281792
0.101611, 0.284023
0.107675, 0.285897
0.113805, 0.287423
0.119992, 0.288608
0.126224, 0.289464
0.132491, 0.289999
0.138781, 0.290224
0.145083, 0.290151
0.151385, 0.289792
0.157674, 0.289160
0.163938, 0.288268
0.170164, 0.287130
0.176339, 0.285760
0.182450, 0.284174
0.188484, 0.282386
0.194426, 0.280412
0.200264, 0.278268
0.205984, 0.275970
0.211573, 0.273533
0.217017, 0.270973
0.222303, 0.268307
0.227419, 0.265551
0.232351, 0.262719
0.237087, 0.259828
0.241615, 0.256892
0.245924, 0.253927
0.250001, 0.250946
0.253837, 0.247963
0.257422, 0.244991
0.260744, 0.242043
0.263796, 0.239131
0.266568, 0.236267
0.269053, 0.233460
0.271243, 0.230721
0.273132, 0.228059
0.274713, 0.225482
0.275982, 0.222999
0.276934, 0.220615
0.277564, 0.218338
0.277870, 0.216173
0.277849, 0.214123
0.277499, 0.212193
0.276818, 0.210386
0.275808, 0.208704
0.274467, 0.207148
0.272798, 0.205719
0.270801, 0.204417
0.268479, 0.203240
0.265835, 0.202186
0.262873, 0.201253
0.259598, 0.200438
0.256014, 0.199736
0.252129, 0.199142
0.247948, 0.198650
0.243478, 0.198252
0.238729, 0.197943
0.233708, 0.197713
0.228424, 0.197554
0.222889, 0.197455
0.217111, 0.197407
0.211103, 0.197397
0.204875, 0.197415
0.198441, 0.197447
0.191812, 0.197482
0.185002, 0.197505
0.178025, 0.197503
0.170893, 0.197461
0.163622, 0.197365
0.156226, 0.197200
0.148719, 0.196952
0.141115, 0.196605
0.133431, 0.196143
0.125681, 0.195554
0.117879, 0.194820
0.110041, 0.193928
0.102181, 0.192864
0.094314, 0.191613
0.086454, 0.190163
0.078616, 0.188499
0.070813, 0.186610
0.063058, 0.184484
0.055366, 0.182109
0.047747, 0.179475
0.040216, 0.176573
0.032784, 0.173392
0.025461, 0.169927
0.018260, 0.166167
0.011190, 0.162109
0.004261, 0.157745
-0.002517, 0.153071
-0.009136, 0.148083
-0.015587, 0.142778
-0.021864, 0.137155
-0.027958, 0.131212
-0.033865, 0.124949
-0.039577, 0.118368
-0.045090, 0.111468
-0.050400, 0.104255
-0.055503, 0.096730
-0.060395, 0.088899
-0.065075, 0.080767
-0.069541, 0.072342
-0.073792, 0.063630
-0.077827, 0.054640
-0.081647, 0.045381
-0.085254, 0.035864
-0.088650, 0.026101
-0.091837, 0.016104
-0.094818, 0.005886
-0.097599, -0.004539
-0.100184, -0.015154
-0.102579, -0.025945
-0.104789, -0.036894
-0.106824, -0.047984
-0.108689, -0.059195
-0.110393, -0.070510
-0.111945, -0.081907
-0.113355, -0.093367
-0.114631, -0.104868
-0.115785, -0.116389
-0.116826, -0.127910
-0.117765, -0.139407
-0.118612, -0.150859
-0.119380, -0.162244
-0.120077, -0.173541
-0.120716, -0.184727
-0.121306, -0.195781
-0.121858, -0.206682
-0.122383, -0.217409
-0.122889, -0.227943
-0.123387, -0.238263
-0.123886, -0.248352
-0.124393, -0.258191
-0.124918, -0.267762
-0.125467, -0.277050
-0.126048, -0.286038
-0.126667, -0.294712
-0.127330, -0.303057
-0.128042, -0.311062
-0.128808, -0.318713
-0.129633, -0.325999
-0.130520, -0.332910
-0.131472, -0.339436
-0.132491, -0.345570
-0.133581, -0.351303
-0.134743, -0.356627
-0.135978, -0.361538
-0.137286, -0.366030
-0.138669, -0.370098
-0.140125, -0.373739
-0.141656, -0.376950
-0.143259, -0.379729
-0.144933, -0.382074
-0.146678, -0.383985
-0.148490, -0.385461
-0.150369, -0.386504
-0.152310, -0.387115
-0.154312, -0.387297
-0.156370, -0.387052
-0.158482, -0.386384
-0.160642, -0.385298
-0.162848, -0.383799
-0.165093, -0.381892
-0.167373, -0.379585
-0.169683, -0.376884
-0.172017, -0.373798
-0.174368, -0.370336
-0.176730, -0.366506
-0.179097, -0.362321
-0.181460, -0.357789
-0.183813, -0.352924
-0.186147, -0.347738
-0.188454, -0.342243
-0.190725, -0.336453
-0.192952, -0.330384
-0.195124, -0.324049
-0.197233, -0.317464
-0.199268, -0.310646
-0.201220, -0.303610
-0.203078, -0.296375
-0.204832, -0.288956
-0.206471, -0.281372
-0.207985, -0.273640
-0.209363, -0.265779
-0.210594, -0.257806
-0.211669, -0.249740
-0.212577, -0.241599
-0.213307, -0.233399
-0.213851, -0.225160
-0.214198, -0.216899
-0.214340, -0.208632
-0.214267, -0.200376
-0.213971, -0.192148
-0.213445, -0.183963
-0.212681, -0.175836
-0.211672, -0.167783
-0.210413, -0.159816
-0.208897, -0.151949
-0.207120, -0.144195
-0.205077, -0.136565
-0.202766, -0.129070
-0.200182, -0.121721
-0.197324, -0.114527
-0.194190, -0.107497
-0.190779, -0.100637
-0.187092, -0.093956
-0.183128, -0.087460
-0.178890, -0.081152
-0.174379, -0.075039
-0.169598, -0.069123
-0.164550, -0.063407
-0.159239, -0.057893
-0.153671, -0.052582
-0.147850, -0.047473
-0.141783, -0.042566
-0.135477, -0.037860
-0.128939, -0.033351
-0.122178, -0.029036
-0.115202, -0.024911
-0.108020, -0.020970
-0.100643, -0.017208
-0.093081, -0.013618
-0.085346, -0.010192
-0.077449, -0.006922
-0.069403, -0.003798
-0.061220, -0.000812
-0.052914, 0.002048
-0.044499, 0.004793
-0.035987, 0.007434
-0.027395, 0.009984
-0.018736, 0.012455
-0.010026, 0.014860
-0.001279, 0.017212
0.007488, 0.019525
0.016261, 0.021812
0.025024, 0.024088
0.033761, 0.026366
0.042457, 0.028659
0.051098, 0.030981
0.059666, 0.033346
0.068149, 0.035767
0.076530, 0.038255
0.084797, 0.040824
0.092934, 0.043484
0.100929, 0.046248
0.108768, 0.049125
0.116439, 0.052125
0.123929, 0.055258
0.131227, 0.058533
0.138323, 0.061955
0.145205, 0.065534
0.151865, 0.069274
0.158292, 0.073181
0.164478, 0.077260
0.170416, 0.081514
0.176099, 0.085945
0.181519, 0.090556
0.186671, 0.095348
0.191550, 0.100321
0.196151, 0.105474
0.200471, 0.110806
0.204507, 0.116314
0.208255, 0.121996
0.211716, 0.127846
0.214887, 0.133861
0.217769, 0.140034
0.220361, 0.146359
0.222666, 0.152829
0.224684, 0.159435
0.226419, 0.166168
0.227874, 0.173019
0.229052, 0.179978
0.229959, 0.187032
0.230599, 0.194170
0.230978, 0.201379
0.231104, 0.208647
0.230982, 0.215958
0.230620, 0.223299
0.230027, 0.230654
0.229211, 0.238008
0.228181, 0.245345
0.226947, 0.252647
0.225518, 0.259900
0.223904, 0.267084
0.222116, 0.274184
0.220165, 0.281181
0.218060, 0.288059
0.215813, 0.294800
0.213436, 0.301386
0.210937, 0.307800
0.208330, 0.314026
0.205624, 0.320046
0.202829, 0.325844
0.199958, 0.331404
0.197019, 0.336711
0.194023, 0.341748
0.190980, 0.346503
0.187899, 0.350960
0.184790, 0.355106
0.181661, 0.358930
0.178522, 0.362417
0.175380, 0.365558
0.172243, 0.368341
0.169119, 0.370757
0.166015, 0.372796
0.162938, 0.374449
0.159894, 0.375709
0.156890, 0.376569
0.153931, 0.377022
0.151023, 0.377062
0.148171, 0.376686
0.145379, 0.375887
0.142652, 0.374664
0.139994, 0.373014
0.137408, 0.370934
0.134899, 0.368423
0.132467, 0.365481
0.130117, 0.362109
0.127851, 0.358307
0.125669, 0.354077
0.123574, 0.349421
0.121566, 0.344345
0.119646, 0.338850
0.117813, 0.332944
0.116068, 0.326631
0.114409, 0.319918
0.112834, 0.312814
0.111342, 0.305327
0.109931, 0.297465
0.108596, 0.289241
0.107334, 0.280664
0.106141, 0.271748
0.105012, 0.262505
0.103942, 0.252951
0.102923, 0.243099
0.101950, 0.232966
0.101015, 0.222568
0.100110, 0.211925
0.099227, 0.201053
0.098356, 0.189973
0.097489, 0.178704
0.096615, 0.167268
0.095724, 0.155685
0.094806, 0.143978
0.093849, 0.132167
0.092844, 0.120277
0.091778, 0.108329
0.090640, 0.096347
0.089421, 0.084353
0.088108, 0.072369
0.086691, 0.060418
0.085160, 0.048522
0.083505, 0.036703
0.081715, 0.024982
0.079783, 0.013380
0.077699, 0.001916
0.075456, -0.009391
0.073045, -0.020521
0.070461, -0.031458
0.067698, -0.042185
0.064749, -0.052686
0.061612, -0.062947
0.058281, -0.072953
0.054755, -0.082691
0.051030, -0.092151
0.047106, -0.101320
0.042981, -0.110190
0.038656, -0.118751
0.034131, -0.126996
0.029408, -0.134918
0.024489, -0.142510
0.019376, -0.149768
0.014074, -0.156689
0.008586, -0.163268
0.002918, -0.169505
-0.002926, -0.175398
-0.008940, -0.180947
-0.015116, -0.186152
-0.021447, -0.191017
-0.027927, -0.195542
-0.034546, -0.199733
-0.041295, -0.203593
-0.048166, -0.207127
-0.055147, -0.210343
-0.062230, -0.213246
-0.069402, -0.215846
-0.076652, -0.218150
-0.083970, -0.220169
-0.091341, -0.221913
-0.098755, -0.223392
-0.106197, -0.224618
-0.113655, -0.225604
-0.121114, -0.226363
-0.128561, -0.226908
-0.135982, -0.227253
-0.143363, -0.227413
-0.150688, -0.227402
-0.157944, -0.227235
-0.165116, -0.226927
-0.172189, -0.226494
-0.179149, -0.225951
-0.185982, -0.225313
-0.192673, -0.224597
-0.199208, -0.223816
-0.205574, -0.222985
-0.211757, -0.222120
-0.217744, -0.221234
-0.223523, -0.220341
-0.229082, -0.219455
-0.234408, -0.218587
-0.239492, -0.217750
-0.244321, -0.216956
-0.248886, -0.216215
-0.253179, -0.215537
-0.257189, -0.214932
-0.260910, -0.214408
-0.264333, -0.213973
-0.267452, -0.213634
-0.270260, -0.213397
-0.272753, -0.213268
-0.274926, -0.213252
-0.276774, -0.213352
-0.278295, -0.213571
-0.279486, -0.213913
-0.280345, -0.214377
-0.280871, -0.214965
-0.281064, -0.215676
-0.280923, -0.216510
-0.280450, -0.217465
-0.279647, -0.218538
-0.278515, -0.219726
-0.277059, -0.221024
-0.275282, -0.222428
-0.273188, -0.223932
-0.270784, -0.225529
-0.268073, -0.227213
-0.265065, -0.228974
-0.261764, -0.230804
-0.258181, -0.232693
-0.254322, -0.234632
-0.250198, -0.236609
-0.245817, -0.238611
-0.241191, -0.240628
-0.236331, -0.242646
-0.231247, -0.244652
-0.225951, -0.246631
-0.220456, -0.248569
-0.214775, -0.250451
-0.208920, -0.252263
-0.202904, -0.253989
-0.196742, -0.255613
-0.190448, -0.257119
-0.184034, -0.258492
-0.177514, -0.259716
-0.170904, -0.260776
-0.164217, -0.261656
-0.157466, -0.262340
-0.150667, -0.262814
-0.143831, -0.263064
-0.136974, -0.263075
-0.130108, -0.262834
-0.123245, -0.262327
-0.116400, -0.261544
-0.109584, -0.260471
-0.102810, -0.259097
-0.096088, -0.257413
-0.089431, -0.255409
-0.082848, -0.253076
-0.076351, -0.250406
-0.069950, -0.247391
-0.063653, -0.244027
-0.057470, -0.240307
-0.051409, -0.236226
-0.045478, -0.231781
-0.039685, -0.226969
-0.034037, -0.221789
-0.028539, -0.216239
-0.023198, -0.210318
-0.018020, -0.204029
-0.013007, -0.197373
-0.008166, -0.190352
-0.003499, -0.182970
0.000992, -0.175232
0.005303, -0.167144
0.009434, -0.158711
0.013384, -0.149942
0.017152, -0.140845
0.020740, -0.131430
0.024148, -0.121708
0.027379, -0.111690
0.030437, -0.101388
0.033323, -0.090817
0.036044, -0.079992
0.038603, -0.068927
0.041008, -0.057640
0.043264, -0.046148
0.045378, -0.034470
0.047360, -0.022625
0.049217, -0.010634
0.050959, 0.001483
0.052595, 0.013704
0.054136, 0.026008
0.055592, 0.038371
0.056974, 0.050770
0.058293, 0.063182
0.059561, 0.075584
0.060788, 0.087952
0.061986, 0.100263
0.063167, 0.112493
0.064341, 0.124620
0.065520, 0.136620
0.066714, 0.148471
0.067933, 0.160153
0.069186, 0.171643
0.070483, 0.182922
0.071833, 0.193970
0.073244, 0.204769
0.074723, 0.215300
0.076277, 0.225548
0.077912, 0.235495
0.079633, 0.245128
0.081446, 0.254432
0.083355, 0.263395
0.085362, 0.272004
0.087472, 0.280248
0.089686, 0.288118
0.092006, 0.295605
0.094434, 0.302699
0.096968, 0.309395
0.099610, 0.315686
0.102359, 0.321567
0.105214, 0.327033
0.108173, 0.332080
0.111234, 0.336707
0.114394, 0.340910
0.117651, 0.344689
0.121001, 0.348043
0.124441, 0.350973
0.127965, 0.353481
0.131570, 0.355567
0.135251, 0.357236
0.139001, 0.358491
0.142816, 0.359335
0.146689, 0.359775
0.150613, 0.359816
0.154583, 0.359465
0.158589, 0.358729
0.162626, 0.357617
0.166684, 0.356136
0.170755, 0.354298
0.174832, 0.352111
0.178904, 0.349588
0.182963, 0.346739
0.186998, 0.343577
0.191000, 0.340116
0.194958, 0.336368
0.198862, 0.332348
0.202701, 0.328070
0.206464, 0.323550
0.210140, 0.318804
0.213718, 0.313846
0.217185, 0.308693
0.220532, 0.303363
0.223745, 0.297871
0.226814, 0.292234
0.229728, 0.286470
0.232474, 0.280595
0.235042, 0.274626
0.237421, 0.268580
0.239601, 0.262473
0.241570, 0.256321
0.243320, 0.250140
0.244840, 0.243946
0.246122, 0.237754
0.247156, 0.231578
0.247935, 0.225432
0.248452, 0.219330
0.248698, 0.213284
0.248668, 0.207307
0.248357, 0.201409
0.247758, 0.195603
0.246868, 0.189896
0.245682, 0.184300
0.244198, 0.178821
0.242413, 0.173469
0.240325, 0.168250
0.237934, 0.163169
0.235238, 0.158233
0.232239, 0.153446
0.228938, 0.148811
0.225335, 0.144332
0.221435, 0.140010
0.217239, 0.135847
0.212752, 0.131843
0.207978, 0.127997
0.202923, 0.124309
0.197592, 0.120775
0.191993, 0.117394
0.186132, 0.114161
0.180017, 0.111072
0.173658, 0.108121
0.167064, 0.105302
0.160243, 0.102608
0.153208, 0.100030
0.145969, 0.097562
0.138537, 0.095192
0.130925, 0.092911
0.123147, 0.090709
0.115214, 0.088574
0.107140, 0.086494
0.098940, 0.084458
0.090629, 0.082451
0.082219, 0.080462
0.073728, 0.078476
0.065169, 0.076481
0.056558, 0.074461
0.047911, 0.072404
0.039243, 0.070295
0.030569, 0.068120
0.021905, 0.065867
0.013266, 0.063520
0.004667, 0.061067
-0.003877, 0.058496
-0.012352, 0.055793
-0.020743, 0.052948
-0.029036, 0.049948
-0.037219, 0.046783
-0.045277, 0.043443
-0.053198, 0.039918
-0.060971, 0.036200
-0.068583, 0.032282
-0.076023, 0.028156
-0.083282, 0.023815
-0.090349, 0.019255
-0.097215, 0.014471
-0.103872, 0.009460
-0.110311, 0.004218
-0.116525, -0.001255
-0.122508, -0.006962
-0.128253, -0.012902
-0.133755, -0.019073
-0.139010, -0.025476
-0.144014, -0.032106
-0.148762, -0.038961
-0.153254, -0.046035
-0.157486, -0.053323
-0.161458, -0.060820
-0.165170, -0.068518
-0.168621, -0.076410
-0.171814, -0.084485
-0.174748, -0.092735
-0.177428, -0.101149
-0.179855, -0.109716
-0.182035, -0.118423
-0.183971, -0.127258
-0.185669, -0.136206
-0.187134, -0.145254
-0.188373, -0.154385
-0.189393, -0.163585
-0.190201, -0.172837
-0.190805, -0.182124
-0.191215, -0.191428
-0.191438, -0.200732
-0.191485, -0.210017
-0.191364, -0.219264
-0.191086, -0.228456
-0.190661, -0.237572
-0.190099, -0.246595
-0.189410, -0.255505
-0.188605, -0.264283
-0.187694, -0.272910
-0.186688, -0.281368
-0.185596, -0.289639
-0.184428, -0.297705
-0.183195, -0.305548
-0.181906, -0.313152
-0.180569, -0.320500
-0.179195, -0.327577
-0.177791, -0.334367
-0.176365, -0.340856
-0.174926, -0.347030
-0.173481, -0.352876
-0.172038, -0.358382
-0.170601, -0.363536
-0.169179, -0.368328
-0.167776, -0.372747
-0.166398, -0.376784
-0.165051, -0.380430
-0.163738, -0.383677
-0.162464, -0.386520
-0.161233, -0.388950
-0.160049, -0.390963
-0.158914, -0.392553
-0.157832, -0.393718
-0.156804, -0.394452
-0.155834, -0.394754
-0.154923, -0.394621
-0.154072, -0.394052
-0.153282, -0.393047
-0.152555, -0.391606
-0.151891, -0.389729
-0.151290, -0.387419
-0.150751, -0.384677
-0.150274, -0.381506
-0.149859, -0.377911
-0.149504, -0.373895
-0.149206, -0.369465
-0.148965, -0.364626
-0.148777, -0.359385
-0.148640, -0.353750
-0.148550, -0.347729
-0.148503, -0.341332
-0.148494, -0.334568
-0.148520, -0.327449
-0.148574, -0.319986
-0.148652, -0.312192
-0.148746, -0.304081
-0.148849, -0.295666
-0.148955, -0.286964
-0.149056, -0.277989
-0.149143, -0.268758
-0.149208, -0.259290
-0.149241, -0.249600
-0.149234, -0.239709
-0.149177, -0.229636
-0.149060, -0.219399
-0.148871, -0.209019
-0.148602, -0.198516
-0.148242, -0.187912
-0.147779, -0.177226
-0.147204, -0.166479
-0.146507, -0.155693
-0.145676, -0.144888
-0.144701, -0.134085
-0.143574, -0.123304
-0.142285, -0.112564
-0.140824, -0.101885
-0.139183, -0.091286
-0.137355, -0.080786
-0.135331, -0.070402
-0.133106, -0.060150
-0.130672, -0.050048
-0.128024, -0.040110
-0.125157, -0.030352
-0.122068, -0.020786
-0.118753, -0.011427
-0.115208, -0.002284
-0.111433, 0.006629
-0.107425, 0.015304
-0.103185, 0.023730
-0.098712, 0.031901
-0.094008, 0.039808
-0.089074, 0.047445
-0.083913, 0.054807
-0.078527, 0.061889
-0.072921, 0.068688
-0.067099, 0.075202
-0.061066, 0.081428
-0.054828, 0.087366
-0.048392, 0.093016
-0.041764, 0.098380
-0.034953, 0.103459
-0.027966, 0.108257
-0.020813, 0.112777
-0.013503, 0.117025
-0.006046, 0.121005
0.001547, 0.124725
0.009265, 0.128192
0.017095, 0.131414
0.025027, 0.134400
0.033047, 0.137160
0.041142, 0.139704
0.049299, 0.142045
0.057503, 0.144192
0.065742, 0.146160
0.073999, 0.147960
0.082260, 0.149606
0.090511, 0.151111
0.098737, 0.152491
0.106922, 0.153759
0.115050, 0.154929
0.123108, 0.156017
0.131079, 0.157036
0.138949, 0.158002
0.146703, 0.158928
0.154326, 0.159829
0.161804, 0.160719
0.169123, 0.161611
0.176269, 0.162518
0.183230, 0.163453
0.189991, 0.164428
0.196542, 0.165455
0.202870, 0.166544
0.208965, 0.167705
0.214815, 0.168948
0.220411, 0.170282
0.225742, 0.171714
0.230802, 0.173253
0.235581, 0.174904
0.240072, 0.176672
0.244269, 0.178564
0.248165, 0.180582
0.251756, 0.182730
0.255036, 0.185010
0.258002, 0.187425
0.260650, 0.189973
0.262978, 0.192656
0.264985, 0.195473
0.266668, 0.198422
0.268029, 0.201499
0.269066, 0.204703
0.269782, 0.208029
0.270178, 0.211471
0.270256, 0.215025
0.270019, 0.218683
0.269473, 0.222439
0.268620, 0.226284
0.267466, 0.230210
0.266018, 0.234206
0.264281, 0.238264
0.262262, 0.242371
0.259971, 0.246516
0.257414, 0.250687
0.254601, 0.254871
0.251542, 0.259055
0.248245, 0.263224
0.244723, 0.267364
0.240985, 0.271459
0.237043, 0.275496
0.232908, 0.279457
0.228593, 0.283327
0.224110, 0.287090
0.219471, 0.290730
0.214688, 0.294230
0.209775, 0.297574
0.204743, 0.300746
0.199607, 0.303730
0.194378, 0.306510
0.189068, 0.309070
0.183692, 0.311396
0.178260, 0.313471
0.172786, 0.315283
0.167280, 0.316818
0.161756, 0.318061
0.156223, 0.319001
0.150694, 0.319625
0.145178, 0.319922
0.139687, 0.319881
0.134231, 0.319493
0.128818, 0.318748
0.123459, 0.317638
0.118163, 0.316155
0.112937, 0.314292
0.107790, 0.312043
0.102730, 0.309403
0.097763, 0.306368
0.092898, 0.302933
0.088139, 0.299096
0.083493, 0.294856
0.078965, 0.290210
0.074561, 0.285159
0.070284, 0.279704
0.066139, 0.273845
0.062129, 0.267586
0.058256, 0.260929
0.054524, 0.253879
0.050934, 0.246441
0.047487, 0.238621
0.044183, 0.230427
0.041023, 0.221865
0.038006, 0.212946
0.035129, 0.203679
0.032392, 0.194075
0.029790, 0.184147
0.027321, 0.173907
0.024980, 0.163371
0.022762, 0.152552
0.020662, 0.141467
0.018672, 0.130134
0.016785, 0.118570
0.014994, 0.106795
0.013291, 0.094828
0.011665, 0.082690
0.010107, 0.070403
0.008608, 0.057989
0.007156, 0.045471
0.005741, 0.032871
0.004351, 0.020214
0.002975, 0.007523
0.001601, -0.005178
0.000218, -0.017864
-0.001186, -0.030512
-0.002622, -0.043097
-0.004102, -0.055597
-0.005636, -0.067988
-0.007234, -0.080247
-0.008908, -0.092354
-0.010666, -0.104285
-0.012517, -0.116021
-0.014470, -0.127543
-0.016531, -0.138831
-0.018710, -0.149867
-0.021010, -0.160634
-0.023439, -0.171117
-0.026001, -0.181301
-0.028699, -0.191172
-0.031538, -0.200716
-0.034520, -0.209923
-0.037647, -0.218781
-0.040920, -0.227281
-0.044340, -0.235413
-0.047906, -0.243171
-0.051618, -0.250547
-0.055474, -0.257535
-0.059473, -0.264131
-0.063612, -0.270331
-0.067887, -0.276131
-0.072296, -0.281530
-0.076833, -0.286526
-0.081495, -0.291119
-0.086276, -0.295310
-0.091170, -0.299100
-0.096171, -0.302490
-0.101273, -0.305485
-0.106469, -0.308088
-0.111750, -0.310304
-0.117109, -0.312139
-0.122538, -0.313598
-0.128028, -0.314690
-0.133570, -0.315421
-0.139154, -0.315802
-0.144770, -0.315840
-0.150408, -0.315547
-0.156057, -0.314933
-0.161706, -0.314011
-0.167344, -0.312792
-0.172959, -0.311289
-0.178540, -0.309515
-0.184073, -0.307486
-0.189547, -0.305215
-0.194950, -0.302717
-0.200268, -0.300008
-0.205488, -0.297103
-0.210599, -0.294018
-0.215586, -0.290769
-0.220438, -0.287373
-0.225141, -0.283846
-0.229683, -0.280203
-0.234052, -0.276462
-0.238235, -0.272638
-0.242220, -0.268746
-0.245996, -0.264803
-0.249552, -0.260824
-0.252876, -0.256822
-0.255959, -0.252813
-0.258791, -0.248809
-0.261363, -0.244825
-0.263664, -0.240873
-0.265689, -0.236964
-0.267428, -0.233110
-0.268875, -0.229322
-0.270024, -0.225609
-0.270868, -0.221980
-0.271404, -0.218444
-0.271627, -0.215008
-0.271532, -0.211680
-0.271118, -0.208465
-0.270381, -0.205368
-0.269322, -0.202394
-0.267937, -0.199546
-0.266229, -0.196829
-0.264196, -0.194242
-0.261841, -0.191788
-0.259166, -0.189468
-0.256173, -0.187280
-0.252866, -0.185224
-0.249248, -0.183297
-0.245326, -0.181497
-0.241103, -0.179821
-0.236588, -0.178263
-0.231785, -0.176818
-0.226704, -0.175480
-0.221353, -0.174243
-0.215739, -0.173099
-0.209874, -0.172039
-0.203767, -0.171054
-0.197429, -0.170134
-0.190871, -0.169269
-0.184105, -0.168448
-0.177144, -0.167658
-0.170001, -0.166887
-0.162688, -0.166123
-0.155220, -0.165352
-0.147611, -0.164560
-0.139876, -0.163732
-0.132028, -0.162856
-0.124083, -0.161916
-0.116056, -0.160898
-0.107961, -0.159786
-0.099815, -0.158567
-0.091632, -0.157226
-0.083428, -0.155748
-0.075216, -0.154120
-0.067013, -0.152329
-0.058833, -0.150360
-0.050690, -0.148201
-0.042597, -0.145840
-0.034570, -0.143265
-0.026621, -0.140466
-0.018763, -0.137432
-0.011008, -0.134154
-0.003369, -0.130623
0.004144, -0.126831
0.011518, -0.122770
0.018744, -0.118436
0.025812, -0.113822
0.032713, -0.108924
0.039437, -0.103739
0.045977, -0.098263
0.052325, -0.092496
0.058475, -0.086435
0.064419, -0.080082
0.070154, -0.073438
0.075673, -0.066504
0.080972, -0.059283
0.086048, -0.051780
0.090899, -0.043998
0.095521, -0.035945
0.099914, -0.027626
0.104077, -0.019050
0.108010, -0.010224
0.111713, -0.001160
0.115189, 0.008134
0.118440, 0.017645
0.121467, 0.027361
0.124276, 0.037269
0.126871, 0.047355
0.129256, 0.057603
0.131438, 0.067998
0.133423, 0.078523
0.135219, 0.089161
0.136832, 0.099893
0.138271, 0.110702
0.139545, 0.121568
0.140663, 0.132470
0.141635, 0.143390
0.142470, 0.154306
0.143179, 0.165197
0.143772, 0.176043
0.144259, 0.186823
0.144652, 0.197515
0.144960, 0.208099
0.145194, 0.218554
0.145365, 0.228860
0.145483, 0.238997
0.145557, 0.248945
0.145597, 0.258684
0.145613, 0.268198
0.145613, 0.277467
0.145606, 0.286474
0.145599, 0.295204
0.145601, 0.303640
0.145619, 0.311768
0.145658, 0.319573
0.145725, 0.327043
0.145826, 0.334165
0.145966, 0.340927
0.146148, 0.347319
0.146378, 0.353332
0.146658, 0.358955
0.146993, 0.364180
0.147384, 0.369002
0.147834, 0.373412
0.148345, 0.377405
0.148918, 0.380976
0.149554, 0.384121
0.150253, 0.386836
0.151017, 0.389119
0.151845, 0.390968
0.152737, 0.392381
0.153691, 0.393358
0.154707, 0.393898
0.155784, 0.394004
0.156919, 0.393676
0.158110, 0.392916
0.159356, 0.391729
0.160652, 0.390117
0.161997, 0.388084
0.163386, 0.385637
0.164816, 0.382781
0.166282, 0.379522
0.167781, 0.375869
0.169306, 0.371828
0.170853, 0.367410
0.172416, 0.362623
0.173989, 0.357478
0.175565, 0.351986
0.177138, 0.346160
0.178700, 0.340011
0.180243, 0.333553
0.181759, 0.326800
0.183241, 0.319767
0.184678, 0.312468
0.186063, 0.304921
0.187384, 0.297141
0.188634, 0.289145
0.189802, 0.280951
0.190878, 0.272577
0.191851, 0.264041
0.192711, 0.255361
0.193449, 0.246557
0.194053, 0.237646
0.194513, 0.228648
0.194819, 0.219582
0.194961, 0.210466
0.194930, 0.201319
0.194715, 0.192159
0.194308, 0.183004
0.193699, 0.173872
0.192882, 0.164780
0.191847, 0.155744
0.190587, 0.146780
0.189096, 0.137904
0.187368, 0.129131
0.185396, 0.120474
0.183177, 0.111947
0.180705, 0.103562
0.177978, 0.095331
0.174992, 0.087266
0.171746, 0.079375
0.168237, 0.071669
0.164466, 0.064155
0.160431, 0.056841
0.156135, 0.049735
0.151578, 0.042841
0.146762, 0.036164
0.141690, 0.029709
0.136366, 0.023479
0.130794, 0.017475
0.124978, 0.011700
0.118925, 0.006153
0.112641, 0.000834
0.106132, -0.004258
0.099407, -0.009126
0.092473, -0.013772
0.085339, -0.018201
0.078016, -0.022418
0.070512, -0.026429
0.062839, -0.030239
0.055008, -0.033856
0.047030, -0.037289
0.038918, -0.040547
0.030686, -0.043638
0.022345, -0.046575
0.013910, -0.049366
0.005394, -0.052025
-0.003187, -0.054562
-0.011819, -0.056992
-0.020487, -0.059326
-0.029177, -0.061577
-0.037872, -0.063761
-0.046557, -0.065890
-0.055218, -0.067978
-0.063837, -0.070038
-0.072401, -0.072086
-0.080893, -0.074135
-0.089299, -0.076197
-0.097604, -0.078288
-0.105793, -0.080418
-0.113852, -0.082601
-0.121767, -0.084850
-0.129525, -0.087174
-0.137112, -0.089586
-0.144516, -0.092096
-0.151726, -0.094713
-0.158729, -0.097446
-0.165514, -0.100304
-0.172073, -0.103293
-0.178393, -0.106421
-0.184468, -0.109693
-0.190288, -0.113114
-0.195845, -0.116689
-0.201133, -0.120421
-0.206145, -0.124311
-0.210876, -0.128363
-0.215320, -0.132577
-0.219473, -0.136952
-0.223331, -0.141488
-0.226892, -0.146184
-0.230154, -0.151036
-0.233115, -0.156041
-0.235773, -0.161196
-0.238130, -0.166495
-0.240185, -0.171932
-0.241941, -0.177501
-0.243398, -0.183194
-0.244560, -0.189004
-0.245430, -0.194921
-0.246012, -0.200935
-0.246311, -0.207037
-0.246332, -0.213215
-0.246081, -0.219456
-0.245566, -0.225750
-0.244792, -0.232082
-0.243768, -0.238438
-0.242502, -0.244805
-0.241003, -0.251167
-0.239279, -0.257510
-0.237342, -0.263817
-0.235201, -0.270072
-0.232865, -0.276259
-0.230347, -0.282361
-0.227656, -0.288362
-0.224805, -0.294244
-0.221803, -0.299990
-0.218663, -0.305584
-0.215396, -0.311009
-0.212013, -0.316248
-0.208527, -0.321284
-0.204947, -0.326101
-0.201285, -0.330684
-0.197552, -0.335018
-0.193759, -0.339086
-0.189917, -0.342875
-0.186035, -0.346371
-0.182124, -0.349561
-0.178194, -0.352431
-0.174253, -0.354970
-0.170312, -0.357167
-0.166378, -0.359010
-0.162461, -0.360490
-0.158567, -0.361597
-0.154706, -0.362323
-0.150884, -0.362660
-0.147108, -0.362601
-0.143385, -0.362139
-0.139721, -0.361270
-0.136122, -0.359988
-0.132593, -0.358288
-0.129140, -0.356169
-0.125767, -0.353627
-0.122479, -0.350660
-0.119279, -0.347268
-0.116171, -0.343450
-0.113159, -0.339207
-0.110244, -0.334540
-0.107430, -0.329452
-0.104718, -0.323945
-0.102109, -0.318024
-0.099604, -0.311693
-0.097204, -0.304958
-0.094908, -0.297826
-0.092716, -0.290303
-0.090626, -0.282398
-0.088636, -0.274121
-0.086744, -0.265482
-0.084947, -0.256491
-0.083241, -0.247162
-0.081621, -0.237507
-0.080082, -0.227541
-0.078619, -0.217278
-0.077225, -0.206735
-0.075893, -0.195929
-0.074616, -0.184878
-0.073385, -0.173600
-0.072192, -0.162116
-0.071026, -0.150445
-0.069879, -0.138609
-0.068740, -0.126630
-0.067598, -0.114529
-0.066443, -0.102329
-0.065263, -0.090054
-0.064047, -0.077727
-0.062784, -0.065371
-0.061462, -0.053009
-0.060071, -0.040665
-0.058598, -0.028362
-0.057034, -0.016123
-0.055368, -0.003971
-0.053590, 0.008074
-0.051691, 0.019990
-0.049661, 0.031755
-0.047492, 0.043350
-0.045176, 0.054757
-0.042707, 0.065956
-0.040078, 0.076931
-0.037283, 0.087665
-0.034317, 0.098143
-0.031177, 0.108350
-0.027858, 0.118274
-0.024359, 0.127901
-0.020677, 0.137220
-0.016811, 0.146222
-0.012761, 0.154896
-0.008526, 0.163235
-0.004109, 0.171232
0.000489, 0.178879
0.005266, 0.186172
0.010219, 0.193106
0.015343, 0.199678
0.020636, 0.205886
0.026092, 0.211727
0.031705, 0.217203
0.037469, 0.222312
0.043378, 0.227057
0.049425, 0.231439
0.055602, 0.235461
0.061900, 0.239129
0.068311, 0.242445
0.074826, 0.245417
0.081435, 0.248051
0.088128, 0.250354
0.094894, 0.252335
0.101721, 0.254002
0.108600, 0.255366
0.115517, 0.256437
0.122461, 0.257226
0.129418, 0.257746
0.136377, 0.258008
0.143323, 0.258027
0.150243, 0.257815
0.157124, 0.257388
0.163952, 0.256759
0.170712, 0.255944
0.177391, 0.254958
0.183975, 0.253816
0.190449, 0.252534
0.196799, 0.251128
0.203012, 0.249614
0.209074, 0.248007
0.214971, 0.246322
0.220690, 0.244575
0.226218, 0.242781
0.231542, 0.240954
0.236651, 0.239108
0.241532, 0.237257
0.246175, 0.235415
0.250568, 0.233594
0.254701, 0.231806
0.258565, 0.230061
0.262152, 0.228372
0.265451, 0.226747
0.268457, 0.225197
0.271161, 0.223728
0.273557, 0.222350
0.275640, 0.221069
0.277405, 0.219890
0.278847, 0.218820
0.279963, 0.217863
0.280749, 0.217023
0.281204, 0.216302
0.281327, 0.215703
0.281115, 0.215226
0.280570, 0.214874
0.279693, 0.214644
0.278483, 0.214537
0.276944, 0.214550
0.275078, 0.214680
0.272889, 0.214924
0.270381, 0.215278
0.267559, 0.215736
0.264428, 0.216293
0.260996, 0.216942
0.257268, 0.217675
0.253252, 0.218484
0.248958, 0.219360
0.244393, 0.220294
0.239567, 0.221275
0.234491, 0.222291
0.229175, 0.223331
0.223630, 0.224383
0.217869, 0.225433
0.211904, 0.226468
0.205746, 0.227474
0.199410, 0.228436
0.192909, 0.229340
0.186257, 0.230172
0.179467, 0.230914
0.172554, 0.231553
0.165532, 0.232073
0.158416, 0.232458
0.151220, 0.232692
0.143958, 0.232762
0.136646, 0.232652
0.129297, 0.232346
0.121925, 0.231832
0.114545, 0.231095
0.107170, 0.230122
0.099813, 0.228900
0.092489, 0.227417
0.085209, 0.225662
0.077986, 0.223623
0.070832, 0.221292
0.063758, 0.218658
0.056777, 0.215712
0.049897, 0.212449
0.043131, 0.208860
0.036486, 0.204939
0.029973, 0.200683
0.023600, 0.196085
0.017375, 0.191144
0.011306, 0.185857
0.005400, 0.180222
-0.000338, 0.174239
-0.005900, 0.167909
-0.011283, 0.161232
-0.016481, 0.154211
-0.021491, 0.146849
-0.026309, 0.139151
-0.030933, 0.131122
-0.035361, 0.122767
-0.039591, 0.114095
-0.043624, 0.105113
-0.047459, 0.095831
-0.051098, 0.086258
-0.054542, 0.076406
-0.057793, 0.066287
-0.060856, 0.055915
-0.063733, 0.045303
-0.066431, 0.034466
-0.068953, 0.023422
-0.071307, 0.012186
-0.073500, 0.000776
-0.075538, -0.010788
-0.077431, -0.022487
-0.079187, -0.034301
-0.080815, -0.046210
-0.082325, -0.058190
-0.083727, -0.070222
-0.085032, -0.082282
-0.086251, -0.094348
-0.087394, -0.106396
-0.088474, -0.118405
-0.089500, -0.130351
-0.090484, -0.142212
-0.091437, -0.153964
-0.092369, -0.165587
-0.093292, -0.177057
-0.094215, -0.188355
-0.095148, -0.199459
-0.096100, -0.210349
-0.097081, -0.221006
-0.098098, -0.231412
-0.099159, -0.241549
-0.100272, -0.251401
-0.101442, -0.260952
-0.102676, -0.270186
-0.103979, -0.279090
-0.105356, -0.287651
-0.106811, -0.295857
-0.108347, -0.303697
-0.109968, -0.311160
-0.111675, -0.318238
-0.113470, -0.324922
-0.115354, -0.331205
-0.117329, -0.337080
-0.119395, -0.342542
-0.121551, -0.347585
-0.123796, -0.352205
-0.126129, -0.356401
-0.128550, -0.360168
-0.131054, -0.363506
-0.133642, -0.366414
-0.136308, -0.368892
-0.139051, -0.370940
-0.141867, -0.372560
-0.144752, -0.373754
-0.147701, -0.374525
-0.150710, -0.374878
-0.153774, -0.374816
-0.156887, -0.374344
-0.160044, -0.373469
-0.163239, -0.372197
-0.166466, -0.370536
-0.169716, -0.368494
-0.172984, -0.366079
-0.176262, -0.363301
-0.179542, -0.360172
-0.182816, -0.356700
-0.186075, -0.352899
-0.189310, -0.348781
-0.192512, -0.344358
-0.195672, -0.339645
-0.198780, -0.334655
-0.201826, -0.329404
-0.204799, -0.323906
-0.207689, -0.318178
-0.210485, -0.312235
-0.213177, -0.306094
-0.215753, -0.299772
-0.218203, -0.293285
-0.220515, -0.286652
-0.222679, -0.279890
-0.224684, -0.273015
-0.226519, -0.266045
-0.228173, -0.258998
-0.229636, -0.251890
-0.230899, -0.244739
-0.231951, -0.237560
-0.232784, -0.230370
-0.233388, -0.223185
-0.233754, -0.216020
-0.233876, -0.208890
-0.233746, -0.201808
-0.233356, -0.194789
-0.232702, -0.187845
-0.231776, -0.180989
-0.230574, -0.174232
-0.229093, -0.167584
-0.227327, -0.161057
-0.225275, -0.154658
-0.222933, -0.148397
-0.220301, -0.142282
-0.217377, -0.136319
-0.214161, -0.130514
-0.210655, -0.124873
-0.206858, -0.119399
-0.202773, -0.114097
-0.198403, -0.108970
-0.193750, -0.104018
-0.188820, -0.099244
-0.183616, -0.094647
-0.178144, -0.090227
-0.172410, -0.085982
-0.166421, -0.081910
-0.160185, -0.078007
-0.153709, -0.074270
-0.147002, -0.070694
-0.140074, -0.067273
-0.132935, -0.064000
-0.125594, -0.060868
-0.118065, -0.057870
-0.110358, -0.054995
-0.102485, -0.052235
-0.094460, -0.049580
-0.086295, -0.047018
-0.078004, -0.044538
-0.069603, -0.042128
-0.061103, -0.039776
-0.052522, -0.037469
-0.043873, -0.035194
-0.035172, -0.032937
-0.026434, -0.030685
-0.017675, -0.028424
-0.008909, -0.026140
-0.000154, -0.023820
0.008577, -0.021449
0.017267, -0.019015
0.025903, -0.016504
0.034467, -0.013904
0.042948, -0.011202
0.051329, -0.008386
0.059596, -0.005445
0.067738, -0.002368
0.075740, 0.000856
0.083589, 0.004234
0.091275, 0.007777
0.098784, 0.011493
0.106107, 0.015388
0.113233, 0.019469
0.120151, 0.023742
0.126854, 0.028211
0.133332, 0.032880
0.139577, 0.037752
0.145582, 0.042830
0.151341, 0.048114
0.156848, 0.053605
0.162097, 0.059303
0.167084, 0.065206
0.171806, 0.071313
0.176258, 0.077618
0.180439, 0.084120
0.184347, 0.090813
0.187980, 0.097691
0.191340, 0.104748
0.194425, 0.111977
0.197237, 0.119368
0.199778, 0.126914
0.202051, 0.134603
0.204058, 0.142426
0.205803, 0.150372
0.207292, 0.158427
0.208529, 0.166578
0.209520, 0.174813
0.210271, 0.183117
0.210790, 0.191475
0.211084, 0.199871
0.211160, 0.208290
0.211029, 0.216714
0.210697, 0.225126
0.210176, 0.233510
0.209474, 0.241848
0.208601, 0.250121
0.207568, 0.258312
0.206385, 0.266402
0.205062, 0.274374
0.203610, 0.282209
0.202039, 0.289888
0.200359, 0.297395
0.198582, 0.304712
0.196718, 0.311821
0.194776, 0.318706
0.192766, 0.325350
0.190699, 0.331738
0.188583, 0.337853
0.186428, 0.343682
0.184242, 0.349210
0.182033, 0.354424
0.179811, 0.359310
0.177582, 0.363857
0.175354, 0.368053
0.173134, 0.371888
0.170928, 0.375352
0.168743, 0.378434
0.166585, 0.381128
0.164458, 0.383424
0.162369, 0.385317
0.160321, 0.386799
0.158320, 0.387865
0.156369, 0.388511
0.154472, 0.388731
0.152633, 0.388523
0.150854, 0.387885
0.149138, 0.386813
0.147488, 0.385307
0.145905, 0.383366
0.144391, 0.380991
0.142948, 0.378182
0.141576, 0.374941
0.140276, 0.371270
0.139049, 0.367174
0.137893, 0.362655
0.136808, 0.357718
0.135793, 0.352369
0.134848, 0.346615
0.133968, 0.340462
0.133153, 0.333919
0.132400, 0.326994
0.131704, 0.319698
0.131061, 0.312040
0.130469, 0.304033
0.129920, 0.295688
0.129410, 0.287020
0.128932, 0.278042
0.128481, 0.268769
0.128048, 0.259218
0.127625, 0.249404
0.127206, 0.239346
0.126780, 0.229061
0.126339, 0.218569
0.125872, 0.207890
0.125372, 0.197042
0.124826, 0.186047
0.124225, 0.174926
0.123557, 0.163701
0.122813, 0.152392
0.121981, 0.141022
0.121051, 0.129613
0.120012, 0.118185
0.118854, 0.106762
0.117566, 0.095363
0.116139, 0.084011
0.114562, 0.072725
0.112828, 0.061527
0.110926, 0.050434
0.108850, 0.039467
0.106592, 0.028643
0.104145, 0.017979
0.101503, 0.007493
0.098661, -0.002800
0.095614, -0.012886
0.092357, -0.022750
0.088888, -0.032379
0.085204, -0.041762
0.081303, -0.050887
0.077185, -0.059745
0.072849, -0.068325
0.068295, -0.076621
0.063525, -0.084624
0.058541, -0.092329
0.053345, -0.099731
0.047941, -0.106824
0.042332, -0.113607
0.036524, -0.120076
0.030521, -0.126230
0.024329, -0.132068
0.017956, -0.137591
0.011408, -0.142801
0.004693, -0.147700
-0.002181, -0.152291
-0.009204, -0.156578
-0.016367, -0.160566
-0.023660, -0.164262
-0.031072, -0.167671
-0.038592, -0.170802
-0.046209, -0.173663
-0.053910, -0.176264
-0.061683, -0.178614
-0.069515, -0.180724
-0.077393, -0.182606
-0.085302, -0.184271
-0.093230, -0.185733
-0.101161, -0.187004
-0.109081, -0.188098
-0.116976, -0.189030
-0.124830, -0.189813
-0.132629, -0.190462
-0.140358, -0.190992
-0.148001, -0.191419
-0.155544, -0.191756
-0.162973, -0.192019
-0.170272, -0.192223
-0.177427, -0.192382
-0.184424, -0.192510
-0.191250, -0.192623
-0.197891, -0.192732
-0.204333, -0.192852
-0.210566, -0.192995
-0.216576, -0.193172
-0.222352, -0.193396
-0.227883, -0.193678
-0.233159, -0.194026
-0.238170, -0.194451
-0.242908, -0.194961
-0.247363, -0.195564
-0.251528, -0.196267
-0.255395, -0.197077
-0.258960, -0.197998
-0.262215, -0.199036
-0.265156, -0.200194
-0.267778, -0.201476
-0.270078, -0.202883
-0.272053, -0.204417
-0.273700, -0.206079
-0.275019, -0.207868
-0.276009, -0.209784
-0.276669, -0.211824
-0.277000, -0.213986
-0.277003, -0.216267
-0.276682, -0.218663
-0.276037, -0.221167
-0.275074, -0.223775
-0.273795, -0.226480
-0.272207, -0.229275
-0.270314, -0.232151
-0.268122, -0.235100
-0.265640, -0.238112
-0.262873, -0.241176
-0.259831, -0.244282
-0.256522, -0.247418
-0.252955, -0.250571
-0.249141, -0.253729
-0.245089, -0.256878
-0.240811, -0.260004
-0.236317, -0.263093
-0.231621, -0.266129
-0.226733, -0.269097
-0.221667, -0.271982
-0.216435, -0.274768
-0.211050, -0.277439
-0.205525, -0.279979
-0.199874, -0.282372
-0.194109, -0.284602
-0.188245, -0.286652
-0.182294, -0.288509
-0.176269, -0.290155
-0.170185, -0.291576
-0.164054, -0.292757
-0.157889, -0.293684
-0.151702, -0.294344
-0.145506, -0.294722
-0.139313, -0.294808
-0.133134, -0.294588
-0.126982, -0.294052
-0.120866, -0.293188
-0.114799, -0.291988
-0.108789, -0.290442
-0.102847, -0.288542
-0.096983, -0.286280
-0.091205, -0.283650
-0.085522, -0.280647
-0.079942, -0.277265
-0.074472, -0.273499
-0.069121, -0.269348
-0.063894, -0.264808
-0.058797, -0.259878
-0.053837, -0.254557
-0.049019, -0.248846
-0.044347, -0.242746
-0.039825, -0.236259
-0.035456, -0.229388
-0.031244, -0.222136
-0.027191, -0.214510
-0.023298, -0.206514
-0.019566, -0.198156
-0.015997, -0.189443
-0.012588, -0.180385
-0.009340, -0.170991
-0.006251, -0.161271
-0.003317, -0.151239
-0.000536, -0.140907
0.002096, -0.130289
0.004584, -0.119400
0.006934, -0.108256
0.009151, -0.096875
0.011243, -0.085273
0.013218, -0.073470
0.015083, -0.061486
0.016848, -0.049342
0.018522, -0.037058
0.020115, -0.024657
0.021637, -0.012161
0.023100, 0.000406
0.024514, 0.013022
0.025892, 0.025661
0.027243, 0.038302
0.028580, 0.050919
0.029915, 0.063488
0.031259, 0.075987
0.032623, 0.088391
0.034017, 0.100677
0.035454, 0.112823
0.036941, 0.124807
0.038490, 0.136608
0.040110, 0.148205
0.041808, 0.159579
0.043593, 0.170710
0.045472, 0.181581
0.047452, 0.192175
0.049538, 0.202476
0.051735, 0.212469
0.054049, 0.222139
0.056482, 0.231475
0.059038, 0.240464
0.061718, 0.249095
0.064526, 0.257358
0.067462, 0.265245
0.070525, 0.272747
0.073717, 0.279858
0.077036, 0.286571
0.080481, 0.292881
0.084050, 0.298785
0.087740, 0.304278
0.091549, 0.309359
0.095472, 0.314026
0.099507, 0.318278
0.103649, 0.322115
0.107893, 0.325539
0.112233, 0.328551
0.116664, 0.331153
0.121180, 0.333349
0.125774, 0.335144
0.130439, 0.336542
0.135169, 0.337550
0.139954, 0.338173
0.144787, 0.338419
0.149660, 0.338296
0.154563, 0.337813
0.159488, 0.336980
0.164424, 0.335807
0.169363, 0.334305
0.174292, 0.332486
0.179202, 0.330362
0.184082, 0.327946
0.188921, 0.325252
0.193708, 0.322293
0.198429, 0.319084
0.203075, 0.315641
0.207632, 0.311979
0.212090, 0.308114
0.216434, 0.304061
0.220654, 0.299837
0.224738, 0.295458
0.228672, 0.290942
0.232445, 0.286304
0.236046, 0.281560
0.239462, 0.276728
0.242682, 0.271824
0.245695, 0.266862
0.248490, 0.261860
0.251058, 0.256831
0.253388, 0.251792
0.255470, 0.246755
0.257296, 0.241735
0.258857, 0.236745
0.260146, 0.231798
0.261155, 0.226905
0.261877, 0.222077
0.262308, 0.217326
0.262440, 0.212660
0.262270, 0.208090
0.261794, 0.203623
0.261008, 0.199267
0.259910, 0.195028
0.258498, 0.190913
0.256770, 0.186927
0.254726, 0.183075
0.252366, 0.179359
0.249691, 0.175782
0.246703, 0.172347
0.243404, 0.169055
0.239797, 0.165906
0.235885, 0.162900
0.231674, 0.160035
0.227167, 0.157309
0.222372, 0.154719
0.217294, 0.152262
0.211941, 0.149932
0.206321, 0.147725
0.200441, 0.145634
0.194312, 0.143651
0.187942, 0.141771
0.181343, 0.139982
0.174526, 0.138278
0.167501, 0.136646
0.160282, 0.135078
0.152880, 0.133561
0.145309, 0.132083
0.137583, 0.130633
0.129715, 0.129197
0.121719, 0.127762
0.113611, 0.126314
0.105405, 0.124840
0.097116, 0.123326
0.088759, 0.121756
0.080351, 0.120118
0.071905, 0.118396
0.063437, 0.116577
0.054963, 0.114646
0.046497, 0.112590
0.038056, 0.110396
0.029652, 0.108050
0.021302, 0.105540
0.013018, 0.102854
0.004816, 0.099981
-0.003293, 0.096910
-0.011294, 0.093631
-0.019175, 0.090135
-0.026925, 0.086413
-0.034531, 0.082457
-0.041983, 0.078260
-0.049270, 0.073817
-0.056383, 0.069121
-0.063312, 0.064170
-0.070048, 0.058959
-0.076584, 0.053485
-0.082912, 0.047748
-0.089025, 0.041746
-0.094918, 0.035480
-0.100585, 0.028950
-0.106020, 0.022159
-0.111221, 0.015109
-0.116184, 0.007806
-0.120905, 0.000252
-0.125384, -0.007545
-0.129619, -0.015579
-0.133609, -0.023843
-0.137354, -0.032329
-0.140857, -0.041025
-0.144117, -0.049924
-0.147138, -0.059012
-0.149923, -0.068279
-0.152476, -0.077711
-0.154801, -0.087294
-0.156903, -0.097015
-0.158789, -0.106857
-0.160464, -0.116805
-0.161936, -0.126841
-0.163212, -0.136949
-0.164301, -0.147111
-0.165211, -0.157307
-0.165951, -0.167520
-0.166531, -0.177729
-0.166961, -0.187916
-0.167250, -0.198060
-0.167408, -0.208141
-0.167447, -0.218140
-0.167376, -0.228035
-0.167206, -0.237809
-0.166946, -0.247439
-0.166609, -0.256908
-0.166202, -0.266197
-0.165737, -0.275285
-0.165222, -0.284156
-0.164668, -0.292792
-0.164083, -0.301176
-0.163475, -0.309290
-0.162853, -0.317121
-0.162224, -0.324652
-0.161596, -0.331869
-0.160976, -0.338760
-0.160369, -0.345310
-0.159783, -0.351510
-0.159222, -0.357346
-0.158691, -0.362810
-0.158195, -0.367891
-0.157739, -0.372581
-0.157326, -0.376872
-0.156959, -0.380757
-0.156642, -0.384230
-0.156376, -0.387284
-0.156164, -0.389915
-0.156009, -0.392119
-0.155910, -0.393893
-0.155871, -0.395233
-0.155890, -0.396139
-0.155969, -0.396608
-0.156108, -0.396640
-0.156307, -0.396235
-0.156565, -0.395394
-0.156881, -0.394120
-0.157254, -0.392413
-0.157682, -0.390277
-0.158164, -0.387716
-0.158697, -0.384735
-0.159278, -0.381338
-0.159905, -0.377532
-0.160575, -0.373322
-0.161283, -0.368718
-0.162025, -0.363726
-0.162797, -0.358356
-0.163593, -0.352619
-0.164409, -0.346523
-0.165238, -0.340081
-0.166074, -0.333305
-0.166911, -0.326208
-0.167740, -0.318804
-0.168555, -0.311106
-0.169347, -0.303131
-0.170108, -0.294894
-0.170829, -0.286411
-0.171501, -0.277700
-0.172114, -0.268778
-0.172660, -0.259663
-0.173127, -0.250375
-0.173506, -0.240931
-0.173786, -0.231352
-0.173958, -0.221657
-0.174010, -0.211866
-0.173932, -0.201997
-0.173715, -0.192072
-0.173348, -0.182110
-0.172820, -0.172130
-0.172124, -0.162151
-0.171249, -0.152192
-0.170186, -0.142272
-0.168928, -0.132409
-0.167466, -0.122620
-0.165794, -0.112922
-0.163903, -0.103331
-0.161788, -0.093862
-0.159444, -0.084531
-0.156866, -0.075351
-0.154049, -0.066336
-0.150990, -0.057498
-0.147687, -0.048847
-0.144136, -0.040396
-0.140337, -0.032154
-0.136290, -0.024129
-0.131994, -0.016329
-0.127449, -0.008762
-0.122659, -0.001433
-0.117624, 0.005652
-0.112348, 0.012488
-0.106835, 0.019073
-0.101088, 0.025404
-0.095113, 0.031480
-0.088916, 0.037299
-0.082503, 0.042863
-0.075881, 0.048172
-0.069058, 0.053228
-0.062042, 0.058035
-0.054841, 0.062597
-0.047467, 0.066917
-0.039927, 0.071003
-0.032235, 0.074859
-0.024400, 0.078495
-0.016434, 0.081917
-0.008350, 0.085135
-0.000160, 0.088158
0.008122, 0.090997
0.016482, 0.093663
0.024907, 0.096167
0.033382, 0.098522
0.041893, 0.100740
0.050425, 0.102835
0.058963, 0.104819
0.067491, 0.106707
0.075994, 0.108513
0.084456, 0.110250
0.092863, 0.111933
0.101200, 0.113577
0.109450, 0.115194
0.117599, 0.116799
0.125632, 0.118406
0.133535, 0.120028
0.141293, 0.121678
0.148893, 0.123368
0.156321, 0.125111
0.163565, 0.126918
0.170611, 0.128799
0.177449, 0.130764
0.184066, 0.132824
0.190453, 0.134988
0.196598, 0.137262
0.202493, 0.139654
0.208128, 0.142171
0.213495, 0.144818
0.218587, 0.147600
0.223396, 0.150521
0.227917, 0.153585
0.232144, 0.156793
0.236072, 0.160148
0.239697, 0.163649
0.243016, 0.167296
0.246026, 0.171090
0.248724, 0.175027
0.251110, 0.179106
0.253184, 0.183322
0.254944, 0.187672
0.256392, 0.192150
0.257530, 0.196752
0.258359, 0.201469
0.258882, 0.206296
0.259104, 0.211222
0.259029, 0.216241
0.258660, 0.221341
0.258005, 0.226513
0.257068, 0.231746
0.255858, 0.237027
0.254381, 0.242345
0.252646, 0.247685
0.250660, 0.253035
0.248434, 0.258381
0.245976, 0.263707
0.243298, 0.268999
0.240408, 0.274241
0.237318, 0.279417
0.234039, 0.284510
0.230583, 0.289506
0.226960, 0.294386
0.223184, 0.299135
0.219265, 0.303735
0.215215, 0.308171
0.211048, 0.312426
0.206774, 0.316483
0.202405, 0.320327
0.197954, 0.323942
0.193432, 0.327313
0.188851, 0.330424
0.184221, 0.333262
0.179555, 0.335812
0.174862, 0.338062
0.170154, 0.339998
0.165440, 0.341609
0.160731, 0.342884
0.156036, 0.343810
0.151364, 0.344379
0.146724, 0.344582
0.142125, 0.344409
0.137574, 0.343853
0.133080, 0.342908
0.128650, 0.341566
0.124290, 0.339822
0.120008, 0.337672
0.115809, 0.335112
0.111700, 0.332138
0.107685, 0.328749
0.103769, 0.324943
0.099958, 0.320719
0.096254, 0.316077
0.092662, 0.311019
0.089185, 0.305546
0.085825, 0.299661
0.082585, 0.293367
0.079466, 0.286669
0.076469, 0.279573
0.073594, 0.272084
0.070842, 0.264210
0.068212, 0.255959
0.065702, 0.247340
0.063311, 0.238363
0.061035, 0.229040
0.058873, 0.219383
0.056818, 0.209404
0.054868, 0.199118
0.053016, 0.188540
0.051256, 0.177687
0.049583, 0.166574
0.047987, 0.155221
0.046461, 0.143647
0.044997, 0.131871
0.043585, 0.119914
0.042216, 0.107797
0.040878, 0.095542
0.039563, 0.083172
0.038258, 0.070710
0.036952, 0.058179
0.035634, 0.045604
0.034292, 0.033007
0.032916, 0.020413
0.031493, 0.007845
0.030012, -0.004672
0.028462, -0.017116
0.026833, -0.029464
0.025114, -0.041693
0.023296, -0.053781
0.021368, -0.065708
0.019323, -0.077453
0.017152, -0.088997
0.014848, -0.100320
0.012404, -0.111406
0.009815, -0.122238
0.007074, -0.132799
0.004177, -0.143074
0.001121, -0.153052
-0.002097, -0.162718
-0.005479, -0.172060
-0.009028, -0.181069
-0.012744, -0.189735
-0.016627, -0.198049
-0.020676, -0.206003
-0.024891, -0.213592
-0.029268, -0.220808
-0.033807, -0.227649
-0.038503, -0.234109
-0.043352, -0.240187
-0.048351, -0.245880
-0.053495, -0.251188
-0.058778, -0.256110
-0.064194, -0.260647
-0.069736, -0.264802
-0.075398, -0.268577
-0.081173, -0.271976
-0.087051, -0.275002
-0.093025, -0.277662
-0.099086, -0.279960
-0.105224, -0.281905
-0.111430, -0.283504
-0.117693, -0.284766
-0.124003, -0.285699
-0.130348, -0.286315
-0.136718, -0.286623
-0.143100, -0.286636
-0.149483, -0.286365
-0.155854, -0.285823
-0.162200, -0.285024
-0.168508, -0.283982
-0.174766, -0.282711
-0.180960, -0.281225
-0.187077, -0.279541
-0.193103, -0.277673
-0.199024, -0.275638
-0.204827, -0.273450
-0.210499, -0.271127
-0.216026, -0.268684
-0.221394, -0.266137
-0.226592, -0.263501
-0.231606, -0.260793
-0.236423, -0.258028
-0.241032, -0.255220
-0.245421, -0.252384
-0.249579, -0.249535
-0.253494, -0.246686
-0.257157, -0.243850
-0.260557, -0.241040
-0.263686, -0.238267
-0.266535, -0.235543
-0.269096, -0.232878
-0.271362, -0.230282
-0.273326, -0.227764
-0.274982, -0.225333
-0.276324, -0.222995
-0.277349, -0.220758
-0.278052, -0.218628
-0.278429, -0.216609
-0.278479, -0.214707
-0.278200, -0.212925
-0.277590, -0.211265
-0.276649, -0.209730
-0.275377, -0.208320
-0.273776, -0.207037
-0.271847, -0.205880
-0.269592, -0.204847
-0.267015, -0.203937
-0.264119, -0.203147
-0.260910, -0.202472
-0.257392, -0.201910
-0.253571, -0.201453
-0.249454, -0.201097
-0.245049, -0.200834
-0.240362, -0.200657
-0.235404, -0.200557
-0.230183, -0.200525
-0.224709, -0.200551
-0.218993, -0.200625
-0.213046, -0.200735
-0.206879, -0.200870
-0.200505, -0.201017
-0.193936, -0.201163
-0.187185, -0.201294
-0.180266, -0.201396
-0.173193, -0.201456
-0.165979, -0.201458
-0.158639, -0.201388
-0.151189, -0.201231
-0.143641, -0.200971
-0.136012, -0.200594
-0.128316, -0.200084
-0.120568, -0.199428
-0.112783, -0.198609
-0.104975, -0.197614
-0.097159, -0.196429
-0.089350, -0.195040
-0.081561, -0.193434
-0.073806, -0.191599
-0.066098, -0.189524
-0.058451, -0.187196
-0.050878, -0.184605
-0.043390, -0.181742
-0.035999, -0.178598
-0.028718, -0.175164
-0.021555, -0.171434
-0.014523, -0.167400
-0.007630, -0.163058
-0.000887, -0.158402
0.005699, -0.153428
0.012120, -0.148135
0.018367, -0.142519
0.024434, -0.136580
0.030314, -0.130318
0.036002, -0.123734
0.041493, -0.116828
0.046783, -0.109605
0.051867, -0.102068
0.056743, -0.094221
0.061408, -0.086070
0.065861, -0.077622
0.070101, -0.068884
0.074128, -0.059865
0.077941, -0.050575
0.081544, -0.041023
0.084937, -0.031222
0.088123, -0.021184
0.091106, -0.010922
0.093890, -0.000451
0.096481, 0.010214
0.098884, 0.021057
0.101105, 0.032060
0.103151, 0.043207
0.105031, 0.054478
0.106753, 0.065854
0.108324, 0.077315
0.109756, 0.088841
0.111056, 0.100410
0.112237, 0.112001
0.113307, 0.123593
0.114278, 0.135164
0.115160, 0.146691
0.115964, 0.158152
0.116701, 0.169526
0.117382, 0.180790
0.118018, 0.191924
0.118618, 0.202906
0.119193, 0.213715
0.119753, 0.224331
0.120308, 0.234734
0.120865, 0.244907
0.121435, 0.254830
0.122024, 0.264485
0.122640, 0.273858
0.123291, 0.282931
0.123983, 0.291691
0.124721, 0.300122
0.125511, 0.308212
0.126358, 0.315949
0.127265, 0.323321
0.128237, 0.330319
0.129276, 0.336932
0.130386, 0.343152
0.131567, 0.348972
0.132823, 0.354384
0.134153, 0.359382
0.135559, 0.363961
0.137040, 0.368117
0.138598, 0.371845
0.140230, 0.375144
0.141937, 0.378011
0.143716, 0.380444
0.145566, 0.382444
0.147485, 0.384010
0.149471, 0.385142
0.151521, 0.385844
0.153631, 0.386116
0.155799, 0.385962
0.158020, 0.385386
0.160290, 0.384392
0.162605, 0.382986
0.164960, 0.381174
0.167349, 0.378961
0.169768, 0.376356
0.172209, 0.373367
0.174668, 0.370002
0.177137, 0.366271
0.179609, 0.362185
0.182076, 0.357755
0.184532, 0.352992
0.186968, 0.347909
0.189375, 0.342518
0.191745, 0.336835
0.194069, 0.330872
0.196337, 0.324645
0.198539, 0.318170
0.200666, 0.311463
0.202707, 0.304539
0.204652, 0.297417
0.206491, 0.290113
0.208212, 0.282644
0.209807, 0.275029
0.211263, 0.267286
0.212570, 0.259432
0.213719, 0.251485
0.214698, 0.243463
0.215497, 0.235384
0.216107, 0.227266
0.216519, 0.219126
0.216722, 0.210981
0.216709, 0.202847
0.216470, 0.194740
0.215999, 0.186676
0.215288, 0.178671
0.214330, 0.170737
0.213119, 0.162890
0.211649, 0.155142
0.209916, 0.147505
0.207916, 0.139992
0.205645, 0.132612
0.203099, 0.125377
0.200278, 0.118295
0.197178, 0.111374
0.193801, 0.104623
0.190144, 0.098048
0.186210, 0.091655
0.182000, 0.085448
0.177515, 0.079434
0.172758, 0.073614
0.167733, 0.067991
0.162443, 0.062567
0.156895, 0.057342
0.151093, 0.052318
0.145043, 0.047491
0.138752, 0.042861
0.132228, 0.038426
0.125480, 0.034180
0.118515, 0.030121
0.111344, 0.026242
0.103976, 0.022538
0.096422, 0.019001
0.088694, 0.015625
0.080803, 0.012399
0.072761, 0.009316
0.064582, 0.006366
0.056279, 0.003537
0.047865, 0.000819
0.039354, -0.001800
0.030762, -0.004333
0.022102, -0.006791
0.013390, -0.009188
0.004641, -0.011538
-0.004130, -0.013853
-0.012908, -0.016147
-0.021676, -0.018435
-0.030419, -0.020730
-0.039122, -0.023045
-0.047770, -0.025394
-0.056348, -0.027790
-0.064840, -0.030246
-0.073232, -0.032776
-0.081509, -0.035390
-0.089659, -0.038100
