0.220000, 0.196350
0.225700, 0.196375
0.231153, 0.196458
0.236346, 0.196609
0.241271, 0.196838
0.245919, 0.197153
0.250280, 0.197562
0.254349, 0.198073
0.258116, 0.198693
0.261576, 0.199426
0.264724, 0.200277
0.267554, 0.201251
0.270062, 0.202351
0.272244, 0.203579
0.274098, 0.204937
0.275621, 0.206425
0.276813, 0.208043
0.277672, 0.209790
0.278198, 0.211665
0.278393, 0.213665
0.278257, 0.215786
0.277793, 0.218026
0.277004, 0.220377
0.275894, 0.222836
0.274466, 0.225395
0.272725, 0.228046
0.270678, 0.230783
0.268331, 0.233595
0.265691, 0.236473
0.262765, 0.239408
0.259561, 0.242387
0.256090, 0.245399
0.252360, 0.248432
0.248381, 0.251473
0.244164, 0.254507
0.239720, 0.257521
0.235061, 0.260500
0.230199, 0.263430
0.225145, 0.266294
0.219914, 0.269077
0.214517, 0.271763
0.208968, 0.274336
0.203280, 0.276780
0.197467, 0.279078
0.191543, 0.281214
0.185520, 0.283173
0.179413, 0.284938
0.173236, 0.286494
0.167000, 0.287826
0.160721, 0.288918
0.154411, 0.289756
0.148082, 0.290328
0.141747, 0.290618
0.135419, 0.290615
0.129110, 0.290307
0.122831, 0.289682
0.116592, 0.288730
0.110406, 0.287441
0.104283, 0.285805
0.098232, 0.283815
0.092263, 0.281463
0.086385, 0.278742
0.080608, 0.275647
0.074938, 0.272173
0.069385, 0.268315
0.063954, 0.264071
0.058653, 0.259437
0.053489, 0.254414
0.048466, 0.248999
0.043590, 0.243194
0.038866, 0.237000
0.034297, 0.230418
0.029888, 0.223453
0.025641, 0.216108
0.021557, 0.208388
0.017640, 0.200299
0.013889, 0.191848
0.010306, 0.183044
0.006889, 0.173895
0.003637, 0.164412
0.000549, 0.154604
-0.002378, 0.144486
-0.005148, 0.134069
-0.007764, 0.123369
-0.010232, 0.112399
-0.012557, 0.101178
-0.014746, 0.089721
-0.016805, 0.078047
-0.018743, 0.066176
-0.020568, 0.054127
-0.022289, 0.041921
-0.023916, 0.029580
-0.025459, 0.017126
-0.026929, 0.004582
-0.028336, -0.008029
-0.029693, -0.020683
-0.031010, -0.033357
-0.032299, -0.046025
-0.033573, -0.058664
-0.034842, -0.071250
-0.036118, -0.083758
-0.037413, -0.096166
-0.038737, -0.108451
-0.040102, -0.120589
-0.041517, -0.132559
-0.042992, -0.144338
-0.044537, -0.155908
-0.046159, -0.167248
-0.047867, -0.178339
-0.049668, -0.189164
-0.051569, -0.199705
-0.053575, -0.209946
-0.055692, -0.219874
-0.057924, -0.229473
-0.060275, -0.238731
-0.062747, -0.247637
-0.065344, -0.256179
-0.068067, -0.264347
-0.070916, -0.272133
-0.073893, -0.279530
-0.076997, -0.286529
-0.080227, -0.293125
-0.083583, -0.299314
-0.087061, -0.305091
-0.090661, -0.310453
-0.094378, -0.315397
-0.098209, -0.319922
-0.102151, -0.324028
-0.106199, -0.327715
-0.110349, -0.330983
-0.114594, -0.333835
-0.118930, -0.336273
-0.123351, -0.338302
-0.127850, -0.339924
-0.132419, -0.341146
-0.137052, -0.341973
-0.141742, -0.342412
-0.146479, -0.342470
-0.151256, -0.342155
-0.156064, -0.341477
-0.160893, -0.340446
-0.165734, -0.339070
-0.170577, -0.337363
-0.175412, -0.335336
-0.180228, -0.333000
-0.185014, -0.330370
-0.189760, -0.327459
-0.194453, -0.324281
-0.199082, -0.320851
-0.203636, -0.317185
-0.208102, -0.313297
-0.212468, -0.309205
-0.216722, -0.304924
-0.220852, -0.300470
-0.224845, -0.295862
-0.228690, -0.291114
-0.232374, -0.286245
-0.235885, -0.281270
-0.239212, -0.276207
-0.242343, -0.271072
-0.245267, -0.265881
-0.247973, -0.260650
-0.250451, -0.255394
-0.252691, -0.250128
-0.254683, -0.244868
-0.256419, -0.239626
-0.257890, -0.234417
-0.259087, -0.229252
-0.260005, -0.224145
-0.260635, -0.219107
-0.260972, -0.214149
-0.261012, -0.209280
-0.260748, -0.204509
-0.260177, -0.199847
-0.259296, -0.195299
-0.258102, -0.190873
-0.256592, -0.186576
-0.254767, -0.182412
-0.252625, -0.178387
-0.250167, -0.174503
-0.247393, -0.170765
-0.244305, -0.167173
-0.240906, -0.163730
-0.237198, -0.160435
-0.233186, -0.157289
-0.228873, -0.154289
-0.224265, -0.151435
-0.219367, -0.148723
-0.214187, -0.146150
-0.208732, -0.143710
-0.203009, -0.141399
-0.197027, -0.139210
-0.190796, -0.137136
-0.184325, -0.135170
-0.177625, -0.133303
-0.170706, -0.131525
-0.163582, -0.129827
-0.156263, -0.128197
-0.148763, -0.126625
-0.141095, -0.125099
-0.133272, -0.123605
-0.125309, -0.122132
-0.117220, -0.120665
-0.109020, -0.119190
-0.100724, -0.117695
-0.092348, -0.116164
-0.083906, -0.114583
-0.075413, -0.112938
-0.066887, -0.111214
-0.058341, -0.109396
-0.049792, -0.107472
-0.041255, -0.105426
-0.032744, -0.103246
-0.024276, -0.100918
-0.015864, -0.098430
-0.007522, -0.095768
0.000735, -0.092923
0.008893, -0.089882
0.016940, -0.086637
0.024864, -0.083176
0.032651, -0.079492
0.040290, -0.075577
0.047771, -0.071423
0.055082, -0.067025
0.062214, -0.062377
0.069157, -0.057474
0.075903, -0.052314
0.082444, -0.046893
0.088772, -0.041209
0.094880, -0.035263
0.100763, -0.029053
0.106415, -0.022582
0.111831, -0.015851
0.117007, -0.008862
0.121939, -0.001621
0.126626, 0.005869
0.131065, 0.013602
0.135255, 0.021570
0.139196, 0.029768
0.142887, 0.038185
0.146330, 0.046813
0.149527, 0.055642
0.152480, 0.064660
0.155192, 0.073855
0.157666, 0.083214
0.159909, 0.092724
0.161924, 0.102371
0.163719, 0.112137
0.165298, 0.122009
0.166671, 0.131969
0.167843, 0.141999
0.168824, 0.152081
0.169623, 0.162198
0.170248, 0.172330
0.170709, 0.182457
0.171017, 0.192561
0.171180, 0.202621
0.171210, 0.212617
0.171116, 0.222529
0.170911, 0.232337
0.170603, 0.242021
0.170203, 0.251561
0.169723, 0.260938
0.169172, 0.270132
0.168560, 0.279125
0.167896, 0.287899
0.167191, 0.296436
0.166453, 0.304719
0.165692, 0.312731
0.164915, 0.320457
0.164130, 0.327881
0.163345, 0.334990
0.162567, 0.341769
0.161802, 0.348207
0.161057, 0.354291
0.160337, 0.360009
0.159647, 0.365353
0.158992, 0.370311
0.158378, 0.374876
0.157806, 0.379039
0.157282, 0.382794
0.156807, 0.386133
0.156386, 0.389051
0.156020, 0.391544
0.155711, 0.393607
0.155461, 0.395236
0.155271, 0.396430
0.155142, 0.397185
0.155075, 0.397502
0.155070, 0.397378
0.155127, 0.396815
0.155245, 0.395813
0.155424, 0.394374
0.155663, 0.392500
0.155960, 0.390195
0.156314, 0.387461
0.156723, 0.384304
0.157183, 0.380728
0.157693, 0.376740
0.158248, 0.372347
0.158845, 0.367555
0.159481, 0.362374
0.160150, 0.356813
0.160848, 0.350880
0.161568, 0.344588
0.162307, 0.337948
0.163056, 0.330971
0.163809, 0.323671
0.164560, 0.316063
0.165300, 0.308160
0.166021, 0.299978
0.166715, 0.291533
0.167373, 0.282842
0.167985, 0.273922
0.168543, 0.264792
0.169036, 0.255469
0.169454, 0.245973
0.169787, 0.236323
0.170024, 0.226539
0.170156, 0.216641
0.170170, 0.206649
0.170057, 0.196582
0.169807, 0.186462
0.169409, 0.176308
0.168853, 0.166139
0.168129, 0.155976
0.167228, 0.145838
0.166141, 0.135743
0.164859, 0.125711
0.163375, 0.115757
0.161680, 0.105901
0.159769, 0.096158
0.157634, 0.086543
0.155270, 0.077073
0.152673, 0.067761
0.149837, 0.058620
0.146759, 0.049664
0.143437, 0.040903
0.139868, 0.032349
0.136051, 0.024011
0.131985, 0.015899
0.127671, 0.008019
0.123108, 0.000381
0.118300, -0.007011
0.113247, -0.014151
0.107953, -0.021034
0.102422, -0.027658
0.096658, -0.034019
0.090666, -0.040116
0.084452, -0.045949
0.078022, -0.051518
0.071383, -0.056824
0.064543, -0.061869
0.057511, -0.066656
0.050295, -0.071190
0.042905, -0.075475
0.035351, -0.079516
0.027645, -0.083321
0.019796, -0.086897
0.011818, -0.090251
0.003722, -0.093394
-0.004478, -0.096336
-0.012770, -0.099085
-0.021140, -0.101654
-0.029572, -0.104055
-0.038054, -0.106300
-0.046570, -0.108402
-0.055105, -0.110374
-0.063645, -0.112230
-0.072172, -0.113984
-0.080674, -0.115650
-0.089132, -0.117243
-0.097534, -0.118776
-0.105861, -0.120266
-0.114101, -0.121725
-0.122236, -0.123168
-0.130253, -0.124609
-0.138137, -0.126062
-0.145873, -0.127540
-0.153448, -0.129056
-0.160848, -0.130621
-0.168060, -0.132249
-0.175072, -0.133949
-0.181871, -0.135732
-0.188446, -0.137608
-0.194787, -0.139587
-0.200883, -0.141675
-0.206724, -0.143882
-0.212301, -0.146213
-0.217607, -0.148674
-0.222633, -0.151270
-0.227373, -0.154006
-0.231821, -0.156885
-0.235970, -0.159909
-0.239817, -0.163080
-0.243356, -0.166399
-0.246585, -0.169867
-0.249500, -0.173482
-0.252100, -0.177242
-0.254384, -0.181145
-0.256351, -0.185189
-0.258000, -0.189368
-0.259334, -0.193678
-0.260353, -0.198113
-0.261060, -0.202667
-0.261457, -0.207332
-0.261549, -0.212101
-0.261339, -0.216964
-0.260833, -0.221912
-0.260037, -0.226935
-0.258956, -0.232021
-0.257598, -0.237159
-0.255970, -0.242336
-0.254081, -0.247540
-0.251939, -0.252756
-0.249553, -0.257971
-0.246933, -0.263169
-0.244089, -0.268335
-0.241033, -0.273455
-0.237774, -0.278511
-0.234325, -0.283487
-0.230697, -0.288368
-0.226901, -0.293136
-0.222950, -0.297775
-0.218855, -0.302268
-0.214630, -0.306597
-0.210286, -0.310748
-0.205836, -0.314702
-0.201291, -0.318444
-0.196664, -0.321959
-0.191967, -0.325229
-0.187212, -0.328242
-0.182410, -0.330981
-0.177573, -0.333434
-0.172711, -0.335586
-0.167836, -0.337424
-0.162957, -0.338937
-0.158085, -0.340113
-0.153231, -0.340941
-0.148402, -0.341411
-0.143609, -0.341514
-0.138859, -0.341241
-0.134162, -0.340583
-0.129526, -0.339535
-0.124957, -0.338090
-0.120463, -0.336241
-0.116050, -0.333986
-0.111726, -0.331318
-0.107495, -0.328237
-0.103364, -0.324738
-0.099337, -0.320821
-0.095419, -0.316485
-0.091614, -0.311730
-0.087926, -0.306557
-0.084359, -0.300968
-0.080913, -0.294966
-0.077593, -0.288555
-0.074400, -0.281738
-0.071334, -0.274522
-0.068396, -0.266913
-0.065587, -0.258918
-0.062904, -0.250545
-0.060348, -0.241804
-0.057916, -0.232706
-0.055605, -0.223260
-0.053413, -0.213481
-0.051334, -0.203380
-0.049364, -0.192973
-0.047498, -0.182274
-0.045729, -0.171301
-0.044051, -0.160071
-0.042456, -0.148602
-0.040936, -0.136913
-0.039481, -0.125024
-0.038083, -0.112957
-0.036731, -0.100732
-0.035415, -0.088373
-0.034125, -0.075903
-0.032848, -0.063344
-0.031574, -0.050720
-0.030291, -0.038056
-0.028986, -0.025375
-0.027650, -0.012702
-0.026269, -0.000061
-0.024832, 0.012525
-0.023329, 0.025032
-0.021748, 0.037436
-0.020079, 0.049716
-0.018312, 0.061849
-0.016437, 0.073813
-0.014447, 0.085590
-0.012331, 0.097158
-0.010084, 0.108499
-0.007698, 0.119596
-0.005167, 0.130432
-0.002486, 0.140990
0.000350, 0.151257
0.003344, 0.161217
0.006499, 0.170860
0.009819, 0.180173
0.013303, 0.189145
0.016953, 0.197767
0.020770, 0.206030
0.024752, 0.213927
0.028898, 0.221452
0.033207, 0.228599
0.037676, 0.235362
0.042301, 0.241740
0.047080, 0.247728
0.052007, 0.253325
0.057078, 0.258531
0.062287, 0.263345
0.067629, 0.267769
0.073096, 0.271804
0.078683, 0.275453
0.084381, 0.278720
0.090183, 0.281609
0.096080, 0.284125
0.102064, 0.286275
0.108124, 0.288066
0.114252, 0.289506
0.120436, 0.290602
0.126668, 0.291366
0.132934, 0.291806
0.139225, 0.291934
0.145529, 0.291762
0.151832, 0.291301
0.158124, 0.290565
0.164391, 0.289568
0.170621, 0.288323
0.176799, 0.286845
0.182914, 0.285149
0.188951, 0.283250
0.194897, 0.281164
0.200739, 0.278908
0.206463, 0.276497
0.212054, 0.273947
0.217501, 0.271275
0.222789, 0.268497
0.227906, 0.265629
0.232839, 0.262686
0.237574, 0.259685
0.242101, 0.256641
0.246407, 0.253568
0.250480, 0.250481
0.254311, 0.247395
0.257888, 0.244321
0.261202, 0.241274
0.264243, 0.238265
0.267004, 0.235305
0.269475, 0.232407
0.271650, 0.229578
0.273522, 0.226830
0.275084, 0.224170
0.276332, 0.221607
0.277260, 0.219147
0.277865, 0.216796
0.278144, 0.214561
0.278094, 0.212445
0.277713, 0.210452
0.276999, 0.208586
0.275954, 0.206848
0.274576, 0.205241
0.272867, 0.203764
0.270829, 0.202417
0.268464, 0.201200
0.265775, 0.200110
0.262766, 0.199144
0.259442, 0.198300
0.255809, 0.197573
0.251871, 0.196958
0.247636, 0.196448
0.243112, 0.196037
0.238306, 0.195717
0.233226, 0.195481
0.227884, 0.195318
0.222288, 0.195220
0.216448, 0.195175
0.210378, 0.195172
0.204087, 0.195199
0.197589, 0.195244
0.190895, 0.195294
0.184021, 0.195335
0.176978, 0.195353
0.169781, 0.195333
0.162445, 0.195262
0.154984, 0.195123
0.147412, 0.194903
0.139745, 0.194585
0.131997, 0.194154
0.124185, 0.193595
0.116322, 0.192894
0.108424, 0.192035
0.100505, 0.191004
0.092581, 0.189786
0.084666, 0.188369
0.076774, 0.186738
0.068919, 0.184882
0.061115, 0.182788
0.053375, 0.180445
0.045712, 0.177842
0.038139, 0.174969
0.030666, 0.171818
0.023306, 0.168379
0.016071, 0.164646
0.008969, 0.160612
0.002011, 0.156271
-0.004793, 0.151619
-0.011434, 0.146651
-0.017906, 0.141365
-0.024199, 0.135759
-0.030307, 0.129830
-0.036224, 0.123581
-0.041943, 0.117010
-0.047460, 0.110120
-0.052771, 0.102914
-0.057871, 0.095394
-0.062757, 0.087567
-0.067428, 0.079437
-0.071882, 0.071011
-0.076117, 0.062297
-0.080133, 0.053303
-0.083931, 0.044039
-0.087513, 0.034515
-0.090881, 0.024742
-0.094036, 0.014734
-0.096983, 0.004504
-0.099727, -0.005935
-0.102272, -0.016566
-0.104624, -0.027374
-0.106789, -0.038341
-0.108776, -0.049449
-0.110590, -0.060681
-0.112242, -0.072016
-0.113739, -0.083435
-0.115092, -0.094917
-0.116310, -0.106440
-0.117403, -0.117985
-0.118381, -0.129528
-0.119257, -0.141048
-0.120039, -0.152522
-0.120741, -0.163929
-0.121371, -0.175247
-0.121942, -0.186453
-0.122464, -0.197526
-0.122947, -0.208445
-0.123402, -0.219190
-0.123840, -0.229739
-0.124268, -0.240073
-0.124697, -0.250174
-0.125136, -0.260022
-0.125591, -0.269601
-0.126072, -0.278895
-0.126585, -0.287886
-0.127137, -0.296561
-0.127734, -0.304905
-0.128380, -0.312905
-0.129082, -0.320549
-0.129843, -0.327826
-0.130667, -0.334725
-0.131558, -0.341236
-0.132518, -0.347352
-0.133549, -0.353064
-0.134654, -0.358365
-0.135832, -0.363250
-0.137086, -0.367712
-0.138416, -0.371748
-0.139821, -0.375354
-0.141302, -0.378526
-0.142857, -0.381263
-0.144486, -0.383564
-0.146186, -0.385427
-0.147956, -0.386853
-0.149794, -0.387843
-0.151696, -0.388397
-0.153661, -0.388519
-0.155685, -0.388212
-0.157763, -0.387478
-0.159893, -0.386324
-0.162070, -0.384753
-0.164289, -0.382772
-0.166545, -0.380387
-0.168833, -0.377606
-0.171146, -0.374438
-0.173479, -0.370890
-0.175826, -0.366973
-0.178179, -0.362696
-0.180531, -0.358072
-0.182874, -0.353111
-0.185201, -0.347827
-0.187503, -0.342233
-0.189771, -0.336342
-0.191996, -0.330169
-0.194168, -0.323729
-0.196279, -0.317038
-0.198318, -0.310112
-0.200275, -0.302968
-0.202140, -0.295623
-0.203901, -0.288094
-0.205549, -0.280400
-0.207073, -0.272559
-0.208462, -0.264587
-0.209705, -0.256505
-0.210791, -0.248330
-0.211711, -0.240080
-0.212455, -0.231774
-0.213011, -0.223430
-0.213371, -0.215065
-0.213524, -0.206697
-0.213463, -0.198342
-0.213179, -0.190017
-0.212664, -0.181738
-0.211909, -0.173520
-0.210910, -0.165379
-0.209658, -0.157327
-0.208149, -0.149379
-0.206378, -0.141547
-0.204340, -0.133844
-0.202031, -0.126279
-0.199449, -0.118865
-0.196591, -0.111609
-0.193456, -0.104522
-0.190042, -0.097610
-0.186351, -0.090880
-0.182381, -0.084340
-0.178135, -0.077994
-0.173614, -0.071847
-0.168822, -0.065902
-0.163761, -0.060161
-0.158436, -0.054628
-0.152851, -0.049302
-0.147013, -0.044183
-0.140926, -0.039271
-0.134599, -0.034565
-0.128038, -0.030061
-0.121253, -0.025755
-0.114251, -0.021645
-0.107042, -0.017723
-0.099637, -0.013985
-0.092045, -0.010423
-0.084279, -0.007030
-0.076350, -0.003797
-0.068271, -0.000715
-0.060054, 0.002226
-0.051713, 0.005037
-0.043262, 0.007729
-0.034715, 0.010313
-0.026086, 0.012802
-0.017390, 0.015210
-0.008643, 0.017548
0.000141, 0.019831
0.008945, 0.022072
0.017755, 0.024285
0.026554, 0.026485
0.035327, 0.028685
0.044058, 0.030898
0.052733, 0.033140
0.061334, 0.035423
0.069849, 0.037760
0.078261, 0.040165
0.086556, 0.042650
0.094721, 0.045226
0.102741, 0.047906
0.110604, 0.050699
0.118296, 0.053617
0.125806, 0.056667
0.133121, 0.059860
0.140232, 0.063203
0.147127, 0.066702
0.153796, 0.070365
0.160230, 0.074196
0.166421, 0.078200
0.172360, 0.082381
0.178041, 0.086742
0.183457, 0.091285
0.188602, 0.096011
0.193471, 0.100920
0.198060, 0.106012
0.202363, 0.111285
0.206380, 0.116737
0.210106, 0.122365
0.213541, 0.128165
0.216684, 0.134131
0.219534, 0.140259
0.222091, 0.146542
0.224358, 0.152972
0.226335, 0.159541
0.228026, 0.166241
0.229434, 0.173061
0.230563, 0.179991
0.231417, 0.187020
0.232001, 0.194136
0.232322, 0.201325
0.232386, 0.208576
0.232201, 0.215873
0.231773, 0.223202
0.231112, 0.230548
0.230225, 0.237894
0.229122, 0.245226
0.227813, 0.252526
0.226308, 0.259778
0.224616, 0.266963
0.222748, 0.274066
0.220716, 0.281067
0.218529, 0.287951
0.216199, 0.294698
0.213737, 0.301291
0.211154, 0.307713
0.208462, 0.313947
0.205670, 0.319976
0.202790, 0.325783
0.199833, 0.331352
0.196809, 0.336667
0.193729, 0.341713
0.190601, 0.346475
0.187437, 0.350938
0.184246, 0.355090
0.181036, 0.358918
0.177816, 0.362409
0.174595, 0.365551
0.171381, 0.368335
0.168182, 0.370749
0.165004, 0.372784
0.161855, 0.374432
0.158741, 0.375685
0.155669, 0.376535
0.152645, 0.376976
0.149674, 0.377003
0.146760, 0.376610
0.143910, 0.375793
0.141127, 0.374549
0.138416, 0.372874
0.135780, 0.370768
0.133222, 0.368228
0.130746, 0.365255
0.128354, 0.361848
0.126049, 0.358009
0.123831, 0.353740
0.121703, 0.349042
0.119666, 0.343920
0.117719, 0.338378
0.115863, 0.332421
0.114098, 0.326055
0.112422, 0.319287
0.110834, 0.312124
0.109332, 0.304576
0.107913, 0.296651
0.106575, 0.288361
0.105313, 0.279716
0.104122, 0.270729
0.102999, 0.261414
0.101937, 0.251785
0.100931, 0.241857
0.099972, 0.231646
0.099055, 0.221169
0.098170, 0.210444
0.097310, 0.199491
0.096465, 0.188328
0.095625, 0.176975
0.094781, 0.165455
0.093921, 0.153788
0.093037, 0.141996
0.092115, 0.130102
0.091146, 0.118129
0.090118, 0.106099
0.089019, 0.094035
0.087839, 0.081961
0.086567, 0.069899
0.085190, 0.057872
0.083700, 0.045903
0.082086, 0.034012
0.080337, 0.022223
0.078445, 0.010555
0.076401, -0.000972
0.074198, -0.012338
0.071826, -0.023524
0.069280, -0.034513
0.066554, -0.045288
0.063642, -0.055833
0.060539, -0.066133
0.057243, -0.076175
0.053749, -0.085945
0.050056, -0.095432
0.046161, -0.104624
0.042065, -0.113512
0.037768, -0.122087
0.033269, -0.130340
0.028570, -0.138266
0.023674, -0.145858
0.018583, -0.153111
0.013300, -0.160022
0.007831, -0.166587
0.002179, -0.172805
-0.003649, -0.178674
-0.009649, -0.184195
-0.015813, -0.189367
-0.022134, -0.194194
-0.028604, -0.198678
-0.035215, -0.202822
-0.041957, -0.206630
-0.048823, -0.210110
-0.055801, -0.213266
-0.062881, -0.216105
-0.070052, -0.218637
-0.077303, -0.220869
-0.084622, -0.222812
-0.091997, -0.224476
-0.099414, -0.225871
-0.106861, -0.227011
-0.114325, -0.227907
-0.121791, -0.228572
-0.129246, -0.229020
-0.136676, -0.229266
-0.144066, -0.229324
-0.151401, -0.229208
-0.158667, -0.228934
-0.165849, -0.228518
-0.172932, -0.227974
-0.179903, -0.227319
-0.186746, -0.226569
-0.193447, -0.225738
-0.199992, -0.224842
-0.206367, -0.223896
-0.212559, -0.222915
-0.218554, -0.221914
-0.224340, -0.220906
-0.229904, -0.219904
-0.235236, -0.218923
-0.240322, -0.217973
-0.245154, -0.217066
-0.249720, -0.216215
-0.254011, -0.215428
-0.258019, -0.214716
-0.261735, -0.214086
-0.265152, -0.213548
-0.268262, -0.213109
-0.271061, -0.212774
-0.273541, -0.212550
-0.275699, -0.212441
-0.277531, -0.212451
-0.279033, -0.212584
-0.280203, -0.212841
-0.281038, -0.213225
-0.281539, -0.213736
-0.281703, -0.214374
-0.281532, -0.215138
-0.281026, -0.216027
-0.280187, -0.217038
-0.279018, -0.218167
-0.277522, -0.219410
-0.275702, -0.220764
-0.273564, -0.222221
-0.271112, -0.223775
-0.268352, -0.225419
-0.265292, -0.227145
-0.261938, -0.228944
-0.258298, -0.230806
-0.254382, -0.232721
-0.250198, -0.234678
-0.245755, -0.236665
-0.241066, -0.238669
-0.236140, -0.240678
-0.230989, -0.242679
-0.225625, -0.244656
-0.220061, -0.246596
-0.214308, -0.248483
-0.208382, -0.250302
-0.202294, -0.252038
-0.196059, -0.253674
-0.189690, -0.255196
-0.183202, -0.256586
-0.176608, -0.257829
-0.169924, -0.258910
-0.163163, -0.259812
-0.156338, -0.260520
-0.149465, -0.261019
-0.142558, -0.261294
-0.135629, -0.261332
-0.128692, -0.261118
-0.121761, -0.260639
-0.114848, -0.259882
-0.107966, -0.258836
-0.101126, -0.257490
-0.094342, -0.255832
-0.087624, -0.253854
-0.080983, -0.251546
-0.074430, -0.248900
-0.067974, -0.245909
-0.061626, -0.242566
-0.055393, -0.238867
-0.049286, -0.234805
-0.043312, -0.230379
-0.037479, -0.225583
-0.031792, -0.220417
-0.026260, -0.214880
-0.020888, -0.208971
-0.015681, -0.202691
-0.010644, -0.196042
-0.005780, -0.189027
-0.001094, -0.181648
0.003411, -0.173912
0.007735, -0.165822
0.011874, -0.157387
0.015829, -0.148613
0.019598, -0.139510
0.023184, -0.130086
0.026587, -0.120352
0.029810, -0.110320
0.032854, -0.100003
0.035725, -0.089415
0.038427, -0.078570
0.040964, -0.067484
0.043342, -0.056174
0.045569, -0.044657
0.047652, -0.032953
0.049598, -0.021080
0.051417, -0.009058
0.053118, 0.003090
0.054710, 0.015343
0.056204, 0.027680
0.057611, 0.040076
0.058942, 0.052510
0.060207, 0.064958
0.061419, 0.077395
0.062589, 0.089799
0.063728, 0.102145
0.064848, 0.114410
0.065960, 0.126571
0.067076, 0.138605
0.068205, 0.150490
0.069359, 0.162203
0.070547, 0.173724
0.071778, 0.185032
0.073061, 0.196107
0.074405, 0.206932
0.075817, 0.217487
0.077303, 0.227756
0.078871, 0.237723
0.080526, 0.247373
0.082273, 0.256692
0.084116, 0.265666
0.086059, 0.274284
0.088104, 0.282535
0.090255, 0.290409
0.092512, 0.297896
0.094878, 0.304989
0.097352, 0.311680
0.099934, 0.317963
0.102624, 0.323832
0.105422, 0.329283
0.108325, 0.334313
0.111331, 0.338918
0.114438, 0.343096
0.117643, 0.346847
0.120943, 0.350170
0.124334, 0.353066
0.127812, 0.355535
0.131371, 0.357580
0.135009, 0.359204
0.138718, 0.360410
0.142493, 0.361202
0.146328, 0.361586
0.150217, 0.361568
0.154152, 0.361154
0.158127, 0.360352
0.162134, 0.359169
0.166165, 0.357615
0.170212, 0.355700
0.174265, 0.353433
0.178316, 0.350825
0.182356, 0.347890
0.186375, 0.344638
0.190362, 0.341083
0.194308, 0.337239
0.198202, 0.333119
0.202034, 0.328740
0.205791, 0.324115
0.209463, 0.319261
0.213038, 0.314194
0.216505, 0.308930
0.219853, 0.303486
0.223069, 0.297879
0.226142, 0.292125
0.229061, 0.286243
0.231814, 0.280250
0.234390, 0.274161
0.236777, 0.267995
0.238966, 0.261768
0.240945, 0.255496
0.242705, 0.249196
0.244236, 0.242883
0.245528, 0.236573
0.246573, 0.230280
0.247362, 0.224019
0.247889, 0.217803
0.248145, 0.211645
0.248124, 0.205558
0.247821, 0.199553
0.247229, 0.193642
0.246345, 0.187833
0.245165, 0.182138
0.243685, 0.176564
0.241903, 0.171119
0.239817, 0.165811
0.237426, 0.160646
0.234729, 0.155629
0.231727, 0.150765
0.228421, 0.146058
0.224813, 0.141510
0.220904, 0.137124
0.216698, 0.132902
0.212199, 0.128843
0.207412, 0.124947
0.202341, 0.121214
0.196993, 0.117641
0.191374, 0.114225
0.185492, 0.110962
0.179354, 0.107848
0.172970, 0.104877
0.166348, 0.102044
0.159499, 0.099340
0.152433, 0.096759
0.145161, 0.094291
0.137695, 0.091927
0.130048, 0.089658
0.122231, 0.087472
0.114259, 0.085357
0.106145, 0.083303
0.097903, 0.081297
0.089548, 0.079325
0.081095, 0.077375
0.072558, 0.075432
0.063953, 0.073484
0.055295, 0.071515
0.046601, 0.069512
0.037885, 0.067461
0.029163, 0.065347
0.020451, 0.063156
0.011764, 0.060876
0.003118, 0.058492
-0.005473, 0.055991
-0.013994, 0.053360
-0.022431, 0.050589
-0.030769, 0.047664
-0.038995, 0.044575
-0.047095, 0.041312
-0.055057, 0.037865
-0.062868, 0.034225
-0.070518, 0.030385
-0.077994, 0.026337
-0.085286, 0.022074
-0.092384, 0.017591
-0.099279, 0.012884
-0.105962, 0.007948
-0.112425, 0.002781
-0.118660, -0.002619
-0.124661, -0.008254
-0.130422, -0.014124
-0.135937, -0.020227
-0.141202, -0.026563
-0.146212, -0.033128
-0.150964, -0.039920
-0.155456, -0.046934
-0.159685, -0.054165
-0.163651, -0.061607
-0.167353, -0.069252
-0.170791, -0.077093
-0.173967, -0.085121
-0.176881, -0.093326
-0.179537, -0.101699
-0.181938, -0.110227
-0.184087, -0.118898
-0.185988, -0.127700
-0.187648, -0.136619
-0.189072, -0.145639
-0.190267, -0.154748
-0.191238, -0.163927
-0.191995, -0.173161
-0.192545, -0.182433
-0.192897, -0.191726
-0.193059, -0.201020
-0.193042, -0.210299
-0.192855, -0.219543
-0.192507, -0.228733
-0.192010, -0.237851
-0.191374, -0.246877
-0.190609, -0.255792
-0.189725, -0.264576
-0.188733, -0.273212
-0.187645, -0.281680
-0.186469, -0.289962
-0.185216, -0.298040
-0.183896, -0.305897
-0.182520, -0.313514
-0.181095, -0.320876
-0.179632, -0.327967
-0.178139, -0.334772
-0.176624, -0.341275
-0.175096, -0.347463
-0.173561, -0.353322
-0.172029, -0.358841
-0.170504, -0.364006
-0.168993, -0.368808
-0.167504, -0.373236
-0.166040, -0.377281
-0.164607, -0.380933
-0.163210, -0.384185
-0.161854, -0.387030
-0.160542, -0.389461
-0.159279, -0.391472
-0.158066, -0.393059
-0.156908, -0.394217
-0.155807, -0.394943
-0.154765, -0.395234
-0.153785, -0.395088
-0.152867, -0.394503
-0.152012, -0.393479
-0.151223, -0.392016
-0.150499, -0.390114
-0.149841, -0.387776
-0.149249, -0.385003
-0.148721, -0.381799
-0.148258, -0.378167
-0.147858, -0.374111
-0.147518, -0.369637
-0.147239, -0.364751
-0.147016, -0.359460
-0.146846, -0.353772
-0.146727, -0.347694
-0.146655, -0.341237
-0.146625, -0.334409
-0.146633, -0.327224
-0.146673, -0.319691
-0.146739, -0.311824
-0.146825, -0.303637
-0.146924, -0.295143
-0.147029, -0.286359
-0.147133, -0.277299
-0.147225, -0.267981
-0.147299, -0.258423
-0.147345, -0.248641
-0.147354, -0.238656
-0.147314, -0.228486
-0.147218, -0.218152
-0.147053, -0.207673
-0.146809, -0.197070
-0.146477, -0.186365
-0.146044, -0.175577
-0.145501, -0.164729
-0.144837, -0.153841
-0.144041, -0.142935
-0.143103, -0.132031
-0.142013, -0.121150
-0.140762, -0.110312
-0.139340, -0.099536
-0.137738, -0.088842
-0.135949, -0.078249
-0.133965, -0.067774
-0.131778, -0.057435
-0.129383, -0.047248
-0.126774, -0.037228
-0.123945, -0.027392
-0.120893, -0.017751
-0.117614, -0.008320
-0.114105, 0.000889
-0.110363, 0.009865
-0.106389, 0.018598
-0.102180, 0.027079
-0.097737, 0.035298
-0.093062, 0.043250
-0.088155, 0.050927
-0.083019, 0.058324
-0.077658, 0.065436
-0.072074, 0.072259
-0.066272, 0.078792
-0.060258, 0.085032
-0.054036, 0.090979
-0.047615, 0.096633
-0.041000, 0.101994
-0.034199, 0.107066
-0.027221, 0.111850
-0.020075, 0.116352
-0.012770, 0.120575
-0.005316, 0.124526
0.002276, 0.128211
0.009994, 0.131637
0.017828, 0.134813
0.025764, 0.137748
0.033790, 0.140452
0.041894, 0.142935
0.050061, 0.145208
0.058277, 0.147284
0.066528, 0.149175
0.074800, 0.150895
0.083078, 0.152456
0.091346, 0.153872
0.099590, 0.155158
0.107794, 0.156329
0.115944, 0.157399
0.124022, 0.158383
0.132015, 0.159295
0.139908, 0.160151
0.147684, 0.160965
0.155330, 0.161752
0.162831, 0.162526
0.170172, 0.163300
0.177340, 0.164088
0.184322, 0.164903
0.191105, 0.165757
0.197676, 0.166663
0.204023, 0.167630
0.210135, 0.168670
0.216002, 0.169792
0.221613, 0.171006
0.226958, 0.172319
0.232030, 0.173739
0.236819, 0.175273
0.241318, 0.176927
0.245521, 0.178705
0.249420, 0.180612
0.253012, 0.182651
0.256291, 0.184825
0.259253, 0.187135
0.261896, 0.189583
0.264215, 0.192168
0.266210, 0.194890
0.267879, 0.197747
0.269223, 0.200736
0.270240, 0.203856
0.270933, 0.207100
0.271303, 0.210466
0.271352, 0.213946
0.271084, 0.217536
0.270502, 0.221226
0.269611, 0.225011
0.268416, 0.228880
0.266923, 0.232824
0.265139, 0.236834
0.263071, 0.240897
0.260726, 0.245003
0.258113, 0.249140
0.255241, 0.253293
0.252120, 0.257451
0.248759, 0.261598
0.245169, 0.265720
0.241362, 0.269802
0.237348, 0.273828
0.233140, 0.277783
0.228749, 0.281651
0.224187, 0.285415
0.219468, 0.289060
0.214604, 0.292567
0.209608, 0.295922
0.204493, 0.299107
0.199272, 0.302107
0.193957, 0.304904
0.188562, 0.307485
0.183099, 0.309832
0.177580, 0.311931
0.172019, 0.313768
0.166427, 0.315328
0.160816, 0.316598
0.155198, 0.317564
0.149584, 0.318216
0.143985, 0.318541
0.138412, 0.318528
0.132874, 0.318167
0.127382, 0.317449
0.121945, 0.316365
0.116573, 0.314908
0.111273, 0.313070
0.106054, 0.310844
0.100924, 0.308227
0.095890, 0.305212
0.090960, 0.301797
0.086139, 0.297978
0.081434, 0.293753
0.076850, 0.289122
0.072392, 0.284083
0.068065, 0.278637
0.063873, 0.272786
0.059819, 0.266532
0.055906, 0.259878
0.052138, 0.252829
0.048514, 0.245389
0.045037, 0.237565
0.041708, 0.229363
0.038525, 0.220791
0.035489, 0.211859
0.032598, 0.202577
0.029850, 0.192955
0.027242, 0.183006
0.024770, 0.172743
0.022431, 0.162180
0.020218, 0.151332
0.018126, 0.140215
0.016149, 0.128847
0.014279, 0.117247
0.012509, 0.105432
0.010830, 0.093423
0.009232, 0.081241
0.007706, 0.068908
0.006242, 0.056446
0.004828, 0.043877
0.003455, 0.031226
0.002109, 0.018516
0.000780, 0.005771
-0.000544, -0.006985
-0.001874, -0.019727
-0.003224, -0.032431
-0.004603, -0.045073
-0.006024, -0.057630
-0.007497, -0.070077
-0.009034, -0.082392
-0.010645, -0.094553
-0.012338, -0.106538
-0.014124, -0.118327
-0.016011, -0.129900
-0.018006, -0.141237
-0.020117, -0.152320
-0.022351, -0.163133
-0.024712, -0.173660
-0.027207, -0.183884
-0.029839, -0.193793
-0.032611, -0.203373
-0.035527, -0.212612
-0.038588, -0.221499
-0.041796, -0.230025
-0.045152, -0.238180
-0.048655, -0.245957
-0.052305, -0.253349
-0.056100, -0.260350
-0.060039, -0.266954
-0.064119, -0.273159
-0.068337, -0.278960
-0.072690, -0.284356
-0.077173, -0.289345
-0.081782, -0.293927
-0.086511, -0.298103
-0.091356, -0.301873
-0.096310, -0.305240
-0.101366, -0.308207
-0.106517, -0.310778
-0.111756, -0.312958
-0.117076, -0.314751
-0.122467, -0.316165
-0.127922, -0.317206
-0.133430, -0.317883
-0.138983, -0.318204
-0.144570, -0.318179
-0.150182, -0.317818
-0.155807, -0.317132
-0.161434, -0.316132
-0.167053, -0.314832
-0.172651, -0.313243
-0.178217, -0.311380
-0.183738, -0.309257
-0.189203, -0.306887
-0.194598, -0.304288
-0.199910, -0.301473
-0.205128, -0.298459
-0.210237, -0.295261
-0.215225, -0.291897
-0.220079, -0.288382
-0.224787, -0.284733
-0.229335, -0.280967
-0.233711, -0.277099
-0.237902, -0.273147
-0.241897, -0.269126
-0.245684, -0.265051
-0.249252, -0.260939
-0.252589, -0.256804
-0.255685, -0.252662
-0.258531, -0.248524
-0.261115, -0.244406
-0.263431, -0.240321
-0.265469, -0.236279
-0.267221, -0.232293
-0.268681, -0.228374
-0.269842, -0.224532
-0.270699, -0.220776
-0.271245, -0.217114
-0.271477, -0.213555
-0.271391, -0.210106
-0.270984, -0.206773
-0.270254, -0.203561
-0.269198, -0.200475
-0.267817, -0.197519
-0.266110, -0.194697
-0.264076, -0.192009
-0.261719, -0.189458
-0.259039, -0.187045
-0.256039, -0.184769
-0.252723, -0.182629
-0.249095, -0.180623
-0.245159, -0.178749
-0.240921, -0.177003
-0.236387, -0.175380
-0.231565, -0.173876
-0.226461, -0.172485
-0.221084, -0.171200
-0.215443, -0.170012
-0.209547, -0.168915
-0.203407, -0.167898
-0.197034, -0.166952
-0.190438, -0.166067
-0.183633, -0.165230
-0.176629, -0.164431
-0.169442, -0.163656
-0.162082, -0.162894
-0.154566, -0.162129
-0.146906, -0.161349
-0.139118, -0.160539
-0.131215, -0.159685
-0.123214, -0.158772
-0.115129, -0.157785
-0.106976, -0.156710
-0.098770, -0.155531
-0.090526, -0.154235
-0.082260, -0.152805
-0.073986, -0.151229
-0.065721, -0.149492
-0.057477, -0.147581
-0.049271, -0.145482
-0.041116, -0.143184
-0.033026, -0.140675
-0.025015, -0.137943
-0.017096, -0.134978
-0.009281, -0.131770
-0.001582, -0.128310
0.005988, -0.124590
0.013419, -0.120602
0.020700, -0.116341
0.027821, -0.111801
0.034772, -0.106976
0.041546, -0.101864
0.048132, -0.096461
0.054525, -0.090765
0.060716, -0.084775
0.066700, -0.078492
0.072470, -0.071916
0.078022, -0.065049
0.083352, -0.057894
0.088456, -0.050454
0.093330, -0.042734
0.097973, -0.034740
0.102383, -0.026479
0.106559, -0.017957
0.110502, -0.009184
0.114211, -0.000169
0.117689, 0.009078
0.120938, 0.018545
0.123960, 0.028220
0.126759, 0.038091
0.129340, 0.048142
0.131708, 0.058359
0.133868, 0.068726
0.135827, 0.079226
0.137592, 0.089843
0.139171, 0.100558
0.140572, 0.111353
0.141804, 0.122207
0.142876, 0.133102
0.143797, 0.144017
0.144579, 0.154932
0.145230, 0.165825
0.145762, 0.176676
0.146185, 0.187463
0.146510, 0.198166
0.146747, 0.208762
0.146908, 0.219233
0.147002, 0.229556
0.147041, 0.239711
0.147034, 0.249680
0.146990, 0.259441
0.146921, 0.268978
0.146833, 0.278271
0.146737, 0.287304
0.146641, 0.296059
0.146552, 0.304522
0.146477, 0.312675
0.146423, 0.320507
0.146397, 0.328002
0.146404, 0.335149
0.146449, 0.341936
0.146538, 0.348351
0.146673, 0.354386
0.146861, 0.360030
0.147102, 0.365275
0.147401, 0.370114
0.147759, 0.374540
0.148180, 0.378547
0.148663, 0.382130
0.149211, 0.385285
0.149825, 0.388008
0.150504, 0.390296
0.151248, 0.392146
0.152059, 0.393558
0.152934, 0.394531
0.153873, 0.395065
0.154874, 0.395161
0.155936, 0.394820
0.157057, 0.394044
0.158235, 0.392836
0.159467, 0.391200
0.160750, 0.389140
0.162080, 0.386662
0.163454, 0.383770
0.164868, 0.380473
0.166316, 0.376776
0.167796, 0.372688
0.169300, 0.368219
0.170824, 0.363376
0.172362, 0.358172
0.173906, 0.352616
0.175451, 0.346722
0.176988, 0.340500
0.178511, 0.333966
0.180011, 0.327132
0.181479, 0.320014
0.182907, 0.312627
0.184286, 0.304987
0.185606, 0.297110
0.186858, 0.289015
0.188031, 0.280718
0.189115, 0.272237
0.190100, 0.263591
0.190976, 0.254800
0.191732, 0.245880
0.192357, 0.236853
0.192841, 0.227736
0.193173, 0.218549
0.193344, 0.209312
0.193343, 0.200042
0.193161, 0.190759
0.192788, 0.181480
0.192215, 0.172224
0.191434, 0.163009
0.190437, 0.153850
0.189216, 0.144765
0.187764, 0.135769
0.186075, 0.126877
0.184143, 0.118104
0.181963, 0.109463
0.179531, 0.100967
0.176842, 0.092628
0.173895, 0.084457
0.170685, 0.076465
0.167213, 0.068660
0.163477, 0.061053
0.159477, 0.053650
0.155213, 0.046458
0.150687, 0.039483
0.145900, 0.032731
0.140856, 0.026205
0.135558, 0.019910
0.130010, 0.013846
0.124216, 0.008016
0.118183, 0.002421
0.111916, -0.002941
0.105422, -0.008069
0.098710, -0.012968
0.091786, -0.017639
0.084661, -0.022086
0.077342, -0.026314
0.069841, -0.030329
0.062168, -0.034138
0.054334, -0.037748
0.046352, -0.041166
0.038233, -0.044403
0.029990, -0.047467
0.021636, -0.050369
0.013186, -0.053120
0.004653, -0.055731
-0.003948, -0.058216
-0.012603, -0.060586
-0.021296, -0.062855
-0.030012, -0.065036
-0.038735, -0.067143
-0.047451, -0.069190
-0.056143, -0.071191
-0.064796, -0.073160
-0.073395, -0.075112
-0.081923, -0.077060
-0.090366, -0.079018
-0.098709, -0.081000
-0.106936, -0.083019
-0.115034, -0.085088
-0.122988, -0.087219
-0.130785, -0.089424
-0.138411, -0.091715
-0.145854, -0.094101
-0.153101, -0.096594
-0.160141, -0.099201
-0.166963, -0.101932
-0.173556, -0.104795
-0.179910, -0.107796
-0.186016, -0.110942
-0.191866, -0.114237
-0.197452, -0.117687
-0.202766, -0.121294
-0.207802, -0.125062
-0.212554, -0.128993
-0.217017, -0.133087
-0.221187, -0.137346
-0.225059, -0.141767
-0.228631, -0.146351
-0.231900, -0.151094
-0.234865, -0.155994
-0.237525, -0.161046
-0.239879, -0.166245
-0.241929, -0.171587
-0.243675, -0.177064
-0.245119, -0.182670
-0.246265, -0.188396
-0.247114, -0.194234
-0.247672, -0.200174
-0.247943, -0.206206
-0.247932, -0.212318
-0.247645, -0.218500
-0.247089, -0.224737
-0.246272, -0.231018
-0.245200, -0.237329
-0.243882, -0.243655
-0.242328, -0.249981
-0.240545, -0.256292
-0.238545, -0.262573
-0.236337, -0.268806
-0.233932, -0.274977
-0.231340, -0.281067
-0.228573, -0.287059
-0.225641, -0.292938
-0.222557, -0.298685
-0.219332, -0.304283
-0.215978, -0.309716
-0.212505, -0.314966
-0.208926, -0.320017
-0.205252, -0.324853
-0.201495, -0.329456
-0.197665, -0.333813
-0.193774, -0.337906
-0.189833, -0.341723
-0.185851, -0.345247
-0.181840, -0.348467
-0.177809, -0.351369
-0.173768, -0.353941
-0.169726, -0.356170
-0.165693, -0.358046
-0.161676, -0.359560
-0.157684, -0.360700
-0.153725, -0.361459
-0.149807, -0.361829
-0.145936, -0.361801
-0.142120, -0.361370
-0.138364, -0.360530
-0.134676, -0.359276
-0.131060, -0.357603
-0.127521, -0.355509
-0.124066, -0.352989
-0.120697, -0.350044
-0.117420, -0.346670
-0.114238, -0.342868
-0.111155, -0.338639
-0.108172, -0.333984
-0.105293, -0.328904
-0.102519, -0.323403
-0.099852, -0.317484
-0.097293, -0.311153
-0.094843, -0.304414
-0.092500, -0.297274
-0.090266, -0.289740
-0.088137, -0.281822
-0.086113, -0.273527
-0.084192, -0.264866
-0.082369, -0.255850
-0.080641, -0.246492
-0.079005, -0.236805
-0.077454, -0.226802
-0.075983, -0.216499
-0.074586, -0.205912
-0.073256, -0.195058
-0.071985, -0.183956
-0.070765, -0.172623
-0.069587, -0.161081
-0.068441, -0.149348
-0.067317, -0.137447
-0.066206, -0.125400
-0.065096, -0.113228
-0.063976, -0.100956
-0.062836, -0.088605
-0.061663, -0.076200
-0.060446, -0.063764
-0.059174, -0.051321
-0.057835, -0.038895
-0.056417, -0.026509
-0.054911, -0.014186
-0.053304, -0.001948
-0.051588, 0.010181
-0.049752, 0.022180
-0.047787, 0.034029
-0.045684, 0.045707
-0.043436, 0.057194
-0.041035, 0.068473
-0.038474, 0.079526
-0.035748, 0.090336
-0.032851, 0.100887
-0.029780, 0.111165
-0.026530, 0.121156
-0.023100, 0.130848
-0.019486, 0.140229
-0.015687, 0.149289
-0.011704, 0.158018
-0.007535, 0.166408
-0.003183, 0.174450
0.001352, 0.182140
0.006067, 0.189471
0.010959, 0.196439
0.016025, 0.203040
0.021260, 0.209272
0.026660, 0.215134
0.032219, 0.220623
0.037931, 0.225742
0.043791, 0.230491
0.049790, 0.234872
0.055921, 0.238888
0.062176, 0.242544
0.068546, 0.245843
0.075022, 0.248792
0.081595, 0.251397
0.088255, 0.253666
0.094990, 0.255606
0.101790, 0.257227
0.108643, 0.258539
0.115538, 0.259552
0.122461, 0.260278
0.129402, 0.260728
0.136346, 0.260916
0.143281, 0.260854
0.150193, 0.260556
0.157068, 0.260037
0.163892, 0.259311
0.170652, 0.258394
0.177333, 0.257301
0.183921, 0.256047
0.190401, 0.254649
0.196761, 0.253123
0.202985, 0.251484
0.209059, 0.249748
0.214971, 0.247931
0.220706, 0.246049
0.226252, 0.244116
0.231595, 0.242149
0.236724, 0.240160
0.241626, 0.238165
0.246290, 0.236176
0.250705, 0.234207
0.254861, 0.232270
0.258748, 0.230377
0.262356, 0.228538
0.265678, 0.226764
0.268705, 0.225064
0.271431, 0.223447
0.273848, 0.221922
0.275950, 0.220495
0.277733, 0.219172
0.279192, 0.217960
0.280323, 0.216863
0.281124, 0.215886
0.281591, 0.215030
0.281724, 0.214300
0.281521, 0.213695
0.280982, 0.213218
0.280108, 0.212868
0.278900, 0.212644
0.277360, 0.212544
0.275490, 0.212567
0.273294, 0.212708
0.270777, 0.212964
0.267943, 0.213329
0.264797, 0.213798
0.261346, 0.214364
0.257597, 0.215021
0.253557, 0.215759
0.249234, 0.216570
0.244638, 0.217444
0.239778, 0.218371
0.234665, 0.219340
0.229308, 0.220340
0.223720, 0.221356
0.217912, 0.222378
0.211896, 0.223390
0.205685, 0.224379
0.199293, 0.225331
0.192733, 0.226231
0.186019, 0.227064
0.179165, 0.227813
0.172185, 0.228465
0.165094, 0.229002
0.157906, 0.229410
0.150637, 0.229673
0.143300, 0.229775
0.135911, 0.229701
0.128484, 0.229437
0.121034, 0.228968
0.113573, 0.228280
0.106118, 0.227359
0.098681, 0.226192
0.091275, 0.224767
0.083913, 0.223072
0.076609, 0.221096
0.069375, 0.218829
0.062221, 0.216260
0.055160, 0.213382
0.048203, 0.210187
0.041359, 0.206667
0.034639, 0.202816
0.028052, 0.198630
0.021607, 0.194102
0.015312, 0.189231
0.009175, 0.184013
0.003203, 0.178446
-0.002597, 0.172531
-0.008220, 0.166267
-0.013660, 0.159655
-0.018913, 0.152698
-0.023974, 0.145399
-0.028840, 0.137760
-0.033509, 0.129789
-0.037977, 0.121490
-0.042245, 0.112871
-0.046311, 0.103940
-0.050175, 0.094705
-0.053839, 0.085177
-0.057304, 0.075367
-0.060572, 0.065286
-0.063647, 0.054949
-0.066533, 0.044368
-0.069233, 0.033559
-0.071754, 0.022539
-0.074102, 0.011323
-0.076284, -0.000070
-0.078307, -0.011622
-0.080179, -0.023313
-0.081909, -0.035122
-0.083507, -0.047030
-0.084982, -0.059014
-0.086345, -0.071052
-0.087607, -0.083123
-0.088777, -0.095203
-0.089868, -0.107270
-0.090890, -0.119300
-0.091855, -0.131271
-0.092774, -0.143159
-0.093659, -0.154942
-0.094519, -0.166597
-0.095366, -0.178103
-0.096211, -0.189437
-0.097063, -0.200580
-0.097931, -0.211511
-0.098825, -0.222210
-0.099754, -0.232659
-0.100724, -0.242840
-0.101745, -0.252736
-0.102821, -0.262331
-0.103960, -0.271610
-0.105168, -0.280558
-0.106448, -0.289163
-0.107805, -0.297412
-0.109243, -0.305294
-0.110765, -0.312798
-0.112374, -0.319915
-0.114071, -0.326637
-0.115858, -0.332956
-0.117736, -0.338864
-0.119705, -0.344357
-0.121765, -0.349430
-0.123916, -0.354077
-0.126156, -0.358296
-0.128484, -0.362085
-0.130898, -0.365441
-0.133396, -0.368363
-0.135976, -0.370852
-0.138633, -0.372908
-0.141366, -0.374532
-0.144170, -0.375726
-0.147040, -0.376494
-0.149973, -0.376838
-0.152964, -0.376764
-0.156007, -0.376276
-0.159097, -0.375379
-0.162227, -0.374081
-0.165392, -0.372389
-0.168585, -0.370311
-0.171799, -0.367856
-0.175026, -0.365033
-0.178258, -0.361852
-0.181489, -0.358325
-0.184708, -0.354463
-0.187907, -0.350278
-0.191078, -0.345783
-0.194210, -0.340993
-0.197295, -0.335920
-0.200321, -0.330581
-0.203278, -0.324990
-0.206157, -0.319164
-0.208946, -0.313118
-0.211634, -0.306869
-0.214210, -0.300435
-0.216664, -0.293832
-0.218984, -0.287078
-0.221159, -0.280190
-0.223179, -0.273187
-0.225032, -0.266085
-0.226707, -0.258903
-0.228194, -0.251657
-0.229483, -0.244366
-0.230564, -0.237045
-0.231428, -0.229711
-0.232065, -0.222380
-0.232466, -0.215069
-0.232625, -0.207791
-0.232532, -0.200562
-0.232181, -0.193396
-0.231566, -0.186306
-0.230680, -0.179304
-0.229519, -0.172402
-0.228078, -0.165612
-0.226353, -0.158943
-0.224341, -0.152406
-0.222039, -0.146010
-0.219445, -0.139762
-0.216560, -0.133669
-0.213381, -0.127738
-0.209910, -0.121975
-0.206147, -0.116384
-0.202095, -0.110968
-0.197755, -0.105732
-0.193131, -0.100678
-0.188227, -0.095805
-0.183048, -0.091116
-0.177598, -0.086609
-0.171883, -0.082284
-0.165911, -0.078138
-0.159689, -0.074167
-0.153224, -0.070369
-0.146526, -0.066739
-0.139603, -0.063270
-0.132465, -0.059957
-0.125124, -0.056793
-0.117590, -0.053768
-0.109875, -0.050876
-0.101992, -0.048105
-0.093952, -0.045447
-0.085770, -0.042889
-0.077459, -0.040421
-0.069033, -0.038031
-0.060507, -0.035706
-0.051896, -0.033433
-0.043214, -0.031200
-0.034476, -0.028991
-0.025700, -0.026795
-0.016899, -0.024595
-0.008090, -0.022380
0.000712, -0.020134
0.009491, -0.017844
0.018232, -0.015497
0.026919, -0.013078
0.035538, -0.010574
0.044072, -0.007973
0.052509, -0.005263
0.060834, -0.002432
0.069033, 0.000532
0.077092, 0.003639
0.085000, 0.006898
0.092743, 0.010319
0.100310, 0.013911
0.107690, 0.017680
0.114871, 0.021634
0.121845, 0.025778
0.128601, 0.030118
0.135132, 0.034658
0.141427, 0.039401
0.147481, 0.044350
0.153287, 0.049506
0.158838, 0.054870
0.164129, 0.060442
0.169155, 0.066221
0.173913, 0.072205
0.178398, 0.078390
0.182609, 0.084774
0.186544, 0.091352
0.190200, 0.098119
0.193578, 0.105067
0.196679, 0.112190
0.199502, 0.119480
0.202051, 0.126928
0.204326, 0.134525
0.206331, 0.142260
0.208071, 0.150121
0.209549, 0.158097
0.210770, 0.166174
0.211741, 0.174340
0.212467, 0.182580
0.212956, 0.190880
0.213215, 0.199223
0.213252, 0.207594
0.213076, 0.215976
0.212695, 0.224352
0.212120, 0.232705
0.211359, 0.241018
0.210423, 0.249271
0.209322, 0.257447
0.208066, 0.265528
0.206666, 0.273495
0.205133, 0.281330
0.203478, 0.289015
0.201711, 0.296531
0.199842, 0.303862
0.197883, 0.310989
0.195843, 0.317895
0.193734, 0.324564
0.191563, 0.330979
0.189342, 0.337126
0.187080, 0.342988
0.184785, 0.348552
0.182467, 0.353803
0.180133, 0.358729
0.177792, 0.363317
0.175451, 0.367555
0.173117, 0.371432
0.170798, 0.374939
0.168499, 0.378064
0.166227, 0.380801
0.163988, 0.383141
0.161787, 0.385075
0.159628, 0.386599
0.157517, 0.387706
0.155458, 0.388390
0.153454, 0.388648
0.151510, 0.388476
0.149628, 0.387871
0.147811, 0.386831
0.146062, 0.385355
0.144383, 0.383441
0.142776, 0.381089
0.141243, 0.378301
0.139784, 0.375078
0.138400, 0.371422
0.137091, 0.367337
0.135858, 0.362825
0.134701, 0.357892
0.133617, 0.352543
0.132606, 0.346784
0.131665, 0.340622
0.130794, 0.334066
0.129988, 0.327124
0.129244, 0.319805
0.128559, 0.312120
0.127928, 0.304081
0.127346, 0.295700
0.126808, 0.286990
0.126308, 0.277965
0.125838, 0.268640
0.125393, 0.259032
0.124963, 0.249157
0.124541, 0.239032
0.124118, 0.228676
0.123685, 0.218108
0.123232, 0.207347
0.122749, 0.196415
0.122226, 0.185330
0.121652, 0.174116
0.121017, 0.162793
0.120309, 0.151384
0.119518, 0.139910
0.118633, 0.128394
0.117642, 0.116858
0.116535, 0.105323
0.115302, 0.093811
0.113933, 0.082344
0.112417, 0.070943
0.110745, 0.059628
0.108909, 0.048419
0.106899, 0.037335
0.104710, 0.026395
0.102332, 0.015617
0.099761, 0.005017
0.096990, -0.005388
0.094014, -0.015583
0.090830, -0.025555
0.087433, -0.035289
0.083820, -0.044774
0.079991, -0.053998
0.075944, -0.062950
0.071677, -0.071622
0.067192, -0.080005
0.062490, -0.088091
0.057572, -0.095874
0.052441, -0.103348
0.047099, -0.110510
0.041551, -0.117355
0.035802, -0.123881
0.029856, -0.130086
0.023719, -0.135970
0.017397, -0.141532
0.010899, -0.146775
0.004230, -0.151700
-0.002599, -0.156311
-0.009581, -0.160611
-0.016706, -0.164605
-0.023964, -0.168300
-0.031344, -0.171702
-0.038835, -0.174818
-0.046427, -0.177657
-0.054106, -0.180228
-0.061860, -0.182541
-0.069677, -0.184606
-0.077543, -0.186436
-0.085444, -0.188043
-0.093367, -0.189438
-0.101296, -0.190636
-0.109219, -0.191650
-0.117118, -0.192494
-0.124981, -0.193183
-0.132791, -0.193732
-0.140534, -0.194155
-0.148195, -0.194468
-0.155758, -0.194686
-0.163209, -0.194825
-0.170533, -0.194899
-0.177716, -0.194923
-0.184742, -0.194913
-0.191599, -0.194881
-0.198272, -0.194844
-0.204749, -0.194812
-0.211016, -0.194801
-0.217062, -0.194822
-0.222875, -0.194887
-0.228443, -0.195008
-0.233757, -0.195194
-0.238805, -0.195455
-0.243580, -0.195801
-0.248071, -0.196240
-0.252272, -0.196779
-0.256175, -0.197425
-0.259773, -0.198183
-0.263061, -0.199059
-0.266032, -0.200057
-0.268684, -0.201180
-0.271011, -0.202430
-0.273011, -0.203811
-0.274682, -0.205322
-0.276021, -0.206963
-0.277028, -0.208735
-0.277703, -0.210635
-0.278046, -0.212661
-0.278058, -0.214810
-0.277742, -0.217077
-0.277099, -0.219460
-0.276134, -0.221950
-0.274851, -0.224543
-0.273253, -0.227232
-0.271347, -0.230007
-0.269139, -0.232861
-0.266636, -0.235784
-0.263844, -0.238767
-0.260773, -0.241797
-0.257430, -0.244863
-0.253826, -0.247954
-0.249970, -0.251056
-0.245872, -0.254156
-0.241544, -0.257240
-0.236996, -0.260293
-0.232242, -0.263301
-0.227292, -0.266248
-0.222160, -0.269117
-0.216858, -0.271895
-0.211399, -0.274564
-0.205797, -0.277107
-0.200066, -0.279510
-0.194218, -0.281756
-0.188268, -0.283828
-0.182228, -0.285710
-0.176113, -0.287388
-0.169935, -0.288846
-0.163709, -0.290068
-0.157447, -0.291040
-0.151162, -0.291748
-0.144866, -0.292179
-0.138573, -0.292320
-0.132293, -0.292159
-0.126039, -0.291683
-0.119823, -0.290883
-0.113654, -0.289747
-0.107543, -0.288268
-0.101501, -0.286435
-0.095537, -0.284242
-0.089660, -0.281682
-0.083880, -0.278748
-0.078204, -0.275435
-0.072641, -0.271739
-0.067198, -0.267657
-0.061881, -0.263185
-0.056697, -0.258323
-0.051652, -0.253068
-0.046752, -0.247422
-0.042001, -0.241385
-0.037402, -0.234959
-0.032961, -0.228147
-0.028680, -0.220952
-0.024561, -0.213379
-0.020607, -0.205435
-0.016818, -0.197125
-0.013195, -0.188457
-0.009738, -0.179440
-0.006445, -0.170084
-0.003316, -0.160400
-0.000347, -0.150398
0.002464, -0.140092
0.005121, -0.129497
0.007629, -0.118625
0.009993, -0.107495
0.012220, -0.096122
0.014316, -0.084524
0.016288, -0.072721
0.018146, -0.060732
0.019898, -0.048577
0.021554, -0.036279
0.023123, -0.023858
0.024616, -0.011338
0.026044, 0.001258
0.027418, 0.013907
0.028750, 0.026584
0.030052, 0.039266
0.031334, 0.051929
0.032609, 0.064547
0.033889, 0.077098
0.035184, 0.089558
0.036506, 0.101903
0.037866, 0.114111
0.039275, 0.126158
0.040741, 0.138025
0.042274, 0.149689
0.043884, 0.161131
0.045578, 0.172332
0.047364, 0.183273
0.049248, 0.193937
0.051237, 0.204308
0.053337, 0.214370
0.055551, 0.224110
0.057884, 0.233514
0.060339, 0.242570
0.062918, 0.251267
0.065624, 0.259594
0.068458, 0.267543
0.071421, 0.275105
0.074511, 0.282273
0.077730, 0.289041
0.081075, 0.295403
0.084545, 0.301355
0.088138, 0.306894
0.091851, 0.312016
0.095680, 0.316721
0.099622, 0.321007
0.103673, 0.324874
0.107827, 0.328323
0.112081, 0.331356
0.116427, 0.333974
0.120861, 0.336182
0.125376, 0.337983
0.129964, 0.339382
0.134620, 0.340384
0.139335, 0.340997
0.144101, 0.341227
0.148910, 0.341083
0.153754, 0.340572
0.158622, 0.339706
0.163506, 0.338492
0.168395, 0.336944
0.173280, 0.335072
0.178150, 0.332888
0.182993, 0.330406
0.187800, 0.327639
0.192558, 0.324601
0.197257, 0.321307
0.201883, 0.317772
0.206426, 0.314011
0.210873, 0.310041
0.215211, 0.305877
0.219429, 0.301537
0.223514, 0.297036
0.227454, 0.292391
0.231237, 0.287620
0.234851, 0.282738
0.238284, 0.277763
0.241525, 0.272711
0.244562, 0.267599
0.247384, 0.262441
0.249981, 0.257254
0.252342, 0.252053
0.254458, 0.246853
0.256320, 0.241667
0.257920, 0.236509
0.259248, 0.231393
0.260297, 0.226330
0.261062, 0.221332
0.261534, 0.216410
0.261710, 0.211575
0.261583, 0.206835
0.261150, 0.202200
0.260408, 0.197678
0.259352, 0.193275
0.257981, 0.188998
0.256294, 0.184852
0.254290, 0.180843
0.251969, 0.176974
0.249331, 0.173249
0.246378, 0.169669
0.243112, 0.166237
0.239536, 0.162952
0.235653, 0.159816
0.231467, 0.156826
0.226984, 0.153981
0.222209, 0.151278
0.217149, 0.148714
0.211810, 0.146284
0.206200, 0.143984
0.200328, 0.141806
0.194203, 0.139746
0.187834, 0.137794
0.181231, 0.135942
0.174406, 0.134182
0.167370, 0.132503
0.160136, 0.130896
0.152715, 0.129348
0.145121, 0.127847
0.137367, 0.126383
0.129468, 0.124941
0.121437, 0.123508
0.113290, 0.122072
0.105041, 0.120616
0.096706, 0.119129
0.088299, 0.117594
0.079837, 0.115998
0.071335, 0.114326
0.062807, 0.112563
0.054271, 0.110697
0.045740, 0.108711
0.037231, 0.106594
0.028758, 0.104331
0.020336, 0.101910
0.011979, 0.099318
0.003701, 0.096544
-0.004483, 0.093577
-0.012561, 0.090405
-0.020520, 0.087021
-0.028348, 0.083413
-0.036033, 0.079575
-0.043563, 0.075499
-0.050928, 0.071178
-0.058117, 0.066608
-0.065122, 0.061782
-0.071934, 0.056698
-0.078543, 0.051352
-0.084943, 0.045743
-0.091126, 0.039869
-0.097087, 0.033730
-0.102818, 0.027327
-0.108317, 0.020662
-0.113578, 0.013737
-0.118597, 0.006555
-0.123372, -0.000878
-0.127901, -0.008557
-0.132182, -0.016476
-0.136214, -0.024628
-0.139998, -0.033004
-0.143534, -0.041596
-0.146824, -0.050393
-0.149870, -0.059384
-0.152675, -0.068559
-0.155243, -0.077903
-0.157577, -0.087403
-0.159684, -0.097046
-0.161568, -0.106816
-0.163236, -0.116697
-0.164695, -0.126673
-0.165953, -0.136726
-0.167018, -0.146838
-0.167899, -0.156992
-0.168604, -0.167167
-0.169142, -0.177346
-0.169525, -0.187508
-0.169761, -0.197633
-0.169861, -0.207701
-0.169836, -0.217693
-0.169696, -0.227588
-0.169451, -0.237366
-0.169113, -0.247006
-0.168691, -0.256491
-0.168196, -0.265799
-0.167638, -0.274912
-0.167027, -0.283812
-0.166372, -0.292481
-0.165682, -0.300902
-0.164967, -0.309057
-0.164235, -0.316931
-0.163493, -0.324509
-0.162749, -0.331775
-0.162011, -0.338716
-0.161285, -0.345320
-0.160578, -0.351573
-0.159895, -0.357465
-0.159241, -0.362985
-0.158621, -0.368123
-0.158041, -0.372870
-0.157503, -0.377218
-0.157012, -0.381160
-0.156570, -0.384688
-0.156181, -0.387797
-0.155846, -0.390481
-0.155569, -0.392737
-0.155350, -0.394561
-0.155192, -0.395950
-0.155094, -0.396901
-0.155058, -0.397413
-0.155084, -0.397486
-0.155172, -0.397118
-0.155321, -0.396312
-0.155532, -0.395068
-0.155802, -0.393388
-0.156131, -0.391276
-0.156517, -0.388734
-0.156958, -0.385767
-0.157451, -0.382380
-0.157993, -0.378579
-0.158582, -0.374369
-0.159214, -0.369760
-0.159885, -0.364758
-0.160590, -0.359373
-0.161325, -0.353613
-0.162084, -0.347490
-0.162861, -0.341015
-0.163651, -0.334200
-0.164446, -0.327058
-0.165240, -0.319601
-0.166025, -0.311846
-0.166793, -0.303806
-0.167535, -0.295498
-0.168244, -0.286939
-0.168909, -0.278144
-0.169521, -0.269133
-0.170071, -0.259923
-0.170548, -0.250534
-0.170942, -0.240984
-0.171244, -0.231293
-0.171441, -0.221480
-0.171524, -0.211567
-0.171482, -0.201572
-0.171305, -0.191516
-0.170983, -0.181419
-0.170504, -0.171301
-0.169861, -0.161181
-0.169042, -0.151079
-0.168039, -0.141013
-0.166843, -0.131002
-0.165446, -0.121064
-0.163841, -0.111217
-0.162020, -0.101476
-0.159976, -0.091857
-0.157704, -0.082377
-0.155200, -0.073049
-0.152457, -0.063887
-0.149473, -0.054904
-0.146244, -0.046111
-0.142768, -0.037520
-0.139044, -0.029140
-0.135070, -0.020982
-0.130846, -0.013053
-0.126374, -0.005361
-0.121653, 0.002088
-0.116687, 0.009288
-0.111478, 0.016235
-0.106029, 0.022925
-0.100345, 0.029355
-0.094431, 0.035523
-0.088291, 0.041428
-0.081933, 0.047071
-0.075362, 0.052452
-0.068587, 0.057573
-0.061616, 0.062437
-0.054458, 0.067048
-0.047121, 0.071410
-0.039616, 0.075529
-0.031954, 0.079410
-0.024146, 0.083062
-0.016203, 0.086492
-0.008137, 0.089709
0.000038, 0.092723
0.008310, 0.095543
0.016664, 0.098182
0.025088, 0.100650
0.033566, 0.102959
0.042084, 0.105123
0.050626, 0.107155
0.059179, 0.109068
0.067726, 0.110876
0.076252, 0.112593
0.084741, 0.114234
0.093178, 0.115814
0.101548, 0.117345
0.109835, 0.118844
0.118024, 0.120324
0.126100, 0.121799
0.134048, 0.123283
0.141854, 0.124790
0.149504, 0.126331
0.156983, 0.127920
0.164280, 0.129569
0.171381, 0.131288
0.178274, 0.133088
0.184948, 0.134980
0.191391, 0.136972
0.197593, 0.139073
0.203544, 0.141291
0.209235, 0.143632
0.214658, 0.146103
0.219804, 0.148709
0.224667, 0.151454
0.229239, 0.154341
0.233516, 0.157375
0.237493, 0.160556
0.241164, 0.163885
0.244526, 0.167364
0.247576, 0.170991
0.250312, 0.174764
0.252733, 0.178682
0.254837, 0.182742
0.256625, 0.186940
0.258097, 0.191270
0.259255, 0.195729
0.260100, 0.200308
0.260635, 0.205001
0.260864, 0.209801
0.260790, 0.214698
0.260419, 0.219684
0.259756, 0.224747
0.258808, 0.229878
0.257580, 0.235064
0.256080, 0.240294
0.254317, 0.245554
0.252298, 0.250831
0.250033, 0.256110
0.247532, 0.261378
0.244804, 0.266619
0.241859, 0.271818
0.238710, 0.276958
0.235366, 0.282023
0.231840, 0.286998
0.228143, 0.291864
0.224287, 0.296607
0.220284, 0.301208
0.216146, 0.305651
0.211886, 0.309919
0.207516, 0.313997
0.203047, 0.317866
0.198493, 0.321513
0.193864, 0.324920
0.189174, 0.328073
0.184432, 0.330958
0.179652, 0.333559
0.174843, 0.335863
0.170017, 0.337858
0.165185, 0.339530
0.160355, 0.340868
0.155539, 0.341862
0.150746, 0.342500
0.145984, 0.342773
0.141263, 0.342672
0.136592, 0.342189
0.131977, 0.341317
0.127427, 0.340049
0.122949, 0.338379
0.118549, 0.336303
0.114235, 0.333816
0.110012, 0.330915
0.105885, 0.327597
0.101861, 0.323860
0.097943, 0.319704
0.094136, 0.315129
0.090443, 0.310134
0.086869, 0.304723
0.083415, 0.298896
0.080085, 0.292658
0.076879, 0.286012
0.073800, 0.278964
0.070848, 0.271521
0.068023, 0.263688
0.065324, 0.255473
0.062751, 0.246887
0.060301, 0.237938
0.057973, 0.228638
0.055763, 0.218998
0.053667, 0.209032
0.051680, 0.198754
0.049798, 0.188178
0.048014, 0.177321
0.046322, 0.166199
0.044715, 0.154831
0.043184, 0.143235
0.041721, 0.131432
0.040316, 0.119442
0.038960, 0.107286
0.037643, 0.094987
0.036353, 0.082567
0.035080, 0.070049
0.033813, 0.057457
0.032539, 0.044815
0.031247, 0.032147
0.029926, 0.019477
0.028564, 0.006830
0.027148, -0.005772
0.025669, -0.018304
0.024114, -0.030743
0.022474, -0.043066
0.020738, -0.055251
0.018897, -0.067276
0.016942, -0.079122
0.014863, -0.090767
0.012654, -0.102193
0.010307, -0.113382
0.007817, -0.124316
0.005177, -0.134980
0.002383, -0.145358
-0.000570, -0.155437
-0.003684, -0.165202
-0.006962, -0.174643
-0.010406, -0.183747
-0.014017, -0.192506
-0.017795, -0.200911
-0.021740, -0.208953
-0.025851, -0.216625
-0.030127, -0.223922
-0.034564, -0.230839
-0.039160, -0.237372
-0.043911, -0.243517
-0.048814, -0.249274
-0.053863, -0.254640
-0.059053, -0.259615
-0.064379, -0.264200
-0.069834, -0.268397
-0.075412, -0.272208
-0.081104, -0.275636
-0.086903, -0.278686
-0.092802, -0.281362
-0.098791, -0.283671
-0.104860, -0.285619
-0.111001, -0.287214
-0.117204, -0.288465
-0.123457, -0.289379
-0.129750, -0.289968
-0.136071, -0.290243
-0.142409, -0.290213
-0.148753, -0.289893
-0.155089, -0.289293
-0.161404, -0.288429
-0.167687, -0.287313
-0.173925, -0.285960
-0.180102, -0.284385
-0.186207, -0.282603
-0.192226, -0.280631
-0.198145, -0.278483
-0.203951, -0.276175
-0.209629, -0.273725
-0.215167, -0.271148
-0.220551, -0.268460
-0.225767, -0.265678
-0.230804, -0.262818
-0.235648, -0.259894
-0.240287, -0.256923
-0.244708, -0.253919
-0.248902, -0.250897
-0.252855, -0.247872
-0.256559, -0.244856
-0.260002, -0.241862
-0.263176, -0.238904
-0.266071, -0.235991
-0.268680, -0.233137
-0.270994, -0.230350
-0.273007, -0.227641
-0.274712, -0.225017
-0.276105, -0.222488
-0.277179, -0.220059
-0.277931, -0.217739
-0.278358, -0.215532
-0.278455, -0.213443
-0.278222, -0.211476
-0.277658, -0.209635
-0.276760, -0.207921
-0.275530, -0.206337
-0.273968, -0.204883
-0.272076, -0.203560
-0.269856, -0.202365
-0.267310, -0.201299
-0.264443, -0.200357
-0.261259, -0.199538
-0.257763, -0.198836
-0.253960, -0.198247
-0.249858, -0.197765
-0.245463, -0.197384
-0.240783, -0.197096
-0.235827, -0.196892
-0.230604, -0.196765
-0.225124, -0.196704
-0.219396, -0.196700
-0.213433, -0.196740
-0.207246, -0.196813
-0.200846, -0.196907
-0.194247, -0.197009
-0.187461, -0.197106
-0.180503, -0.197183
-0.173385, -0.197226
-0.166122, -0.197220
-0.158729, -0.197151
-0.151220, -0.197004
-0.143610, -0.196762
-0.135915, -0.196412
-0.128148, -0.195938
-0.120326, -0.195324
-0.112463, -0.194555
-0.104574, -0.193618
-0.096674, -0.192498
-0.088777, -0.191181
-0.080898, -0.189653
-0.073051, -0.187902
-0.065250, -0.185916
-0.057508, -0.183682
-0.049837, -0.181191
-0.042251, -0.178432
-0.034762, -0.175395
-0.027380, -0.172072
-0.020118, -0.168456
-0.012986, -0.164539
-0.005994, -0.160315
0.000848, -0.155780
0.007532, -0.150929
0.014049, -0.145759
0.020391, -0.140267
0.026552, -0.134452
0.032523, -0.128314
0.038301, -0.121854
0.043879, -0.115071
0.049252, -0.107970
0.054417, -0.100553
0.059371, -0.092824
0.064110, -0.084789
0.068633, -0.076455
0.072939, -0.067828
0.077028, -0.058916
0.080899, -0.049729
0.084553, -0.040277
0.087994, -0.030572
0.091222, -0.020625
0.094243, -0.010449
0.097058, -0.000059
0.099674, 0.010531
0.102097, 0.021303
0.104331, 0.032243
0.106384, 0.043332
0.108265, 0.054551
0.109980, 0.065882
0.111539, 0.077304
0.112951, 0.088798
0.114226, 0.100342
0.115374, 0.111914
0.116405, 0.123494
0.117330, 0.135060
0.118160, 0.146588
0.118905, 0.158057
0.119578, 0.169445
0.120188, 0.180730
0.120747, 0.191890
0.121265, 0.202903
0.121753, 0.213749
0.122220, 0.224407
0.122677, 0.234857
0.123132, 0.245081
0.123596, 0.255059
0.124075, 0.264774
0.124578, 0.274208
0.125112, 0.283347
0.125683, 0.292174
0.126299, 0.300675
0.126964, 0.308837
0.127684, 0.316647
0.128463, 0.324093
0.129305, 0.331165
0.130213, 0.337854
0.131190, 0.344149
0.132240, 0.350043
0.133362, 0.355529
0.134560, 0.360600
0.135834, 0.365251
0.137184, 0.369477
0.138610, 0.373274
0.140113, 0.376638
0.141690, 0.379568
0.143343, 0.382063
0.145068, 0.384120
0.146864, 0.385739
0.148729, 0.386923
0.150660, 0.387670
0.152655, 0.387985
0.154710, 0.387869
0.156821, 0.387327
0.158985, 0.386361
0.161198, 0.384978
0.163454, 0.383183
0.165749, 0.380982
0.168077, 0.378383
0.170434, 0.375394
0.172811, 0.372022
0.175204, 0.368278
0.177605, 0.364172
0.180008, 0.359715
0.182404, 0.354917
0.184785, 0.349793
0.187143, 0.344353
0.189471, 0.338613
0.191757, 0.332586
0.193994, 0.326288
0.196172, 0.319734
0.198280, 0.312939
0.200309, 0.305922
0.202247, 0.298697
0.204086, 0.291284
0.205814, 0.283699
0.207420, 0.275961
0.208893, 0.268088
0.210224, 0.260097
0.211401, 0.252008
0.212414, 0.243839
0.213252, 0.235606
0.213905, 0.227330
0.214365, 0.219027
0.214620, 0.210714
0.214663, 0.202410
0.214484, 0.194129
0.214075, 0.185889
0.213430, 0.177705
0.212540, 0.169591
0.211400, 0.161563
0.210003, 0.153633
0.208344, 0.145814
0.206419, 0.138119
0.204223, 0.130559
0.201754, 0.123144
0.199010, 0.115884
0.195987, 0.108789
0.192686, 0.101865
0.189105, 0.095121
0.185246, 0.088563
0.181108, 0.082196
0.176695, 0.076025
0.172008, 0.070054
0.167051, 0.064286
0.161827, 0.058723
0.156341, 0.053365
0.150598, 0.048213
0.144605, 0.043268
0.138368, 0.038526
0.131894, 0.033986
0.125192, 0.029645
0.118269, 0.025497
0.111136, 0.021540
0.103801, 0.017766
0.096277, 0.014168
0.088573, 0.010741
0.080702, 0.007474
0.072676, 0.004359
0.064507, 0.001387
0.056208, -0.001453
0.047794, -0.004172
0.039279, -0.006782
0.030676, -0.009295
0.022001, -0.011723
0.013269, -0.014081
0.004494, -0.016380
-0.004307, -0.018635
-0.013119, -0.020860
-0.021926, -0.023068
-0.030713, -0.025274
-0.039464, -0.027491
-0.048164, -0.029734
-0.056797, -0.032016
-0.065348, -0.034350
-0.073803, -0.036749
-0.082146, -0.039226
-0.090364, -0.041792
-0.098442, -0.044460
-0.106368, -0.047241
-0.114128, -0.050143
