0.100000, 0.196350
0.108445, 0.196253
0.116875, 0.195974
0.125272, 0.195531
0.133620, 0.194942
0.141900, 0.194226
0.150096, 0.193402
0.158190, 0.192488
0.166164, 0.191503
0.174003, 0.190466
0.181689, 0.189396
0.189205, 0.188309
0.196537, 0.187224
0.203667, 0.186159
0.210581, 0.185128
0.217265, 0.184149
0.223704, 0.183235
0.229886, 0.182402
0.235797, 0.181664
0.241426, 0.181031
0.246762, 0.180516
0.251794, 0.180131
0.256512, 0.179884
0.260909, 0.179784
0.264974, 0.179840
0.268702, 0.180058
0.272086, 0.180445
0.275121, 0.181004
0.277800, 0.181741
0.280121, 0.182659
0.282080, 0.183758
0.283674, 0.185042
0.284902, 0.186510
0.285763, 0.188162
0.286257, 0.189995
0.286385, 0.192008
0.286148, 0.194197
0.285548, 0.196558
0.284589, 0.199085
0.283274, 0.201772
0.281609, 0.204613
0.279599, 0.207599
0.277249, 0.210721
0.274568, 0.213969
0.271563, 0.217333
0.268243, 0.220800
0.264617, 0.224359
0.260696, 0.227996
0.256490, 0.231695
0.252011, 0.235443
0.247271, 0.239223
0.242284, 0.243019
0.237062, 0.246814
0.231619, 0.250589
0.225970, 0.254327
0.220130, 0.258008
0.214114, 0.261613
0.207937, 0.265124
0.201615, 0.268520
0.195164, 0.271782
0.188600, 0.274890
0.181938, 0.277826
0.175195, 0.280569
0.168387, 0.283101
0.161529, 0.285403
0.154636, 0.287458
0.147723, 0.289247
0.140806, 0.290755
0.133899, 0.291965
0.127016, 0.292861
0.120170, 0.293430
0.113375, 0.293657
0.106643, 0.293530
0.099987, 0.293037
0.093418, 0.292166
0.086948, 0.290908
0.080587, 0.289253
0.074345, 0.287193
0.068232, 0.284722
0.062257, 0.281833
0.056429, 0.278520
0.050756, 0.274779
0.045245, 0.270607
0.039902, 0.266002
0.034735, 0.260962
0.029750, 0.255487
0.024950, 0.249577
0.020342, 0.243234
0.015928, 0.236460
0.011712, 0.229259
0.007697, 0.221636
0.003885, 0.213596
0.000276, 0.205146
-0.003129, 0.196293
-0.006329, 0.187048
-0.009327, 0.177419
-0.012124, 0.167419
-0.014723, 0.157059
-0.017128, 0.146353
-0.019344, 0.135316
-0.021374, 0.123964
-0.023228, 0.112315
-0.024910, 0.100386
-0.026431, 0.088198
-0.027798, 0.075770
-0.029022, 0.063127
-0.030114, 0.050289
-0.031085, 0.037281
-0.031947, 0.024129
-0.032713, 0.010857
-0.033398, -0.002507
-0.034013, -0.015938
-0.034575, -0.029407
-0.035096, -0.042888
-0.035592, -0.056352
-0.036077, -0.069771
-0.036566, -0.083118
-0.037073, -0.096366
-0.037611, -0.109488
-0.038195, -0.122458
-0.038836, -0.135251
-0.039548, -0.147841
-0.040342, -0.160205
-0.041228, -0.172321
-0.042218, -0.184166
-0.043319, -0.195720
-0.044542, -0.206965
-0.045892, -0.217881
-0.047378, -0.228451
-0.049004, -0.238661
-0.050776, -0.248495
-0.052698, -0.257941
-0.054774, -0.266985
-0.057005, -0.275617
-0.059395, -0.283827
-0.061943, -0.291606
-0.064651, -0.298946
-0.067517, -0.305842
-0.070542, -0.312286
-0.073724, -0.318274
-0.077060, -0.323803
-0.080549, -0.328869
-0.084186, -0.333472
-0.087969, -0.337609
-0.091893, -0.341281
-0.095953, -0.344489
-0.100144, -0.347234
-0.104462, -0.349518
-0.108899, -0.351347
-0.113449, -0.352723
-0.118106, -0.353652
-0.122861, -0.354140
-0.127708, -0.354194
-0.132637, -0.353823
-0.137640, -0.353034
-0.142707, -0.351837
-0.147830, -0.350243
-0.152997, -0.348264
-0.158199, -0.345912
-0.163423, -0.343199
-0.168659, -0.340140
-0.173894, -0.336750
-0.179117, -0.333044
-0.184314, -0.329039
-0.189472, -0.324751
-0.194578, -0.320199
-0.199618, -0.315400
-0.204577, -0.310374
-0.209443, -0.305139
-0.214200, -0.299716
-0.218833, -0.294124
-0.223330, -0.288383
-0.227674, -0.282514
-0.231852, -0.276536
-0.235850, -0.270470
-0.239653, -0.264336
-0.243248, -0.258154
-0.246622, -0.251941
-0.249762, -0.245719
-0.252656, -0.239504
-0.255291, -0.233315
-0.257657, -0.227169
-0.259743, -0.221082
-0.261539, -0.215069
-0.263036, -0.209146
-0.264225, -0.203327
-0.265099, -0.197625
-0.265651, -0.192052
-0.265873, -0.186620
-0.265762, -0.181338
-0.265312, -0.176218
-0.264520, -0.171266
-0.263381, -0.166492
-0.261895, -0.161901
-0.260060, -0.157500
-0.257875, -0.153294
-0.255340, -0.149286
-0.252456, -0.145481
-0.249226, -0.141879
-0.245651, -0.138482
-0.241735, -0.135290
-0.237482, -0.132302
-0.232897, -0.129518
-0.227985, -0.126933
-0.222755, -0.124545
-0.217211, -0.122349
-0.211364, -0.120339
-0.205221, -0.118509
-0.198793, -0.116851
-0.192089, -0.115356
-0.185122, -0.114015
-0.177902, -0.112818
-0.170443, -0.111752
-0.162758, -0.110807
-0.154861, -0.109967
-0.146766, -0.109221
-0.138489, -0.108552
-0.130046, -0.107945
-0.121452, -0.107384
-0.112725, -0.106853
-0.103881, -0.106334
-0.094939, -0.105810
-0.085914, -0.105263
-0.076827, -0.104675
-0.067693, -0.104028
-0.058532, -0.103303
-0.049360, -0.102484
-0.040197, -0.101552
-0.031059, -0.100491
-0.021964, -0.099282
-0.012929, -0.097910
-0.003970, -0.096359
0.004896, -0.094614
0.013653, -0.092660
0.022286, -0.090485
0.030780, -0.088074
0.039121, -0.085418
0.047296, -0.082503
0.055292, -0.079322
0.063095, -0.075865
0.070696, -0.072124
0.078082, -0.068092
0.085244, -0.063764
0.092172, -0.059135
0.098858, -0.054201
0.105293, -0.048960
0.111470, -0.043410
0.117383, -0.037550
0.123025, -0.031381
0.128392, -0.024905
0.133480, -0.018125
0.138284, -0.011043
0.142803, -0.003664
0.147035, 0.004005
0.150977, 0.011959
0.154632, 0.020188
0.157997, 0.028685
0.161076, 0.037440
0.163871, 0.046441
0.166384, 0.055678
0.168620, 0.065135
0.170583, 0.074801
0.172279, 0.084659
0.173715, 0.094694
0.174897, 0.104889
0.175835, 0.115226
0.176536, 0.125685
0.177011, 0.136249
0.177269, 0.146895
0.177322, 0.157603
0.177180, 0.168352
0.176856, 0.179118
0.176362, 0.189880
0.175710, 0.200614
0.174914, 0.211297
0.173987, 0.221906
0.172941, 0.232417
0.171790, 0.242808
0.170548, 0.253054
0.169226, 0.263133
0.167838, 0.273023
0.166396, 0.282701
0.164912, 0.292148
0.163398, 0.301342
0.161866, 0.310263
0.160325, 0.318892
0.158786, 0.327211
0.157259, 0.335203
0.155753, 0.342852
0.154277, 0.350142
0.152838, 0.357058
0.151443, 0.363587
0.150100, 0.369717
0.148815, 0.375436
0.147593, 0.380733
0.146440, 0.385598
0.145361, 0.390023
0.144359, 0.394000
0.143438, 0.397521
0.142602, 0.400581
0.141854, 0.403173
0.141195, 0.405294
0.140628, 0.406939
0.140155, 0.408105
0.139777, 0.408791
0.139495, 0.408995
0.139309, 0.408716
0.139219, 0.407954
0.139226, 0.406710
0.139329, 0.404986
0.139527, 0.402784
0.139818, 0.400107
0.140201, 0.396959
0.140674, 0.393346
0.141234, 0.389272
0.141878, 0.384744
0.142603, 0.379770
0.143405, 0.374357
0.144280, 0.368515
0.145221, 0.362255
0.146225, 0.355586
0.147284, 0.348521
0.148392, 0.341072
0.149542, 0.333255
0.150726, 0.325083
0.151935, 0.316573
0.153161, 0.307740
0.154394, 0.298604
0.155623, 0.289183
0.156838, 0.279496
0.158027, 0.269564
0.159179, 0.259408
0.160281, 0.249049
0.161322, 0.238510
0.162287, 0.227814
0.163165, 0.216984
0.163942, 0.206043
0.164604, 0.195017
0.165139, 0.183928
0.165533, 0.172800
0.165773, 0.161657
0.165847, 0.150523
0.165743, 0.139420
0.165448, 0.128372
0.164952, 0.117399
0.164243, 0.106524
0.163311, 0.095766
0.162147, 0.085147
0.160743, 0.074684
0.159090, 0.064396
0.157181, 0.054299
0.155011, 0.044410
0.152573, 0.034744
0.149863, 0.025315
0.146878, 0.016135
0.143614, 0.007217
0.140070, -0.001428
0.136244, -0.009792
0.132136, -0.017865
0.127746, -0.025639
0.123077, -0.033108
0.118129, -0.040267
0.112907, -0.047111
0.107413, -0.053636
0.101653, -0.059840
0.095631, -0.065722
0.089354, -0.071281
0.082828, -0.076519
0.076061, -0.081436
0.069061, -0.086036
0.061837, -0.090323
0.054398, -0.094301
0.046756, -0.097978
0.038921, -0.101358
0.030904, -0.104451
0.022719, -0.107266
0.014379, -0.109813
0.005896, -0.112103
-0.002715, -0.114147
-0.011438, -0.115959
-0.020259, -0.117553
-0.029162, -0.118943
-0.038130, -0.120144
-0.047147, -0.121172
-0.056196, -0.122044
-0.065259, -0.122777
-0.074319, -0.123389
-0.083358, -0.123897
-0.092357, -0.124319
-0.101301, -0.124673
-0.110169, -0.124979
-0.118946, -0.125253
-0.127612, -0.125514
-0.136152, -0.125779
-0.144548, -0.126066
-0.152783, -0.126391
-0.160842, -0.126771
-0.168709, -0.127221
-0.176369, -0.127756
-0.183807, -0.128390
-0.191010, -0.129136
-0.197964, -0.130007
-0.204658, -0.131015
-0.211079, -0.132169
-0.217216, -0.133480
-0.223060, -0.134955
-0.228601, -0.136604
-0.233830, -0.138432
-0.238739, -0.140446
-0.243322, -0.142649
-0.247572, -0.145046
-0.251484, -0.147639
-0.255052, -0.150431
-0.258274, -0.153422
-0.261146, -0.156613
-0.263665, -0.160001
-0.265831, -0.163586
-0.267642, -0.167363
-0.269099, -0.171331
-0.270203, -0.175482
-0.270955, -0.179813
-0.271358, -0.184316
-0.271415, -0.188984
-0.271130, -0.193808
-0.270509, -0.198779
-0.269556, -0.203887
-0.268279, -0.209120
-0.266685, -0.214466
-0.264782, -0.219913
-0.262578, -0.225446
-0.260083, -0.231050
-0.257307, -0.236711
-0.254262, -0.242412
-0.250958, -0.248136
-0.247407, -0.253865
-0.243624, -0.259582
-0.239619, -0.265267
-0.235408, -0.270902
-0.231003, -0.276466
-0.226420, -0.281941
-0.221671, -0.287306
-0.216774, -0.292542
-0.211740, -0.297627
-0.206587, -0.302542
-0.201327, -0.307268
-0.195977, -0.311785
-0.190550, -0.316074
-0.185061, -0.320116
-0.179524, -0.323893
-0.173952, -0.327388
-0.168360, -0.330583
-0.162760, -0.333462
-0.157164, -0.336011
-0.151586, -0.338213
-0.146036, -0.340056
-0.140527, -0.341527
-0.135069, -0.342613
-0.129673, -0.343303
-0.124348, -0.343587
-0.119105, -0.343456
-0.113952, -0.342900
-0.108898, -0.341912
-0.103951, -0.340485
-0.099118, -0.338614
-0.094408, -0.336294
-0.089825, -0.333520
-0.085378, -0.330289
-0.081070, -0.326600
-0.076909, -0.322450
-0.072898, -0.317840
-0.069041, -0.312770
-0.065343, -0.307240
-0.061807, -0.301254
-0.058434, -0.294815
-0.055228, -0.287927
-0.052190, -0.280595
-0.049319, -0.272826
-0.046617, -0.264626
-0.044084, -0.256005
-0.041716, -0.246971
-0.039513, -0.237535
-0.037472, -0.227710
-0.035588, -0.217507
-0.033858, -0.206941
-0.032276, -0.196028
-0.030835, -0.184783
-0.029529, -0.173225
-0.028350, -0.161373
-0.027288, -0.149246
-0.026334, -0.136866
-0.025478, -0.124256
-0.024708, -0.111438
-0.024012, -0.098437
-0.023377, -0.085279
-0.022790, -0.071989
-0.022238, -0.058594
-0.021706, -0.045121
-0.021180, -0.031599
-0.020646, -0.018054
-0.020088, -0.004514
-0.019492, 0.008992
-0.018844, 0.022437
-0.018130, 0.035794
-0.017336, 0.049036
-0.016449, 0.062137
-0.015456, 0.075072
-0.014346, 0.087816
-0.013107, 0.100346
-0.011729, 0.112639
-0.010202, 0.124675
-0.008518, 0.136432
-0.006669, 0.147892
-0.004648, 0.159037
-0.002449, 0.169851
-0.000067, 0.180317
0.002502, 0.190423
0.005262, 0.200154
0.008214, 0.209500
0.011361, 0.218450
0.014703, 0.226994
0.018240, 0.235124
0.021972, 0.242833
0.025897, 0.250114
0.030012, 0.256963
0.034317, 0.263375
0.038805, 0.269347
0.043475, 0.274878
0.048320, 0.279967
0.053337, 0.284612
0.058518, 0.288816
0.063858, 0.292579
0.069350, 0.295905
0.074987, 0.298798
0.080759, 0.301262
0.086660, 0.303302
0.092679, 0.304926
0.098808, 0.306141
0.105037, 0.306955
0.111354, 0.307378
0.117749, 0.307420
0.124210, 0.307092
0.130726, 0.306407
0.137283, 0.305377
0.143869, 0.304018
0.150471, 0.302342
0.157074, 0.300366
0.163665, 0.298107
0.170228, 0.295581
0.176749, 0.292805
0.183213, 0.289798
0.189605, 0.286579
0.195909, 0.283166
0.202109, 0.279578
0.208190, 0.275837
0.214136, 0.271960
0.219932, 0.267968
0.225562, 0.263880
0.231011, 0.259716
0.236264, 0.255496
0.241306, 0.251237
0.246125, 0.246958
0.250705, 0.242678
0.255034, 0.238414
0.259100, 0.234182
0.262889, 0.229998
0.266392, 0.225878
0.269598, 0.221836
0.272496, 0.217885
0.275078, 0.214039
0.277334, 0.210309
0.279259, 0.206707
0.280844, 0.203241
0.282085, 0.199922
0.282974, 0.196757
0.283509, 0.193755
0.283686, 0.190920
0.283501, 0.188259
0.282954, 0.185776
0.282041, 0.183474
0.280764, 0.181357
0.279123, 0.179426
0.277118, 0.177681
0.274752, 0.176123
0.272028, 0.174751
0.268949, 0.173562
0.265519, 0.172553
0.261744, 0.171721
0.257630, 0.171061
0.253183, 0.170567
0.248412, 0.170231
0.243324, 0.170047
0.237928, 0.170006
0.232236, 0.170097
0.226256, 0.170311
0.220002, 0.170635
0.213484, 0.171057
0.206716, 0.171564
0.199712, 0.172142
0.192485, 0.172776
0.185051, 0.173449
0.177424, 0.174147
0.169622, 0.174850
0.161658, 0.175543
0.153552, 0.176208
0.145319, 0.176825
0.136977, 0.177377
0.128542, 0.177845
0.120034, 0.178210
0.111468, 0.178454
0.102863, 0.178559
0.094236, 0.178505
0.085604, 0.178276
0.076985, 0.177854
0.068394, 0.177222
0.059849, 0.176365
0.051365, 0.175266
0.042957, 0.173911
0.034641, 0.172286
0.026432, 0.170379
0.018343, 0.168177
0.010387, 0.165669
0.002578, 0.162845
-0.005072, 0.159696
-0.012553, 0.156214
-0.019852, 0.152392
-0.026960, 0.148223
-0.033866, 0.143703
-0.040563, 0.138827
-0.047041, 0.133594
-0.053294, 0.128000
-0.059314, 0.122046
-0.065095, 0.115731
-0.070632, 0.109057
-0.075920, 0.102026
-0.080955, 0.094641
-0.085734, 0.086908
-0.090254, 0.078831
-0.094515, 0.070417
-0.098514, 0.061674
-0.102253, 0.052611
-0.105731, 0.043237
-0.108951, 0.033564
-0.111916, 0.023603
-0.114628, 0.013368
-0.117093, 0.002874
-0.119315, -0.007864
-0.121301, -0.018831
-0.123057, -0.030007
-0.124592, -0.041375
-0.125914, -0.052914
-0.127033, -0.064604
-0.127958, -0.076424
-0.128701, -0.088352
-0.129274, -0.100363
-0.129687, -0.112434
-0.129955, -0.124542
-0.130090, -0.136661
-0.130104, -0.148766
-0.130013, -0.160832
-0.129828, -0.172834
-0.129565, -0.184746
-0.129236, -0.196544
-0.128854, -0.208202
-0.128434, -0.219697
-0.127987, -0.231004
-0.127526, -0.242100
-0.127063, -0.252963
-0.126610, -0.263572
-0.126176, -0.273905
-0.125773, -0.283944
-0.125409, -0.293668
-0.125094, -0.303061
-0.124835, -0.312105
-0.124640, -0.320786
-0.124516, -0.329088
-0.124469, -0.336997
-0.124505, -0.344502
-0.124627, -0.351591
-0.124840, -0.358253
-0.125149, -0.364480
-0.125555, -0.370261
-0.126061, -0.375590
-0.126670, -0.380461
-0.127382, -0.384867
-0.128199, -0.388804
-0.129121, -0.392267
-0.130149, -0.395253
-0.131281, -0.397760
-0.132517, -0.399787
-0.133857, -0.401332
-0.135298, -0.402395
-0.136838, -0.402978
-0.138476, -0.403082
-0.140209, -0.402708
-0.142034, -0.401862
-0.143947, -0.400545
-0.145944, -0.398763
-0.148022, -0.396522
-0.150175, -0.393827
-0.152400, -0.390686
-0.154690, -0.387107
-0.157039, -0.383099
-0.159441, -0.378671
-0.161889, -0.373835
-0.164376, -0.368601
-0.166894, -0.362982
-0.169435, -0.356992
-0.171989, -0.350644
-0.174548, -0.343954
-0.177101, -0.336938
-0.179639, -0.329612
-0.182149, -0.321995
-0.184622, -0.314103
-0.187045, -0.305958
-0.189406, -0.297577
-0.191693, -0.288983
-0.193893, -0.280195
-0.195993, -0.271235
-0.197980, -0.262124
-0.199841, -0.252884
-0.201563, -0.243539
-0.203133, -0.234108
-0.204538, -0.224616
-0.205764, -0.215083
-0.206800, -0.205531
-0.207633, -0.195981
-0.208252, -0.186455
-0.208645, -0.176973
-0.208803, -0.167554
-0.208713, -0.158218
-0.208368, -0.148983
-0.207759, -0.139866
-0.206877, -0.130884
-0.205716, -0.122053
-0.204268, -0.113388
-0.202529, -0.104903
-0.200492, -0.096611
-0.198156, -0.088524
-0.195515, -0.080652
-0.192568, -0.073007
-0.189314, -0.065597
-0.185750, -0.058430
-0.181879, -0.051514
-0.177700, -0.044854
-0.173215, -0.038456
-0.168427, -0.032323
-0.163339, -0.026460
-0.157955, -0.020867
-0.152280, -0.015546
-0.146320, -0.010497
-0.140081, -0.005719
-0.133570, -0.001209
-0.126796, 0.003034
-0.119766, 0.007015
-0.112492, 0.010739
-0.104982, 0.014213
-0.097247, 0.017443
-0.089300, 0.020437
-0.081153, 0.023206
-0.072818, 0.025758
-0.064310, 0.028105
-0.055642, 0.030260
-0.046830, 0.032234
-0.037889, 0.034042
-0.028835, 0.035698
-0.019685, 0.037217
-0.010455, 0.038615
-0.001162, 0.039910
0.008176, 0.041116
0.017540, 0.042252
0.026914, 0.043336
0.036279, 0.044384
0.045617, 0.045415
0.054910, 0.046447
0.064141, 0.047496
0.073291, 0.048581
0.082342, 0.049718
0.091279, 0.050924
0.100084, 0.052216
0.108741, 0.053607
0.117233, 0.055114
0.125546, 0.056750
0.133666, 0.058529
0.141577, 0.060463
0.149267, 0.062563
0.156723, 0.064840
0.163932, 0.067303
0.170885, 0.069961
0.177569, 0.072823
0.183975, 0.075893
0.190095, 0.079179
0.195920, 0.082684
0.201442, 0.086412
0.206655, 0.090366
0.211553, 0.094548
0.216130, 0.098957
0.220383, 0.103594
0.224308, 0.108458
0.227902, 0.113546
0.231164, 0.118854
0.234091, 0.124379
0.236685, 0.130115
0.238944, 0.136057
0.240871, 0.142197
0.242468, 0.148527
0.243737, 0.155038
0.244682, 0.161721
0.245308, 0.168564
0.245620, 0.175555
0.245623, 0.182682
0.245326, 0.189932
0.244735, 0.197290
0.243859, 0.204740
0.242707, 0.212267
0.241289, 0.219853
0.239614, 0.227482
0.237695, 0.235134
0.235542, 0.242791
0.233168, 0.250434
0.230584, 0.258043
0.227805, 0.265598
0.224843, 0.273077
0.221711, 0.280461
0.218423, 0.287729
0.214992, 0.294860
0.211433, 0.301833
0.207759, 0.308627
0.203984, 0.315224
0.200121, 0.321601
0.196184, 0.327741
0.192185, 0.333625
0.188137, 0.339233
0.184053, 0.344548
0.179944, 0.349554
0.175823, 0.354234
0.171699, 0.358572
0.167585, 0.362554
0.163490, 0.366166
0.159424, 0.369395
0.155397, 0.372229
0.151417, 0.374657
0.147493, 0.376668
0.143632, 0.378253
0.139843, 0.379403
0.136132, 0.380110
0.132507, 0.380367
0.128973, 0.380169
0.125536, 0.379510
0.122201, 0.378385
0.118974, 0.376791
0.115860, 0.374726
0.112861, 0.372187
0.109983, 0.369173
0.107227, 0.365684
0.104598, 0.361720
0.102098, 0.357284
0.099728, 0.352377
0.097490, 0.347002
0.095385, 0.341163
0.093414, 0.334866
0.091576, 0.328117
0.089870, 0.320922
0.088296, 0.313289
0.086852, 0.305227
0.085534, 0.296746
0.084339, 0.287858
0.083264, 0.278574
0.082304, 0.268907
0.081453, 0.258873
0.080704, 0.248487
0.080052, 0.237764
0.079486, 0.226725
0.079000, 0.215386
0.078584, 0.203770
0.078226, 0.191896
0.077917, 0.179787
0.077644, 0.167467
0.077396, 0.154959
0.077159, 0.142288
0.076920, 0.129480
0.076666, 0.116561
0.076382, 0.103557
0.076054, 0.090496
0.075669, 0.077403
0.075211, 0.064308
0.074667, 0.051235
0.074023, 0.038212
0.073266, 0.025265
0.072382, 0.012420
0.071359, -0.000299
0.070185, -0.012866
0.068850, -0.025260
0.067342, -0.037457
0.065652, -0.049436
0.063771, -0.061177
0.061691, -0.072661
0.059406, -0.083868
0.056910, -0.094784
0.054196, -0.105391
0.051262, -0.115676
0.048103, -0.125624
0.044717, -0.135225
0.041103, -0.144466
0.037260, -0.153339
0.033187, -0.161834
0.028887, -0.169944
0.024360, -0.177662
0.019609, -0.184983
0.014637, -0.191902
0.009448, -0.198417
0.004047, -0.204525
-0.001562, -0.210224
-0.007372, -0.215516
-0.013376, -0.220400
-0.019569, -0.224878
-0.025941, -0.228954
-0.032484, -0.232630
-0.039190, -0.235913
-0.046048, -0.238808
-0.053049, -0.241322
-0.060182, -0.243463
-0.067435, -0.245240
-0.074797, -0.246662
-0.082255, -0.247741
-0.089796, -0.248488
-0.097406, -0.248917
-0.105072, -0.249040
-0.112778, -0.248872
-0.120511, -0.248429
-0.128255, -0.247727
-0.135994, -0.246782
-0.143712, -0.245611
-0.151392, -0.244233
-0.159020, -0.242666
-0.166576, -0.240928
-0.174046, -0.239039
-0.181413, -0.237018
-0.188658, -0.234883
-0.195767, -0.232655
-0.202723, -0.230352
-0.209509, -0.227993
-0.216110, -0.225597
-0.222510, -0.223182
-0.228695, -0.220766
-0.234649, -0.218365
-0.240359, -0.215996
-0.245812, -0.213676
-0.250994, -0.211418
-0.255895, -0.209237
-0.260501, -0.207148
-0.264804, -0.205161
-0.268793, -0.203288
-0.272459, -0.201541
-0.275793, -0.199929
-0.278789, -0.198461
-0.281439, -0.197145
-0.283737, -0.195987
-0.285679, -0.194994
-0.287261, -0.194170
-0.288478, -0.193520
-0.289328, -0.193047
-0.289809, -0.192753
-0.289920, -0.192639
-0.289661, -0.192706
-0.289032, -0.192954
-0.288034, -0.193380
-0.286671, -0.193982
-0.284943, -0.194758
-0.282856, -0.195702
-0.280414, -0.196810
-0.277622, -0.198075
-0.274486, -0.199491
-0.271014, -0.201049
-0.267212, -0.202741
-0.263090, -0.204556
-0.258656, -0.206483
-0.253921, -0.208512
-0.248895, -0.210629
-0.243590, -0.212821
-0.238019, -0.215073
-0.232194, -0.217370
-0.226128, -0.219697
-0.219836, -0.222036
-0.213333, -0.224371
-0.206633, -0.226684
-0.199752, -0.228956
-0.192706, -0.231170
-0.185512, -0.233305
-0.178185, -0.235343
-0.170743, -0.237265
-0.163201, -0.239051
-0.155578, -0.240683
-0.147889, -0.242140
-0.140152, -0.243406
-0.132382, -0.244461
-0.124596, -0.245289
-0.116810, -0.245870
-0.109040, -0.246190
-0.101301, -0.246232
-0.093607, -0.245981
-0.085973, -0.245423
-0.078414, -0.244545
-0.070942, -0.243333
-0.063570, -0.241777
-0.056312, -0.239866
-0.049177, -0.237590
-0.042179, -0.234940
-0.035327, -0.231909
-0.028632, -0.228490
-0.022102, -0.224678
-0.015748, -0.220467
-0.009577, -0.215855
-0.003597, -0.210838
0.002186, -0.205415
0.007764, -0.199586
0.013132, -0.193351
0.018284, -0.186710
0.023218, -0.179668
0.027928, -0.172227
0.032412, -0.164393
0.036667, -0.156170
0.040692, -0.147565
0.044487, -0.138587
0.048052, -0.129245
0.051387, -0.119548
0.054495, -0.109509
0.057377, -0.099138
0.060038, -0.088451
0.062482, -0.077462
0.064715, -0.066187
0.066743, -0.054643
0.068572, -0.042848
0.070212, -0.030823
0.071671, -0.018587
0.072959, -0.006162
0.074087, 0.006428
0.075065, 0.019161
0.075907, 0.032013
0.076624, 0.044957
0.077230, 0.057968
0.077738, 0.071020
0.078162, 0.084087
0.078516, 0.097141
0.078815, 0.110155
0.079072, 0.123103
0.079303, 0.135957
0.079519, 0.148693
0.079736, 0.161282
0.079967, 0.173701
0.080223, 0.185925
0.080518, 0.197929
0.080862, 0.209691
0.081266, 0.221189
0.081741, 0.232403
0.082296, 0.243311
0.082939, 0.253897
0.083677, 0.264141
0.084519, 0.274028
0.085470, 0.283543
0.086535, 0.292671
0.087719, 0.301399
0.089026, 0.309716
0.090458, 0.317611
0.092019, 0.325073
0.093711, 0.332096
0.095534, 0.338670
0.097488, 0.344790
0.099575, 0.350449
0.101793, 0.355643
0.104142, 0.360368
0.106619, 0.364621
0.109224, 0.368400
0.111952, 0.371704
0.114802, 0.374533
0.117770, 0.376887
0.120852, 0.378767
0.124045, 0.380175
0.127343, 0.381115
0.130741, 0.381590
0.134235, 0.381605
0.137817, 0.381165
0.141483, 0.380276
0.145225, 0.378947
0.149036, 0.377184
0.152908, 0.374996
0.156834, 0.372394
0.160805, 0.369388
0.164812, 0.365989
0.168846, 0.362210
0.172897, 0.358064
0.176955, 0.353564
0.181008, 0.348726
0.185045, 0.343566
0.189056, 0.338099
0.193028, 0.332344
0.196948, 0.326317
0.200804, 0.320038
0.204582, 0.313525
0.208271, 0.306798
0.211855, 0.299878
0.215322, 0.292783
0.218657, 0.285535
0.221848, 0.278155
0.224880, 0.270664
0.227740, 0.263082
0.230415, 0.255429
0.232891, 0.247727
0.235156, 0.239996
0.237198, 0.232255
0.239004, 0.224524
0.240563, 0.216822
0.241865, 0.209166
0.242899, 0.201574
0.243655, 0.194063
0.244125, 0.186648
0.244301, 0.179346
0.244175, 0.172170
0.243740, 0.165134
0.242991, 0.158250
0.241922, 0.151531
0.240529, 0.144985
0.238809, 0.138624
0.236759, 0.132457
0.234377, 0.126490
0.231662, 0.120731
0.228614, 0.115187
0.225233, 0.109861
0.221521, 0.104759
0.217480, 0.099882
0.213112, 0.095234
0.208422, 0.090815
0.203414, 0.086626
0.198093, 0.082666
0.192466, 0.078932
0.186539, 0.075423
0.180320, 0.072134
0.173818, 0.069061
0.167041, 0.066197
0.159999, 0.063537
0.152705, 0.061071
0.145168, 0.058792
0.137401, 0.056689
0.129416, 0.054752
0.121229, 0.052970
0.112852, 0.051329
0.104300, 0.049816
0.095590, 0.048417
0.086736, 0.047118
0.077755, 0.045902
0.068665, 0.044753
0.059482, 0.043655
0.050224, 0.042591
0.040908, 0.041543
0.031554, 0.040494
0.022177, 0.039426
0.012798, 0.038321
0.003433, 0.037161
-0.005899, 0.035929
-0.015181, 0.034608
-0.024395, 0.033181
-0.033525, 0.031632
-0.042552, 0.029946
-0.051461, 0.028106
-0.060237, 0.026099
-0.068863, 0.023911
-0.077325, 0.021529
-0.085608, 0.018942
-0.093700, 0.016139
-0.101588, 0.013110
-0.109258, 0.009845
-0.116701, 0.006338
-0.123904, 0.002580
-0.130858, -0.001433
-0.137554, -0.005707
-0.143983, -0.010246
-0.150137, -0.015052
-0.156010, -0.020127
-0.161595, -0.025473
-0.166886, -0.031088
-0.171879, -0.036971
-0.176570, -0.043121
-0.180957, -0.049533
-0.185035, -0.056204
-0.188805, -0.063129
-0.192265, -0.070300
-0.195416, -0.077711
-0.198258, -0.085353
-0.200793, -0.093218
-0.203023, -0.101294
-0.204953, -0.109571
-0.206587, -0.118036
-0.207928, -0.126676
-0.208984, -0.135478
-0.209761, -0.144425
-0.210266, -0.153502
-0.210508, -0.162692
-0.210495, -0.171978
-0.210237, -0.181341
-0.209744, -0.190762
-0.209028, -0.200221
-0.208098, -0.209697
-0.206968, -0.219170
-0.205648, -0.228619
-0.204153, -0.238021
-0.202495, -0.247356
-0.200686, -0.256600
-0.198740, -0.265732
-0.196670, -0.274730
-0.194490, -0.283572
-0.192211, -0.292236
-0.189848, -0.300702
-0.187413, -0.308949
-0.184917, -0.316956
-0.182374, -0.324704
-0.179795, -0.332174
-0.177190, -0.339348
-0.174572, -0.346209
-0.171950, -0.352739
-0.169333, -0.358924
-0.166732, -0.364748
-0.164155, -0.370197
-0.161610, -0.375258
-0.159105, -0.379920
-0.156648, -0.384170
-0.154245, -0.387998
-0.151903, -0.391395
-0.149627, -0.394353
-0.147423, -0.396862
-0.145296, -0.398917
-0.143251, -0.400511
-0.141291, -0.401639
-0.139420, -0.402296
-0.137643, -0.402479
-0.135961, -0.402184
-0.134377, -0.401410
-0.132895, -0.400155
-0.131514, -0.398419
-0.130238, -0.396202
-0.129067, -0.393504
-0.128001, -0.390328
-0.127042, -0.386676
-0.126189, -0.382551
-0.125441, -0.377959
-0.124797, -0.372903
-0.124257, -0.367390
-0.123817, -0.361428
-0.123476, -0.355022
-0.123229, -0.348183
-0.123075, -0.340921
-0.123008, -0.333245
-0.123023, -0.325168
-0.123115, -0.316702
-0.123277, -0.307862
-0.123503, -0.298662
-0.123786, -0.289118
-0.124116, -0.279248
-0.124485, -0.269069
-0.124883, -0.258600
-0.125300, -0.247862
-0.125725, -0.236875
-0.126146, -0.225662
-0.126552, -0.214245
-0.126930, -0.202647
-0.127267, -0.190893
-0.127549, -0.179006
-0.127765, -0.167013
-0.127898, -0.154938
-0.127937, -0.142806
-0.127868, -0.130643
-0.127677, -0.118474
-0.127350, -0.106325
-0.126876, -0.094219
-0.126241, -0.082182
-0.125433, -0.070236
-0.124442, -0.058405
-0.123256, -0.046712
-0.121865, -0.035176
-0.120260, -0.023820
-0.118433, -0.012662
-0.116376, -0.001720
-0.114082, 0.008987
-0.111545, 0.019444
-0.108761, 0.029635
-0.105724, 0.039547
-0.102433, 0.049166
-0.098884, 0.058480
-0.095076, 0.067480
-0.091008, 0.076154
-0.086680, 0.084495
-0.082095, 0.092495
-0.077252, 0.100148
-0.072156, 0.107448
-0.066808, 0.114392
-0.061215, 0.120976
-0.055379, 0.127198
-0.049308, 0.133057
-0.043007, 0.138554
-0.036483, 0.143688
-0.029745, 0.148463
-0.022800, 0.152881
-0.015657, 0.156947
-0.008327, 0.160666
-0.000820, 0.164045
0.006853, 0.167089
0.014680, 0.169809
0.022650, 0.172213
0.030749, 0.174312
0.038963, 0.176117
0.047279, 0.177640
0.055682, 0.178895
0.064156, 0.179895
0.072687, 0.180656
0.081257, 0.181192
0.089852, 0.181521
0.098453, 0.181660
0.107044, 0.181625
0.115608, 0.181435
0.124128, 0.181107
0.132585, 0.180661
0.140962, 0.180115
0.149243, 0.179487
0.157409, 0.178797
0.165443, 0.178063
0.173329, 0.177302
0.181050, 0.176534
0.188589, 0.175774
0.195932, 0.175041
0.203063, 0.174350
0.209967, 0.173716
0.216630, 0.173156
0.223039, 0.172682
0.229182, 0.172308
0.235046, 0.172047
0.240619, 0.171909
0.245892, 0.171905
0.250855, 0.172045
0.255498, 0.172337
0.259814, 0.172788
0.263795, 0.173406
0.267435, 0.174197
0.270728, 0.175164
0.273668, 0.176312
0.276252, 0.177643
0.278477, 0.179159
0.280339, 0.180861
0.281837, 0.182750
0.282970, 0.184824
0.283738, 0.187081
0.284141, 0.189519
0.284180, 0.192133
0.283859, 0.194920
0.283180, 0.197873
0.282147, 0.200987
0.280764, 0.204253
0.279038, 0.207663
0.276973, 0.211209
0.274577, 0.214879
0.271859, 0.218663
0.268825, 0.222549
0.265487, 0.226524
0.261854, 0.230574
0.257936, 0.234685
0.253745, 0.238840
0.249294, 0.243025
0.244594, 0.247222
0.239660, 0.251414
0.234504, 0.255582
0.229142, 0.259709
0.223588, 0.263775
0.217856, 0.267761
0.211962, 0.271647
0.205922, 0.275415
0.199752, 0.279044
0.193466, 0.282514
0.187081, 0.285807
0.180611, 0.288902
0.174074, 0.291781
0.167484, 0.294426
0.160856, 0.296818
0.154205, 0.298940
0.147545, 0.300775
0.140892, 0.302308
0.134258, 0.303521
0.127656, 0.304403
0.121101, 0.304937
0.114603, 0.305112
0.108176, 0.304916
0.101831, 0.304337
0.095578, 0.303366
0.089428, 0.301993
0.083392, 0.300210
0.077478, 0.298009
0.071695, 0.295385
0.066052, 0.292333
0.060557, 0.288846
0.055216, 0.284923
0.050038, 0.280560
0.045027, 0.275757
0.040190, 0.270511
0.035532, 0.264825
0.031058, 0.258698
0.026770, 0.252134
0.022673, 0.245136
0.018769, 0.237708
0.015060, 0.229855
0.011548, 0.221585
0.008232, 0.212904
0.005113, 0.203821
0.002190, 0.194346
-0.000539, 0.184490
-0.003078, 0.174265
-0.005428, 0.163684
-0.007596, 0.152762
-0.009585, 0.141514
-0.011403, 0.129958
-0.013057, 0.118111
-0.014553, 0.105994
-0.015903, 0.093625
-0.017114, 0.081029
-0.018198, 0.068225
-0.019167, 0.055240
-0.020031, 0.042097
-0.020805, 0.028822
-0.021501, 0.015441
-0.022133, 0.001981
-0.022715, -0.011530
-0.023263, -0.025066
-0.023789, -0.038597
-0.024310, -0.052097
-0.024838, -0.065537
-0.025390, -0.078891
-0.025978, -0.092130
-0.026617, -0.105229
-0.027318, -0.118162
-0.028096, -0.130904
-0.028962, -0.143430
-0.029926, -0.155718
-0.030999, -0.167746
-0.032191, -0.179492
-0.033511, -0.190937
-0.034965, -0.202062
-0.036561, -0.212850
-0.038305, -0.223286
-0.040202, -0.233352
-0.042256, -0.243038
-0.044471, -0.252328
-0.046850, -0.261213
-0.049393, -0.269682
-0.052104, -0.277725
-0.054981, -0.285335
-0.058025, -0.292505
-0.061234, -0.299229
-0.064608, -0.305502
-0.068144, -0.311319
-0.071839, -0.316679
-0.075690, -0.321578
-0.079694, -0.326016
-0.083845, -0.329993
-0.088139, -0.333508
-0.092571, -0.336565
-0.097135, -0.339164
-0.101824, -0.341311
-0.106632, -0.343008
-0.111552, -0.344262
-0.116576, -0.345077
-0.121696, -0.345462
-0.126903, -0.345424
-0.132188, -0.344972
-0.137541, -0.344115
-0.142953, -0.342865
-0.148413, -0.341231
-0.153909, -0.339228
-0.159432, -0.336868
-0.164967, -0.334164
-0.170505, -0.331133
-0.176031, -0.327789
-0.181532, -0.324149
-0.186996, -0.320230
-0.192407, -0.316050
-0.197754, -0.311626
-0.203020, -0.306978
-0.208191, -0.302125
-0.213253, -0.297087
-0.218192, -0.291882
-0.222992, -0.286532
-0.227638, -0.281057
-0.232117, -0.275476
-0.236414, -0.269809
-0.240514, -0.264076
-0.244405, -0.258297
-0.248072, -0.252491
-0.251503, -0.246676
-0.254685, -0.240870
-0.257606, -0.235091
-0.260255, -0.229356
-0.262622, -0.223680
-0.264695, -0.218080
-0.266467, -0.212570
-0.267928, -0.207163
-0.269071, -0.201872
-0.269887, -0.196710
-0.270373, -0.191687
-0.270520, -0.186813
-0.270326, -0.182098
-0.269785, -0.177550
-0.268896, -0.173177
-0.267655, -0.168985
-0.266061, -0.164979
-0.264113, -0.161164
-0.261812, -0.157544
-0.259158, -0.154122
-0.256154, -0.150899
-0.252800, -0.147876
-0.249102, -0.145053
-0.245062, -0.142429
-0.240686, -0.140002
-0.235980, -0.137770
-0.230950, -0.135727
-0.225602, -0.133870
-0.219946, -0.132192
-0.213990, -0.130687
-0.207744, -0.129346
-0.201217, -0.128161
-0.194422, -0.127123
-0.187370, -0.126219
-0.180073, -0.125439
-0.172546, -0.124769
-0.164801, -0.124198
-0.156854, -0.123710
-0.148720, -0.123290
-0.140413, -0.122923
-0.131952, -0.122592
-0.123352, -0.122281
-0.114630, -0.121971
-0.105803, -0.121647
-0.096890, -0.121289
-0.087907, -0.120880
-0.078874, -0.120400
-0.069807, -0.119833
-0.060724, -0.119161
-0.051643, -0.118364
-0.042583, -0.117427
-0.033559, -0.116332
-0.024589, -0.115062
-0.015690, -0.113603
-0.006878, -0.111938
0.001832, -0.110053
0.010423, -0.107935
0.018883, -0.105572
0.027195, -0.102951
0.035347, -0.100061
0.043326, -0.096893
0.051120, -0.093438
0.058717, -0.089689
0.066106, -0.085637
0.073277, -0.081278
0.080220, -0.076607
0.086927, -0.071621
0.093390, -0.066316
0.099601, -0.060691
0.105554, -0.054746
0.111243, -0.048481
0.116662, -0.041898
0.121808, -0.035000
0.126677, -0.027789
0.131267, -0.020272
0.135574, -0.012453
0.139599, -0.004339
0.143340, 0.004060
0.146799, 0.012738
0.149977, 0.021683
0.152875, 0.030885
0.155498, 0.040332
0.157849, 0.050010
0.159932, 0.059905
0.161754, 0.070002
0.163320, 0.080285
0.164639, 0.090736
0.165718, 0.101337
0.166566, 0.112070
0.167193, 0.122914
0.167609, 0.133849
0.167824, 0.144853
0.167851, 0.155904
0.167701, 0.166980
0.167387, 0.178057
0.166920, 0.189113
0.166315, 0.200122
0.165585, 0.211062
0.164742, 0.221909
0.163800, 0.232639
0.162771, 0.243229
0.161670, 0.253655
0.160509, 0.263895
0.159300, 0.273927
0.158055, 0.283729
0.156786, 0.293280
0.155504, 0.302560
0.154220, 0.311549
0.152944, 0.320231
0.151685, 0.328586
0.150452, 0.336598
0.149254, 0.344252
0.148099, 0.351534
0.146993, 0.358428
0.145944, 0.364924
0.144957, 0.371009
0.144037, 0.376672
0.143190, 0.381903
0.142420, 0.386694
0.141731, 0.391037
0.141126, 0.394924
0.140609, 0.398349
0.140181, 0.401308
0.139845, 0.403794
0.139602, 0.405805
0.139455, 0.407337
0.139403, 0.408389
0.139447, 0.408958
0.139588, 0.409044
0.139825, 0.408648
0.140157, 0.407770
0.140585, 0.406411
0.141106, 0.404574
0.141718, 0.402263
0.142421, 0.399481
0.143211, 0.396233
0.144085, 0.392525
0.145040, 0.388363
0.146072, 0.383755
0.147178, 0.378708
0.148351, 0.373231
0.149588, 0.367336
0.150882, 0.361032
0.152227, 0.354331
0.153616, 0.347247
0.155041, 0.339793
0.156495, 0.331984
0.157969, 0.323835
0.159453, 0.315363
0.160939, 0.306586
0.162414, 0.297522
0.163870, 0.288191
0.165294, 0.278611
0.166675, 0.268805
0.168000, 0.258794
0.169257, 0.248599
0.170433, 0.238244
0.171515, 0.227750
0.172490, 0.217142
0.173345, 0.206443
0.174067, 0.195676
0.174642, 0.184865
0.175058, 0.174033
0.175302, 0.163203
0.175362, 0.152398
0.175226, 0.141639
0.174883, 0.130950
0.174322, 0.120350
0.173533, 0.109859
0.172507, 0.099498
0.171235, 0.089285
0.169709, 0.079238
0.167922, 0.069373
0.165867, 0.059707
0.163540, 0.050253
0.160936, 0.041027
0.158051, 0.032040
0.154882, 0.023305
0.151426, 0.014832
0.147684, 0.006631
0.143653, -0.001290
0.139336, -0.008923
0.134732, -0.016261
0.129845, -0.023300
0.124677, -0.030034
0.119231, -0.036460
0.113513, -0.042576
0.107527, -0.048381
0.101279, -0.053874
0.094777, -0.059056
0.088026, -0.063929
0.081037, -0.068496
0.073817, -0.072761
0.066377, -0.076728
0.058726, -0.080403
0.050877, -0.083795
0.042839, -0.086910
0.034627, -0.089757
0.026253, -0.092348
0.017730, -0.094693
0.009074, -0.096803
0.000298, -0.098692
-0.008581, -0.100374
-0.017548, -0.101863
-0.026586, -0.103174
-0.035679, -0.104324
-0.044810, -0.105328
-0.053960, -0.106204
-0.063113, -0.106970
-0.072251, -0.107642
-0.081355, -0.108240
-0.090408, -0.108780
-0.099392, -0.109282
-0.108289, -0.109762
-0.117082, -0.110240
-0.125753, -0.110732
-0.134285, -0.111255
-0.142662, -0.111827
-0.150868, -0.112462
-0.158886, -0.113176
-0.166703, -0.113985
-0.174303, -0.114902
-0.181672, -0.115939
-0.188798, -0.117109
-0.195668, -0.118424
-0.202270, -0.119893
-0.208593, -0.121527
-0.214627, -0.123332
-0.220363, -0.125318
-0.225792, -0.127489
-0.230905, -0.129853
-0.235696, -0.132412
-0.240159, -0.135171
-0.244287, -0.138132
-0.248076, -0.141297
-0.251523, -0.144665
-0.254624, -0.148238
-0.257376, -0.152013
-0.259779, -0.155988
-0.261830, -0.160160
-0.263531, -0.164525
-0.264883, -0.169077
-0.265886, -0.173811
-0.266543, -0.178720
-0.266858, -0.183796
-0.266835, -0.189029
-0.266478, -0.194411
-0.265793, -0.199931
-0.264787, -0.205576
-0.263466, -0.211336
-0.261839, -0.217195
-0.259915, -0.223141
-0.257702, -0.229158
-0.255211, -0.235230
-0.252453, -0.241341
-0.249438, -0.247474
-0.246180, -0.253610
-0.242690, -0.259732
-0.238982, -0.265820
-0.235069, -0.271856
-0.230964, -0.277819
-0.226681, -0.283689
-0.222236, -0.289447
-0.217641, -0.295072
-0.212912, -0.300544
-0.208064, -0.305843
-0.203110, -0.310949
-0.198065, -0.315843
-0.192944, -0.320505
-0.187760, -0.324918
-0.182527, -0.329061
-0.177258, -0.332920
-0.171967, -0.336475
-0.166667, -0.339711
-0.161370, -0.342614
-0.156087, -0.345167
-0.150830, -0.347357
-0.145611, -0.349172
-0.140439, -0.350599
-0.135326, -0.351627
-0.130280, -0.352245
-0.125311, -0.352445
-0.120428, -0.352217
-0.115639, -0.351554
-0.110951, -0.350450
-0.106373, -0.348897
-0.101910, -0.346892
-0.097570, -0.344430
-0.093359, -0.341508
-0.089281, -0.338124
-0.085342, -0.334275
-0.081547, -0.329962
-0.077900, -0.325185
-0.074403, -0.319945
-0.071061, -0.314244
-0.067876, -0.308085
-0.064849, -0.301472
-0.061983, -0.294411
-0.059277, -0.286907
-0.056732, -0.278967
-0.054348, -0.270599
-0.052122, -0.261813
-0.050054, -0.252618
-0.048140, -0.243027
-0.046376, -0.233051
-0.044758, -0.222705
-0.043282, -0.212002
-0.041940, -0.200961
-0.040726, -0.189597
-0.039633, -0.177929
-0.038650, -0.165977
-0.037770, -0.153762
-0.036981, -0.141306
-0.036273, -0.128631
-0.035633, -0.115763
-0.035049, -0.102725
-0.034508, -0.089544
-0.033997, -0.076246
-0.033501, -0.062858
-0.033006, -0.049407
-0.032498, -0.035921
-0.031962, -0.022427
-0.031384, -0.008954
-0.030749, 0.004471
-0.030043, 0.017821
-0.029252, 0.031069
-0.028364, 0.044189
-0.027364, 0.057155
-0.026243, 0.069942
-0.024987, 0.082528
-0.023587, 0.094889
-0.022032, 0.107003
-0.020314, 0.118851
-0.018426, 0.130413
-0.016359, 0.141670
-0.014107, 0.152606
-0.011667, 0.163206
-0.009032, 0.173454
-0.006200, 0.183337
-0.003168, 0.192844
0.000065, 0.201963
0.003501, 0.210685
0.007139, 0.219001
0.010980, 0.226903
0.015021, 0.234386
0.019261, 0.241443
0.023696, 0.248071
0.028324, 0.254266
0.033140, 0.260026
0.038140, 0.265350
0.043317, 0.270237
0.048668, 0.274688
0.054184, 0.278704
0.059859, 0.282289
0.065685, 0.285447
0.071654, 0.288180
0.077758, 0.290496
0.083988, 0.292400
0.090333, 0.293901
0.096783, 0.295005
0.103328, 0.295724
0.109956, 0.296067
0.116656, 0.296045
0.123415, 0.295671
0.130221, 0.294957
0.137060, 0.293918
0.143918, 0.292568
0.150782, 0.290923
0.157637, 0.288998
0.164468, 0.286812
0.171261, 0.284382
0.177999, 0.281725
0.184667, 0.278860
0.191249, 0.275807
0.197730, 0.272584
0.204093, 0.269212
0.210323, 0.265709
0.216404, 0.262095
0.222320, 0.258390
0.228056, 0.254613
0.233597, 0.250783
0.238928, 0.246919
0.244035, 0.243040
0.248904, 0.239162
0.253522, 0.235304
0.257876, 0.231480
0.261955, 0.227709
0.265746, 0.224003
0.269239, 0.220378
0.272424, 0.216846
0.275292, 0.213421
0.277834, 0.210114
0.280043, 0.206935
0.281911, 0.203894
0.283433, 0.201000
0.284604, 0.198261
0.285418, 0.195684
0.285872, 0.193275
0.285964, 0.191039
0.285690, 0.188980
0.285050, 0.187101
0.284043, 0.185405
0.282670, 0.183893
0.280931, 0.182565
0.278829, 0.181422
0.276366, 0.180461
0.273546, 0.179681
0.270372, 0.179077
0.266851, 0.178647
0.262987, 0.178384
0.258788, 0.178283
0.254261, 0.178336
0.249415, 0.178536
0.244258, 0.178873
0.238800, 0.179338
0.233052, 0.179919
0.227026, 0.180604
0.220732, 0.181382
0.214185, 0.182238
0.207398, 0.183158
0.200384, 0.184127
0.193159, 0.185128
0.185737, 0.186146
0.178134, 0.187163
0.170367, 0.188162
0.162453, 0.189124
0.154407, 0.190030
0.146247, 0.190864
0.137990, 0.191604
0.129654, 0.192234
0.121256, 0.192734
0.112813, 0.193085
0.104343, 0.193269
0.095863, 0.193270
0.087390, 0.193068
0.078939, 0.192647
0.070528, 0.191992
0.062173, 0.191086
0.053887, 0.189915
0.045688, 0.188465
0.037588, 0.186723
0.029602, 0.184676
0.021743, 0.182315
0.014024, 0.179628
0.006457, 0.176606
-0.000946, 0.173241
-0.008175, 0.169526
-0.015220, 0.165455
-0.022070, 0.161023
-0.028718, 0.156226
-0.035153, 0.151060
-0.041370, 0.145525
-0.047361, 0.139618
-0.053120, 0.133340
-0.058642, 0.126693
-0.063921, 0.119678
-0.068953, 0.112300
-0.073736, 0.104561
-0.078267, 0.096468
-0.082544, 0.088027
-0.086567, 0.079247
-0.090334, 0.070134
-0.093848, 0.060700
-0.097109, 0.050956
-0.100120, 0.040913
-0.102884, 0.030584
-0.105407, 0.019985
-0.107692, 0.009130
-0.109746, -0.001964
-0.111576, -0.013279
-0.113189, -0.024797
-0.114595, -0.036498
-0.115803, -0.048361
-0.116822, -0.060364
-0.117665, -0.072485
-0.118341, -0.084700
-0.118864, -0.096986
-0.119247, -0.109317
-0.119501, -0.121670
-0.119641, -0.134018
-0.119680, -0.146335
-0.119632, -0.158597
-0.119511, -0.170777
-0.119330, -0.182851
-0.119103, -0.194792
-0.118842, -0.206576
-0.118562, -0.218179
-0.118274, -0.229577
-0.117991, -0.240748
-0.117723, -0.251669
-0.117482, -0.262319
-0.117278, -0.272679
-0.117120, -0.282729
-0.117018, -0.292451
-0.116979, -0.301827
-0.117010, -0.310843
-0.117119, -0.319483
-0.117312, -0.327733
-0.117593, -0.335581
-0.117968, -0.343014
-0.118440, -0.350023
-0.119013, -0.356597
-0.119690, -0.362728
-0.120472, -0.368409
-0.121362, -0.373631
-0.122361, -0.378390
-0.123470, -0.382681
-0.124688, -0.386499
-0.126015, -0.389842
-0.127452, -0.392706
-0.128996, -0.395090
-0.130647, -0.396994
-0.132402, -0.398417
-0.134259, -0.399360
-0.136216, -0.399824
-0.138269, -0.399813
-0.140416, -0.399328
-0.142652, -0.398375
-0.144974, -0.396958
-0.147376, -0.395081
-0.149855, -0.392752
-0.152403, -0.389979
-0.155017, -0.386768
-0.157688, -0.383128
-0.160411, -0.379071
-0.163179, -0.374605
-0.165983, -0.369743
-0.168816, -0.364497
-0.171669, -0.358881
-0.174532, -0.352908
-0.177397, -0.346593
-0.180252, -0.339954
-0.183088, -0.333005
-0.185893, -0.325765
-0.188656, -0.318252
-0.191364, -0.310485
-0.194006, -0.302484
-0.196569, -0.294268
-0.199041, -0.285858
-0.201407, -0.277276
-0.203656, -0.268542
-0.205773, -0.259679
-0.207747, -0.250708
-0.209562, -0.241651
-0.211207, -0.232530
-0.212669, -0.223365
-0.213935, -0.214180
-0.214993, -0.204993
-0.215832, -0.195827
-0.216439, -0.186701
-0.216806, -0.177634
-0.216920, -0.168645
-0.216774, -0.159752
-0.216358, -0.150973
-0.215665, -0.142322
-0.214687, -0.133817
-0.213417, -0.125472
-0.211851, -0.117299
-0.209982, -0.109313
-0.207808, -0.101524
-0.205325, -0.093944
-0.202530, -0.086583
-0.199422, -0.079448
-0.196000, -0.072549
-0.192264, -0.065891
-0.188216, -0.059481
-0.183856, -0.053324
-0.179187, -0.047424
-0.174213, -0.041783
-0.168937, -0.036403
-0.163365, -0.031285
-0.157501, -0.026430
-0.151353, -0.021835
-0.144928, -0.017500
-0.138233, -0.013420
-0.131277, -0.009591
-0.124070, -0.006008
-0.116622, -0.002666
-0.108943, 0.000444
-0.101046, 0.003330
-0.092943, 0.006001
-0.084646, 0.008467
-0.076170, 0.010739
-0.067529, 0.012830
-0.058737, 0.014753
-0.049811, 0.016521
-0.040766, 0.018149
-0.031619, 0.019652
-0.022386, 0.021046
-0.013085, 0.022347
-0.003733, 0.023573
0.005651, 0.024741
0.015051, 0.025868
0.024447, 0.026972
0.033822, 0.028070
0.043157, 0.029181
0.052436, 0.030322
0.061639, 0.031509
0.070750, 0.032761
0.079751, 0.034093
0.088627, 0.035521
0.097359, 0.037061
0.105933, 0.038727
0.114334, 0.040534
0.122546, 0.042493
0.130556, 0.044619
0.138349, 0.046920
0.145915, 0.049409
0.153239, 0.052094
0.160312, 0.054984
0.167122, 0.058086
0.173659, 0.061407
0.179916, 0.064952
0.185883, 0.068725
0.191552, 0.072730
0.196918, 0.076969
0.201974, 0.081443
0.206714, 0.086153
0.211136, 0.091099
0.215234, 0.096278
0.219007, 0.101688
0.222452, 0.107325
0.225567, 0.113186
0.228354, 0.119264
0.230811, 0.125553
0.232941, 0.132046
0.234745, 0.138734
0.236227, 0.145608
0.237389, 0.152657
0.238236, 0.159872
0.238774, 0.167238
0.239008, 0.174744
0.238946, 0.182376
0.238595, 0.190118
0.237964, 0.197955
0.237060, 0.205871
0.235895, 0.213848
0.234478, 0.221869
0.232820, 0.229914
0.230934, 0.237966
0.228830, 0.246003
0.226521, 0.254006
0.224020, 0.261955
0.221340, 0.269828
0.218494, 0.277605
0.215496, 0.285265
0.212360, 0.292786
0.209098, 0.300149
0.205724, 0.307331
0.202253, 0.314314
0.198696, 0.321077
0.195067, 0.327600
0.191379, 0.333864
0.187644, 0.339851
0.183875, 0.345544
0.180082, 0.350925
0.176278, 0.355978
0.172473, 0.360687
0.168678, 0.365039
0.164901, 0.369018
0.161154, 0.372613
0.157445, 0.375810
0.153782, 0.378600
0.150174, 0.380971
0.146628, 0.382913
0.143151, 0.384420
0.139750, 0.385481
0.136432, 0.386092
0.133202, 0.386245
0.130065, 0.385935
0.127028, 0.385158
0.124094, 0.383911
0.121267, 0.382190
0.118552, 0.379993
0.115952, 0.377320
0.113470, 0.374170
0.111109, 0.370544
0.108871, 0.366442
0.106757, 0.361868
0.104768, 0.356824
0.102907, 0.351313
0.101172, 0.345342
0.099563, 0.338915
0.098081, 0.332039
0.096723, 0.324722
0.095486, 0.316973
0.094370, 0.308802
0.093370, 0.300218
0.092482, 0.291235
0.091701, 0.281865
0.091022, 0.272121
0.090439, 0.262020
0.089945, 0.251578
0.089531, 0.240812
0.089190, 0.229741
0.088911, 0.218384
0.088685, 0.206763
0.088500, 0.194898
0.088346, 0.182814
0.088211, 0.170533
0.088080, 0.158080
0.087943, 0.145481
0.087784, 0.132760
0.087590, 0.119945
0.087348, 0.107060
0.087042, 0.094135
0.086659, 0.081194
0.086186, 0.068264
0.085607, 0.055373
0.084910, 0.042545
0.084082, 0.029808
0.083109, 0.017184
0.081981, 0.004699
0.080687, -0.007624
0.079214, -0.019762
0.077555, -0.031695
0.075699, -0.043401
0.073640, -0.054862
0.071369, -0.066059
0.068881, -0.076976
0.066170, -0.087595
0.063233, -0.097903
0.060064, -0.107887
0.056663, -0.117533
0.053027, -0.126831
0.049155, -0.135770
0.045047, -0.144342
0.040704, -0.152539
0.036128, -0.160353
0.031321, -0.167781
0.026285, -0.174816
0.021026, -0.181456
0.015547, -0.187698
0.009853, -0.193540
0.003951, -0.198983
-0.002154, -0.204027
-0.008453, -0.208674
-0.014939, -0.212926
-0.021603, -0.216787
-0.028437, -0.220263
-0.035431, -0.223358
-0.042574, -0.226080
-0.049855, -0.228437
-0.057264, -0.230437
-0.064788, -0.232090
-0.072414, -0.233407
-0.080129, -0.234400
-0.087919, -0.235082
-0.095771, -0.235465
-0.103670, -0.235565
-0.111600, -0.235396
-0.119546, -0.234975
-0.127492, -0.234319
-0.135422, -0.233444
-0.143319, -0.232368
-0.151168, -0.231110
-0.158950, -0.229689
-0.166649, -0.228122
-0.174249, -0.226430
-0.181732, -0.224632
-0.189081, -0.222746
-0.196280, -0.220791
-0.203313, -0.218787
-0.210164, -0.216751
-0.216817, -0.214703
-0.223256, -0.212658
-0.229468, -0.210634
-0.235439, -0.208648
-0.241154, -0.206715
-0.246600, -0.204849
-0.251767, -0.203065
-0.256642, -0.201376
-0.261215, -0.199794
-0.265475, -0.198330
-0.269414, -0.196995
-0.273023, -0.195798
-0.276294, -0.194748
-0.279221, -0.193852
-0.281797, -0.193117
-0.284018, -0.192548
-0.285878, -0.192151
-0.287376, -0.191929
-0.288506, -0.191884
-0.289268, -0.192020
-0.289661, -0.192336
-0.289683, -0.192833
-0.289336, -0.193510
-0.288620, -0.194365
-0.287537, -0.195396
-0.286091, -0.196599
-0.284285, -0.197969
-0.282123, -0.199501
-0.279610, -0.201189
-0.276753, -0.203024
-0.273558, -0.205000
-0.270033, -0.207106
-0.266186, -0.209332
-0.262027, -0.211667
-0.257565, -0.214100
-0.252810, -0.216617
-0.247776, -0.219204
-0.242472, -0.221848
-0.236913, -0.224531
-0.231112, -0.227240
-0.225082, -0.229956
-0.218838, -0.232662
-0.212395, -0.235340
-0.205769, -0.237973
-0.198974, -0.240540
-0.192028, -0.243024
-0.184947, -0.245404
-0.177746, -0.247662
-0.170443, -0.249778
-0.163055, -0.251733
-0.155596, -0.253508
-0.148085, -0.255084
-0.140537, -0.256443
-0.132969, -0.257567
-0.125395, -0.258440
-0.117832, -0.259044
-0.110295, -0.259363
-0.102798, -0.259382
-0.095355, -0.259088
-0.087980, -0.258466
-0.080687, -0.257504
-0.073488, -0.256191
-0.066395, -0.254515
-0.059421, -0.252467
-0.052575, -0.250039
-0.045869, -0.247222
-0.039313, -0.244009
-0.032915, -0.240396
-0.026686, -0.236377
-0.020632, -0.231948
-0.014762, -0.227106
-0.009083, -0.221851
-0.003600, -0.216180
0.001679, -0.210095
0.006751, -0.203597
0.011611, -0.196688
0.016254, -0.189371
0.020679, -0.181651
0.024882, -0.173533
0.028862, -0.165024
0.032618, -0.156131
0.036151, -0.146864
0.039461, -0.137232
0.042550, -0.127247
0.045420, -0.116919
0.048074, -0.106264
0.050518, -0.095296
0.052756, -0.084029
0.054795, -0.072483
0.056641, -0.060673
0.058302, -0.048621
0.059788, -0.036346
0.061108, -0.023871
0.062272, -0.011217
0.063293, 0.001593
0.064181, 0.014532
0.064949, 0.027577
0.065611, 0.040701
0.066180, 0.053878
0.066670, 0.067082
0.067095, 0.080284
0.067469, 0.093459
0.067808, 0.106578
0.068124, 0.119614
0.068432, 0.132542
0.068746, 0.145335
0.069080, 0.157966
0.069445, 0.170411
0.069854, 0.182646
0.070320, 0.194647
0.070852, 0.206392
0.071461, 0.217860
0.072157, 0.229031
0.072947, 0.239884
0.073841, 0.250403
0.074845, 0.260571
0.075965, 0.270371
0.077207, 0.279790
0.078575, 0.288814
0.080073, 0.297431
0.081705, 0.305631
0.083472, 0.313402
0.085377, 0.320736
0.087420, 0.327626
0.089602, 0.334064
0.091922, 0.340044
0.094381, 0.345562
0.096977, 0.350614
0.099708, 0.355197
0.102572, 0.359308
0.105566, 0.362946
0.108687, 0.366110
0.111932, 0.368802
0.115295, 0.371022
0.118774, 0.372773
0.122363, 0.374057
0.126056, 0.374878
0.129848, 0.375240
0.133732, 0.375150
0.137703, 0.374613
0.141753, 0.373637
0.145874, 0.372230
0.150059, 0.370400
0.154299, 0.368157
0.158585, 0.365512
0.162909, 0.362477
0.167259, 0.359064
0.171627, 0.355285
0.176002, 0.351156
0.180372, 0.346690
0.184725, 0.341904
0.189051, 0.336814
0.193336, 0.331438
0.197568, 0.325792
0.201733, 0.319896
0.205820, 0.313768
0.209813, 0.307428
0.213700, 0.300896
0.217467, 0.294192
0.221099, 0.287337
0.224583, 0.280351
0.227905, 0.273254
0.231051, 0.266068
0.234009, 0.258812
0.236764, 0.251508
0.239304, 0.244174
0.241617, 0.236831
0.243690, 0.229497
0.245513, 0.222191
0.247073, 0.214930
0.248362, 0.207732
0.249369, 0.200614
0.250085, 0.193590
0.250503, 0.186676
0.250614, 0.179886
0.250412, 0.173232
0.249892, 0.166727
0.249047, 0.160383
0.247874, 0.154209
0.246369, 0.148215
0.244530, 0.142409
0.242354, 0.136799
0.239840, 0.131392
0.236989, 0.126194
0.233800, 0.121208
0.230274, 0.116439
0.226415, 0.111890
0.222225, 0.107561
0.217706, 0.103456
0.212865, 0.099572
0.207706, 0.095909
0.202236, 0.092466
0.196460, 0.089238
0.190387, 0.086222
0.184026, 0.083413
0.177384, 0.080805
0.170473, 0.078391
0.163303, 0.076162
0.155885, 0.074110
0.148232, 0.072225
0.140356, 0.070495
0.132271, 0.068909
0.123992, 0.067455
0.115532, 0.066118
0.106908, 0.064884
0.098135, 0.063738
0.089229, 0.062665
0.080209, 0.061648
0.071090, 0.060670
0.061890, 0.059714
0.052628, 0.058763
0.043320, 0.057799
0.033985, 0.056804
0.024642, 0.055760
0.015307, 0.054650
0.006000, 0.053456
-0.003264, 0.052161
-0.012465, 0.050748
-0.021586, 0.049201
-0.030612, 0.047504
-0.039526, 0.045643
-0.048311, 0.043602
-0.056954, 0.041369
-0.065438, 0.038931
-0.073749, 0.036277
-0.081875, 0.033394
-0.089803, 0.030274
-0.097519, 0.026908
-0.105013, 0.023288
-0.112275, 0.019406
-0.119293, 0.015258
-0.126058, 0.010839
-0.132563, 0.006145
-0.138799, 0.001172
-0.144759, -0.004080
-0.150437, -0.009612
-0.155827, -0.015423
-0.160925, -0.021513
-0.165726, -0.027879
-0.170228, -0.034516
-0.174428, -0.041422
-0.178325, -0.048590
-0.181917, -0.056014
-0.185206, -0.063686
-0.188191, -0.071598
-0.190874, -0.079740
-0.193259, -0.088102
-0.195348, -0.096672
-0.197145, -0.105437
-0.198656, -0.114385
-0.199887, -0.123501
-0.200844, -0.132769
-0.201534, -0.142173
-0.201966, -0.151696
-0.202149, -0.161319
-0.202092, -0.171025
-0.201806, -0.180793
-0.201300, -0.190604
-0.200588, -0.200436
-0.199680, -0.210268
-0.198588, -0.220079
-0.197326, -0.229847
-0.195906, -0.239549
-0.194341, -0.249163
-0.192645, -0.258666
-0.190829, -0.268037
-0.188909, -0.277253
-0.186895, -0.286292
-0.184802, -0.295134
-0.182642, -0.303756
-0.180427, -0.312139
-0.178168, -0.320263
-0.175879, -0.328109
-0.173568, -0.335659
-0.171247, -0.342894
-0.168927, -0.349799
-0.166616, -0.356358
-0.164324, -0.362555
-0.162059, -0.368376
-0.159829, -0.373809
-0.157642, -0.378842
-0.155504, -0.383462
-0.153422, -0.387659
-0.151403, -0.391425
-0.149451, -0.394750
-0.147572, -0.397626
-0.145770, -0.400047
-0.144050, -0.402006
-0.142415, -0.403499
-0.140869, -0.404520
-0.139415, -0.405066
-0.138054, -0.405134
-0.136791, -0.404721
-0.135626, -0.403828
-0.134561, -0.402452
-0.133597, -0.400595
-0.132735, -0.398256
-0.131975, -0.395439
-0.131317, -0.392145
-0.130761, -0.388378
-0.130306, -0.384141
-0.129951, -0.379441
-0.129694, -0.374283
-0.129532, -0.368674
-0.129463, -0.362620
-0.129483, -0.356133
-0.129589, -0.349219
-0.129776, -0.341891
-0.130040, -0.334160
-0.130374, -0.326038
-0.130772, -0.317539
-0.131227, -0.308678
-0.131731, -0.299471
-0.132277, -0.289933
-0.132855, -0.280083
-0.133455, -0.269940
-0.134068, -0.259523
-0.134682, -0.248853
-0.135286, -0.237952
-0.135868, -0.226841
-0.136416, -0.215544
-0.136916, -0.204084
-0.137357, -0.192485
-0.137724, -0.180772
-0.138004, -0.168970
-0.138183, -0.157103
-0.138248, -0.145197
-0.138186, -0.133276
-0.137984, -0.121366
-0.137628, -0.109490
-0.137106, -0.097673
-0.136407, -0.085937
-0.135518, -0.074306
-0.134430, -0.062802
-0.133132, -0.051446
-0.131615, -0.040258
-0.129871, -0.029257
-0.127891, -0.018462
-0.125669, -0.007890
-0.123199, 0.002443
-0.120475, 0.012521
-0.117494, 0.022331
-0.114252, 0.031859
-0.110747, 0.041094
-0.106977, 0.050025
-0.102942, 0.058641
-0.098641, 0.066936
-0.094075, 0.074900
-0.089246, 0.082529
-0.084156, 0.089816
-0.078810, 0.096756
-0.073210, 0.103348
-0.067363, 0.109588
-0.061272, 0.115477
-0.054946, 0.121012
-0.048389, 0.126196
-0.041612, 0.131031
-0.034621, 0.135520
-0.027426, 0.139666
-0.020036, 0.143475
-0.012463, 0.146954
-0.004717, 0.150109
0.003190, 0.152949
0.011246, 0.155484
0.019437, 0.157722
0.027750, 0.159677
0.036171, 0.161359
0.044686, 0.162783
0.053278, 0.163962
0.061932, 0.164911
0.070632, 0.165645
0.079361, 0.166182
0.088104, 0.166536
0.096841, 0.166727
0.105557, 0.166772
0.114233, 0.166688
0.122853, 0.166495
0.131398, 0.166210
0.139850, 0.165853
0.148193, 0.165442
0.156409, 0.164995
0.164481, 0.164530
0.172393, 0.164065
0.180128, 0.163617
0.187671, 0.163203
0.195005, 0.162839
0.202117, 0.162539
0.208993, 0.162320
0.215618, 0.162194
0.221980, 0.162174
0.228068, 0.162273
0.233869, 0.162501
0.239373, 0.162870
0.244570, 0.163387
0.249451, 0.164062
0.254008, 0.164901
0.258234, 0.165911
0.262121, 0.167098
0.265664, 0.168466
0.268858, 0.170018
0.271699, 0.171756
0.274182, 0.173683
0.276306, 0.175799
0.278068, 0.178103
0.279467, 0.180595
0.280504, 0.183272
0.281178, 0.186131
0.281491, 0.189168
0.281445, 0.192378
0.281043, 0.195755
0.280288, 0.199293
0.279186, 0.202983
0.277741, 0.206817
0.275960, 0.210785
0.273849, 0.214878
0.271417, 0.219082
0.268671, 0.223387
0.265621, 0.227779
0.262276, 0.232244
0.258649, 0.236767
0.254748, 0.241332
0.250588, 0.245924
0.246180, 0.250524
0.241537, 0.255116
0.236673, 0.259682
0.231602, 0.264201
0.226339, 0.268656
0.220898, 0.273028
0.215294, 0.277295
0.209543, 0.281439
0.203660, 0.285441
0.197661, 0.289279
0.191560, 0.292935
0.185374, 0.296389
0.179117, 0.299623
0.172804, 0.302617
0.166452, 0.305354
0.160073, 0.307817
0.153682, 0.309988
0.147293, 0.311851
0.140920, 0.313392
0.134576, 0.314595
0.128273, 0.315447
0.122023, 0.315935
0.115839, 0.316047
0.109730, 0.315772
0.103709, 0.315100
0.097785, 0.314021
0.091968, 0.312527
0.086268, 0.310611
0.080692, 0.308267
0.075249, 0.305489
0.069947, 0.302272
0.064793, 0.298613
0.059794, 0.294509
0.054956, 0.289958
0.050283, 0.284960
0.045782, 0.279515
0.041457, 0.273624
0.037312, 0.267289
0.033349, 0.260513
0.029572, 0.253301
0.025983, 0.245657
0.022582, 0.237587
0.019371, 0.229099
0.016349, 0.220202
0.013515, 0.210904
0.010868, 0.201216
0.008405, 0.191150
0.006124, 0.180719
0.004018, 0.169937
0.002084, 0.158820
0.000315, 0.147384
-0.001295, 0.135646
-0.002754, 0.123627
-0.004072, 0.111345
-0.005257, 0.098823
-0.006321, 0.086083
-0.007274, 0.073148
-0.008128, 0.060043
-0.008896, 0.046794
-0.009591, 0.033426
-0.010227, 0.019966
-0.010818, 0.006441
-0.011378, -0.007121
-0.011922, -0.020692
-0.012465, -0.034244
-0.013021, -0.047749
-0.013604, -0.061180
-0.014229, -0.074510
-0.014909, -0.087711
-0.015658, -0.100758
-0.016488, -0.113625
-0.017411, -0.126289
-0.018439, -0.138724
-0.019582, -0.150910
-0.020850, -0.162825
-0.022251, -0.174447
-0.023794, -0.185760
-0.025485, -0.196744
-0.027332, -0.207384
-0.029338, -0.217664
-0.031509, -0.227569
-0.033848, -0.237087
-0.036358, -0.246207
-0.039041, -0.254917
-0.041898, -0.263208
-0.044929, -0.271072
-0.048135, -0.278501
-0.051513, -0.285490
-0.055064, -0.292032
-0.058784, -0.298125
-0.062671, -0.303764
-0.066721, -0.308947
-0.070930, -0.313674
-0.075294, -0.317943
-0.079808, -0.321755
-0.084467, -0.325112
-0.089264, -0.328017
-0.094192, -0.330471
-0.099246, -0.332481
-0.104417, -0.334050
-0.109697, -0.335184
-0.115078, -0.335892
-0.120552, -0.336180
-0.126108, -0.336057
-0.131737, -0.335533
-0.137428, -0.334618
-0.143171, -0.333325
-0.148954, -0.331664
-0.154766, -0.329651
-0.160595, -0.327298
-0.166427, -0.324620
-0.172249, -0.321633
-0.178049, -0.318354
-0.183813, -0.314799
-0.189526, -0.310987
-0.195174, -0.306934
-0.200742, -0.302662
-0.206216, -0.298187
-0.211581, -0.293531
-0.216822, -0.288712
-0.221924, -0.283751
-0.226872, -0.278667
-0.231651, -0.273481
-0.236247, -0.268213
-0.240645, -0.262881
-0.244832, -0.257505
-0.248794, -0.252104
-0.252518, -0.246697
-0.255991, -0.241301
-0.259201, -0.235934
-0.262137, -0.230612
-0.264788, -0.225351
-0.267143, -0.220166
-0.269195, -0.215071
-0.270933, -0.210080
-0.272349, -0.205205
-0.273438, -0.200457
-0.274192, -0.195849
-0.274605, -0.191389
-0.274674, -0.187086
-0.274393, -0.182949
-0.273760, -0.178984
-0.272772, -0.175197
-0.271428, -0.171594
-0.269727, -0.168180
-0.267669, -0.164957
-0.265255, -0.161927
-0.262486, -0.159093
-0.259365, -0.156455
-0.255894, -0.154013
-0.252079, -0.151764
-0.247923, -0.149707
-0.243433, -0.147839
-0.238615, -0.146156
-0.233475, -0.144651
-0.228023, -0.143320
-0.222266, -0.142154
-0.216214, -0.141146
-0.209878, -0.140286
-0.203268, -0.139565
-0.196397, -0.138972
-0.189276, -0.138494
-0.181920, -0.138119
-0.174342, -0.137833
-0.166557, -0.137622
-0.158579, -0.137470
-0.150425, -0.137362
-0.142110, -0.137280
-0.133651, -0.137209
-0.125066, -0.137130
-0.116371, -0.137027
-0.107583, -0.136879
-0.098721, -0.136670
-0.089802, -0.136381
-0.080845, -0.135994
-0.071866, -0.135491
-0.062884, -0.134853
-0.053916, -0.134064
-0.044979, -0.133106
-0.036090, -0.131964
-0.027266, -0.130620
-0.018522, -0.129061
-0.009875, -0.127270
-0.001340, -0.125236
0.007069, -0.122946
0.015337, -0.120386
0.023452, -0.117548
0.031400, -0.114420
0.039168, -0.110994
0.046747, -0.107263
0.054124, -0.103219
0.061289, -0.098857
0.068234, -0.094171
0.074948, -0.089159
0.081424, -0.083818
0.087655, -0.078147
0.093634, -0.072144
0.099356, -0.065810
0.104814, -0.059147
0.110005, -0.052158
0.114925, -0.044847
0.119571, -0.037217
0.123941, -0.029276
0.128034, -0.021029
0.131850, -0.012485
0.135389, -0.003652
0.138652, 0.005458
0.141642, 0.014835
0.144361, 0.024468
0.146814, 0.034341
0.149004, 0.044442
0.150939, 0.054755
0.152623, 0.065263
0.154065, 0.075949
0.155273, 0.086794
0.156255, 0.097780
0.157021, 0.108885
0.157581, 0.120090
0.157946, 0.131371
0.158128, 0.142708
0.158139, 0.154076
0.157991, 0.165453
0.157696, 0.176814
0.157269, 0.188135
0.156722, 0.199393
0.156068, 0.210564
0.155322, 0.221622
0.154495, 0.232544
0.153601, 0.243307
0.152654, 0.253888
0.151664, 0.264263
0.150646, 0.274412
0.149609, 0.284312
0.148566, 0.293944
0.147526, 0.303288
0.146501, 0.312325
0.145499, 0.321038
0.144529, 0.329409
0.143599, 0.337423
0.142718, 0.345065
0.141891, 0.352322
0.141126, 0.359180
0.140428, 0.365627
0.139803, 0.371654
0.139254, 0.377249
0.138787, 0.382404
0.138404, 0.387111
0.138109, 0.391362
0.137905, 0.395152
0.137793, 0.398475
0.137776, 0.401326
0.137855, 0.403702
0.138030, 0.405599
0.138302, 0.407016
0.138672, 0.407950
0.139139, 0.408402
0.139702, 0.408371
0.140362, 0.407858
0.141115, 0.406865
0.141962, 0.405395
0.142899, 0.403450
0.143924, 0.401034
0.145035, 0.398153
0.146228, 0.394812
0.147499, 0.391017
0.148845, 0.386775
0.150261, 0.382096
0.151741, 0.376987
0.153281, 0.371459
0.154874, 0.365523
0.156513, 0.359190
0.158192, 0.352473
0.159903, 0.345387
0.161637, 0.337944
0.163386, 0.330162
0.165140, 0.322055
0.166889, 0.313643
0.168623, 0.304943
0.170332, 0.295973
0.172003, 0.286754
0.173624, 0.277307
0.175184, 0.267652
0.176671, 0.257811
0.178070, 0.247806
0.179370, 0.237660
0.180556, 0.227396
0.181617, 0.217037
0.182539, 0.206605
0.183308, 0.196125
0.183912, 0.185618
0.184339, 0.175108
0.184577, 0.164617
0.184613, 0.154166
0.184436, 0.143777
0.184036, 0.133471
0.183403, 0.123267
0.182527, 0.113185
0.181400, 0.103243
0.180014, 0.093458
0.178361, 0.083847
0.176436, 0.074426
0.174233, 0.065208
0.171748, 0.056209
0.168975, 0.047439
0.165914, 0.038912
0.162560, 0.030637
0.158914, 0.022623
0.154975, 0.014880
0.150743, 0.007415
0.146219, 0.000234
0.141405, -0.006658
0.136305, -0.013255
0.130921, -0.019556
0.125258, -0.025557
0.119322, -0.031257
0.113118, -0.036657
0.106652, -0.041756
0.099934, -0.046558
0.092969, -0.051064
0.085768, -0.055278
0.078341, -0.059207
0.070696, -0.062855
0.062847, -0.066230
0.054803, -0.069339
