0.196403, 0.010775
0.196568, 0.022290
0.196851, 0.034460
0.197259, 0.047200
0.197796, 0.060426
0.198468, 0.074051
0.199278, 0.087990
0.200229, 0.102159
0.201322, 0.116471
0.202559, 0.130842
0.203939, 0.145186
0.205462, 0.159420
0.207127, 0.173459
0.208930, 0.187219
0.210870, 0.200614
0.212941, 0.213563
0.215139, 0.225980
0.217459, 0.237782
0.219893, 0.248886
0.222434, 0.259210
0.225074, 0.268671
0.227804, 0.277191
0.230614, 0.284688
0.233494, 0.291087
0.236432, 0.296312
0.239416, 0.300291
0.242434, 0.302955
0.245471, 0.304238
0.248513, 0.304081
0.251547, 0.302427
0.254557, 0.299226
0.257527, 0.294435
0.260440, 0.288015
0.263281, 0.279937
0.266033, 0.270176
0.268679, 0.258718
0.271202, 0.245556
0.273585, 0.230689
0.275810, 0.214126
0.277861, 0.195883
0.279722, 0.175985
0.281376, 0.154462
0.282806, 0.131354
0.283998, 0.106706
0.284935, 0.080568
0.285604, 0.052999
0.285991, 0.024061
0.286081, -0.006179
0.285863, -0.037651
0.285324, -0.070279
0.284454, -0.103987
0.283241, -0.138692
0.281677, -0.174313
0.279752, -0.210766
0.277459, -0.247964
0.274791, -0.285821
0.271741, -0.324247
0.268304, -0.363155
0.264476, -0.402454
0.260254, -0.442053
0.255635, -0.481862
0.250616, -0.521788
0.245199, -0.561739
0.239382, -0.601620
0.233167, -0.641338
0.226556, -0.680796
0.219552, -0.719898
0.212160, -0.758545
0.204383, -0.796638
0.196229, -0.834075
0.187704, -0.870755
0.178817, -0.906572
0.169576, -0.941421
0.159992, -0.975196
0.150076, -1.007789
0.139840, -1.039091
0.129299, -1.068994
0.118466, -1.097389
0.107356, -1.124168
0.095988, -1.149228
0.084378, -1.172463
0.072545, -1.193774
0.060509, -1.213067
0.048291, -1.230251
0.035912, -1.245245
0.023394, -1.257971
0.010760, -1.268365
-0.001966, -1.276370
-0.014759, -1.281940
-0.027596, -1.285039
-0.040452, -1.285647
-0.053301, -1.283751
-0.066119, -1.279356
-0.078880, -1.272475
-0.091560, -1.263136
-0.104134, -1.251377
-0.116580, -1.237249
-0.128872, -1.220810
-0.140988, -1.202132
-0.152907, -1.181292
-0.164607, -1.158375
-0.176068, -1.133472
-0.187270, -1.106681
-0.198196, -1.078100
-0.208827, -1.047834
-0.219147, -1.015987
-0.229142, -0.982666
-0.238796, -0.947977
-0.248097, -0.912027
-0.257033, -0.874922
-0.265592, -0.836765
-0.273765, -0.797660
-0.281542, -0.757708
-0.288916, -0.717007
-0.295880, -0.675655
-0.302428, -0.633747
-0.308554, -0.591377
-0.314254, -0.548635
-0.319525, -0.505612
-0.324365, -0.462395
-0.328773, -0.419072
-0.332747, -0.375728
-0.336288, -0.332448
-0.339396, -0.289314
-0.342075, -0.246412
-0.344326, -0.203822
-0.346152, -0.161627
-0.347560, -0.119908
-0.348552, -0.078747
-0.349137, -0.038224
-0.349319, 0.001579
-0.349108, 0.040584
-0.348511, 0.078710
-0.347537, 0.115880
-0.346196, 0.152015
-0.344500, 0.187040
-0.342460, 0.220880
-0.340087, 0.253465
-0.337395, 0.284723
-0.334397, 0.314590
-0.331108, 0.343002
-0.327542, 0.369901
-0.323715, 0.395234
-0.319643, 0.418951
-0.315341, 0.441010
-0.310828, 0.461374
-0.306120, 0.480014
-0.301234, 0.496905
-0.296188, 0.512034
-0.290999, 0.525390
-0.285686, 0.536973
-0.280265, 0.546791
-0.274756, 0.554857
-0.269174, 0.561193
-0.263537, 0.565827
-0.257863, 0.568796
-0.252167, 0.570141
-0.246465, 0.569911
-0.240774, 0.568157
-0.235107, 0.564939
-0.229480, 0.560320
-0.223905, 0.554365
-0.218397, 0.547146
-0.212966, 0.538734
-0.207626, 0.529205
-0.202386, 0.518637
-0.197256, 0.507108
-0.192246, 0.494700
-0.187365, 0.481493
-0.182619, 0.467571
-0.178016, 0.453016
-0.173560, 0.437913
-0.169259, 0.422346
-0.165115, 0.406400
-0.161132, 0.390161
-0.157312, 0.373713
-0.153658, 0.357145
-0.150169, 0.340542
-0.146847, 0.323991
-0.143689, 0.307580
-0.140695, 0.291396
-0.137860, 0.275528
-0.135183, 0.260062
-0.132657, 0.245087
-0.130279, 0.230690
-0.128041, 0.216956
-0.125937, 0.203972
-0.123959, 0.191820
-0.122098, 0.180583
-0.120344, 0.170340
-0.118688, 0.161166
-0.117117, 0.153133
-0.115621, 0.146311
-0.114187, 0.140761
-0.112801, 0.136542
-0.111451, 0.133704
-0.110122, 0.132293
-0.108800, 0.132345
-0.107470, 0.133891
-0.106118, 0.136952
-0.104726, 0.141541
-0.103282, 0.147664
-0.101768, 0.155316
-0.100170, 0.164486
-0.098473, 0.175152
-0.096662, 0.187286
-0.094723, 0.200851
-0.092641, 0.215801
-0.090402, 0.232087
-0.087995, 0.249649
-0.085405, 0.268424
-0.082622, 0.288343
-0.079635, 0.309330
-0.076432, 0.331309
-0.073006, 0.354196
-0.069346, 0.377907
-0.065445, 0.402354
-0.061297, 0.427447
-0.056894, 0.453094
-0.052233, 0.479203
-0.047309, 0.505681
-0.042119, 0.532432
-0.036660, 0.559361
-0.030931, 0.586373
-0.024932, 0.613373
-0.018664, 0.640265
-0.012128, 0.666953
-0.005326, 0.693341
0.001738, 0.719334
0.009059, 0.744837
0.016633, 0.769753
0.024452, 0.793988
0.032510, 0.817447
0.040798, 0.840035
0.049307, 0.861658
0.058028, 0.882224
0.066948, 0.901639
0.076056, 0.919814
0.085340, 0.936659
0.094785, 0.952087
0.104376, 0.966015
0.114100, 0.978361
0.123938, 0.989049
0.133875, 0.998006
0.143892, 1.005165
0.153972, 1.010464
0.164095, 1.013849
0.174242, 1.015271
0.184394, 1.014692
0.194529, 1.012077
0.204629, 1.007405
0.214671, 1.000660
0.224635, 0.991837
0.234501, 0.980940
0.244247, 0.967980
0.253853, 0.952979
0.263300, 0.935967
0.272566, 0.916981
0.281633, 0.896067
0.290481, 0.873276
0.299092, 0.848668
0.307449, 0.822306
0.315533, 0.794259
0.323328, 0.764600
0.330820, 0.733404
0.337992, 0.700751
0.344830, 0.666720
0.351322, 0.631394
0.357454, 0.594856
0.363215, 0.557188
0.368594, 0.518474
0.373581, 0.478797
0.378167, 0.438237
0.382343, 0.396877
0.386102, 0.354796
0.389437, 0.312074
0.392342, 0.268787
0.394811, 0.225014
0.396841, 0.180830
0.398427, 0.136309
0.399566, 0.091526
0.400257, 0.046555
0.400497, 0.001468
0.400286, -0.043662
0.399624, -0.088761
0.398511, -0.133758
0.396949, -0.178579
0.394940, -0.223149
0.392487, -0.267395
0.389594, -0.311241
0.386264, -0.354609
0.382503, -0.397424
0.378318, -0.439605
0.373714, -0.481072
0.368699, -0.521744
0.363282, -0.561539
0.357471, -0.600372
0.351278, -0.638159
0.344712, -0.674814
0.337786, -0.710253
0.330511, -0.744390
0.322902, -0.777139
0.314973, -0.808419
0.306739, -0.838146
0.298216, -0.866242
0.289420, -0.892630
0.280369, -0.917240
0.271081, -0.940002
0.261576, -0.960855
0.251871, -0.979745
0.241987, -0.996622
0.231945, -1.011446
0.221765, -1.024184
0.211469, -1.034812
0.201076, -1.043316
0.190609, -1.049691
0.180089, -1.053940
0.169538, -1.056077
0.158975, -1.056125
0.148422, -1.054116
0.137899, -1.050089
0.127427, -1.044093
0.117024, -1.036184
0.106709, -1.026425
0.096501, -1.014882
0.086417, -1.001632
0.076474, -0.986752
0.066687, -0.970325
0.057072, -0.952437
0.047643, -0.933177
0.038413, -0.912637
0.029395, -0.890908
0.020599, -0.868085
0.012036, -0.844264
0.003716, -0.819539
-0.004352, -0.794008
-0.012161, -0.767767
-0.019705, -0.740912
-0.026978, -0.713541
-0.033975, -0.685750
-0.040692, -0.657637
-0.047127, -0.629297
-0.053277, -0.600828
-0.059143, -0.572326
-0.064724, -0.543887
-0.070021, -0.515609
-0.075037, -0.487585
-0.079774, -0.459913
-0.084237, -0.432685
-0.088430, -0.405997
-0.092359, -0.379939
-0.096031, -0.354604
-0.099454, -0.330079
-0.102636, -0.306450
-0.105586, -0.283802
-0.108315, -0.262213
-0.110834, -0.241761
-0.113154, -0.222515
-0.115289, -0.204541
-0.117250, -0.187901
-0.119051, -0.172647
-0.120707, -0.158827
-0.122233, -0.146480
-0.123642, -0.135638
-0.124950, -0.126323
-0.126174, -0.118552
-0.127327, -0.112331
-0.128425, -0.107659
-0.129485, -0.104523
-0.130521, -0.102907
-0.131548, -0.102782
-0.132581, -0.104114
-0.133635, -0.106861
-0.134723, -0.110973
-0.135859, -0.116396
-0.137055, -0.123068
-0.138324, -0.130924
-0.139677, -0.139891
-0.141126, -0.149897
-0.142679, -0.160863
-0.144346, -0.172708
-0.146135, -0.185351
-0.148055, -0.198706
-0.150112, -0.212689
-0.152311, -0.227213
-0.154657, -0.242191
-0.157156, -0.257535
-0.159809, -0.273159
-0.162620, -0.288976
-0.165589, -0.304898
-0.168718, -0.320840
-0.172005, -0.336714
-0.175451, -0.352434
-0.179053, -0.367916
-0.182809, -0.383074
-0.186713, -0.397823
-0.190763, -0.412080
-0.194953, -0.425760
-0.199276, -0.438779
-0.203726, -0.451056
-0.208295, -0.462508
-0.212973, -0.473055
-0.217753, -0.482616
-0.222622, -0.491113
-0.227571, -0.498471
-0.232588, -0.504615
-0.237659, -0.509473
-0.242772, -0.512977
-0.247914, -0.515062
-0.253069, -0.515669
-0.258222, -0.514740
-0.263358, -0.512226
-0.268461, -0.508081
-0.273514, -0.502267
-0.278501, -0.494751
-0.283404, -0.485510
-0.288205, -0.474524
-0.292888, -0.461783
-0.297435, -0.447286
-0.301828, -0.431036
-0.306050, -0.413046
-0.310083, -0.393336
-0.313911, -0.371933
-0.317516, -0.348872
-0.320883, -0.324191
-0.323995, -0.297939
-0.326837, -0.270166
-0.329393, -0.240929
-0.331651, -0.210290
-0.333595, -0.178315
-0.335213, -0.145071
-0.336492, -0.110631
-0.337422, -0.075069
-0.337990, -0.038461
-0.338188, -0.000884
-0.338005, 0.037580
-0.337433, 0.076854
-0.336465, 0.116854
-0.335094, 0.157500
-0.333313, 0.198709
-0.331118, 0.240398
-0.328504, 0.282485
-0.325468, 0.324884
-0.322006, 0.367512
-0.318117, 0.410284
-0.313800, 0.453114
-0.309055, 0.495915
-0.303882, 0.538600
-0.298283, 0.581081
-0.292261, 0.623266
-0.285819, 0.665064
-0.278962, 0.706382
-0.271694, 0.747124
-0.264021, 0.787193
-0.255952, 0.826491
-0.247494, 0.864915
-0.238657, 0.902363
-0.229451, 0.938730
-0.219887, 0.973912
-0.209977, 1.007799
-0.199735, 1.040286
-0.189176, 1.071263
-0.178315, 1.100624
-0.167169, 1.128264
-0.155756, 1.154078
-0.144094, 1.177966
-0.132204, 1.199832
-0.120105, 1.219585
-0.107819, 1.237143
-0.095369, 1.252427
-0.082779, 1.265370
-0.070070, 1.275914
-0.057268, 1.284013
-0.044398, 1.289629
-0.031484, 1.292740
-0.018552, 1.293333
-0.005626, 1.291411
0.007268, 1.286986
0.020106, 1.280086
0.032862, 1.270748
0.045513, 1.259022
0.058034, 1.244968
0.070404, 1.228656
0.082600, 1.210164
0.094601, 1.189577
0.106385, 1.166987
0.117934, 1.142493
0.129229, 1.116195
0.140252, 1.088197
0.150988, 1.058608
0.161420, 1.027534
0.171534, 0.995086
0.181317, 0.961371
0.190757, 0.926499
0.199844, 0.890576
0.208566, 0.853710
0.216915, 0.816005
0.224883, 0.777563
0.232464, 0.738488
0.239651, 0.698879
0.246440, 0.658834
0.252827, 0.618450
0.258808, 0.577823
0.264383, 0.537046
0.269549, 0.496214
0.274307, 0.455417
0.278658, 0.414748
0.282603, 0.374296
0.286145, 0.334151
0.289287, 0.294402
0.292034, 0.255137
0.294392, 0.216444
0.296366, 0.178410
0.297963, 0.141119
0.299191, 0.104658
0.300059, 0.069110
0.300576, 0.034556
0.300753, 0.001076
0.300602, -0.031253
0.300132, -0.062356
0.299359, -0.092162
0.298294, -0.120604
0.296951, -0.147618
0.295346, -0.173146
0.293494, -0.197137
0.291409, -0.219542
0.289108, -0.240321
0.286608, -0.259442
0.283925, -0.276877
0.281076, -0.292608
0.278079, -0.306623
0.274949, -0.318920
0.271706, -0.329503
0.268365, -0.338385
0.264944, -0.345585
0.261459, -0.351131
0.257927, -0.355058
0.254363, -0.357407
0.250784, -0.358226
0.247203, -0.357567
0.243637, -0.355490
0.240098, -0.352056
0.236600, -0.347334
0.233156, -0.341393
0.229776, -0.334306
0.226473, -0.326151
0.223256, -0.317005
0.220136, -0.306946
0.217120, -0.296057
0.214217, -0.284419
0.211434, -0.272114
0.208777, -0.259225
0.206251, -0.245836
0.203862, -0.232031
0.201612, -0.217893
0.199505, -0.203508
0.197542, -0.188958
0.195726, -0.174330
0.194056, -0.159707
0.192531, -0.145176
0.191151, -0.130821
0.189914, -0.116729
0.188816, -0.102984
0.187853, -0.089674
0.187020, -0.076883
0.186313, -0.064698
0.185724, -0.053202
0.185246, -0.042482
0.184872, -0.032618
0.184591, -0.023694
0.184394, -0.015788
0.184272, -0.008978
0.184211, -0.003336
0.184201, 0.001066
0.184228, 0.004164
0.184279, 0.005897
0.184341, 0.006210
0.184399, 0.005054
0.184437, 0.002387
0.184441, -0.001826
0.184395, -0.007612
0.184284, -0.014991
0.184090, -0.023972
0.183799, -0.034559
0.183394, -0.046745
0.182859, -0.060516
0.182178, -0.075849
0.181337, -0.092713
0.180319, -0.111069
0.179110, -0.130871
0.177697, -0.152066
0.176065, -0.174594
0.174201, -0.198392
0.172093, -0.223387
0.169729, -0.249505
0.167099, -0.276668
0.164193, -0.304792
0.161001, -0.333791
0.157514, -0.363578
0.153727, -0.394063
0.149631, -0.425152
0.145222, -0.456753
0.140495, -0.488771
0.135445, -0.521110
0.130072, -0.553675
0.124371, -0.586369
0.118344, -0.619094
0.111990, -0.651753
0.105310, -0.684248
0.098306, -0.716479
0.090981, -0.748348
0.083340, -0.779756
0.075388, -0.810602
0.067130, -0.840786
0.058575, -0.870208
0.049729, -0.898765
0.040603, -0.926358
0.031206, -0.952884
0.021549, -0.978244
0.011645, -1.002335
0.001507, -1.025060
-0.008851, -1.046321
-0.019414, -1.066021
-0.030166, -1.084067
-0.041090, -1.100371
-0.052168, -1.114846
-0.063381, -1.127413
-0.074709, -1.137996
-0.086134, -1.146529
-0.097633, -1.152950
-0.109185, -1.157207
-0.120770, -1.159259
-0.132363, -1.159070
-0.143943, -1.156618
-0.155488, -1.151890
-0.166974, -1.144882
-0.178378, -1.135605
-0.189678, -1.124074
-0.200852, -1.110321
-0.211877, -1.094382
-0.222733, -1.076306
-0.233396, -1.056148
-0.243849, -1.033973
-0.254069, -1.009849
-0.264040, -0.983855
-0.273741, -0.956069
-0.283155, -0.926579
-0.292267, -0.895471
-0.301060, -0.862836
-0.309519, -0.828768
-0.317630, -0.793358
-0.325382, -0.756699
-0.332761, -0.718886
-0.339756, -0.680009
-0.346357, -0.640161
-0.352556, -0.599430
-0.358343, -0.557906
-0.363712, -0.515675
-0.368655, -0.472822
-0.373167, -0.429430
-0.377242, -0.385582
-0.380877, -0.341357
-0.384068, -0.296833
-0.386813, -0.252090
-0.389109, -0.207202
-0.390957, -0.162246
-0.392354, -0.117297
-0.393303, -0.072428
-0.393803, -0.027715
-0.393858, 0.016769
-0.393469, 0.060950
-0.392640, 0.104753
-0.391376, 0.148104
-0.389680, 0.190927
-0.387559, 0.233146
-0.385019, 0.274685
-0.382068, 0.315467
-0.378713, 0.355414
-0.374963, 0.394448
-0.370827, 0.432492
-0.366316, 0.469467
-0.361441, 0.505296
-0.356214, 0.539900
-0.350648, 0.573205
-0.344755, 0.605134
-0.338550, 0.635617
-0.332048, 0.664582
-0.325264, 0.691963
-0.318214, 0.717697
-0.310915, 0.741725
-0.303385, 0.763995
-0.295641, 0.784458
-0.287702, 0.803074
-0.279586, 0.819807
-0.271312, 0.834630
-0.262900, 0.847524
-0.254368, 0.858478
-0.245737, 0.867486
-0.237025, 0.874555
-0.228252, 0.879697
-0.219438, 0.882932
-0.210600, 0.884290
-0.201758, 0.883805
-0.192930, 0.881523
-0.184133, 0.877491
-0.175386, 0.871765
-0.166704, 0.864408
-0.158103, 0.855484
-0.149599, 0.845065
-0.141206, 0.833225
-0.132939, 0.820041
-0.124810, 0.805594
-0.116831, 0.789965
-0.109014, 0.773241
-0.101369, 0.755507
-0.093907, 0.736850
-0.086635, 0.717359
-0.079562, 0.697123
-0.072695, 0.676233
-0.066039, 0.654779
-0.059601, 0.632851
-0.053384, 0.610542
-0.047391, 0.587943
-0.041625, 0.565146
-0.036088, 0.542244
-0.030781, 0.519330
-0.025702, 0.496496
-0.020850, 0.473834
-0.016224, 0.451438
-0.011820, 0.429400
-0.007635, 0.407812
-0.003662, 0.386764
0.000103, 0.366346
0.003667, 0.346646
0.007038, 0.327751
0.010225, 0.309745
0.013237, 0.292708
0.016083, 0.276717
0.018775, 0.261845
0.021324, 0.248161
0.023742, 0.235727
0.026043, 0.224601
0.028239, 0.214833
0.030344, 0.206467
0.032373, 0.199538
0.034340, 0.194074
0.036259, 0.190096
0.038146, 0.187615
0.040016, 0.186633
0.041884, 0.187145
0.043764, 0.189137
0.045672, 0.192586
0.047621, 0.197461
0.049626, 0.203724
0.051700, 0.211330
0.053856, 0.220226
0.056108, 0.230354
0.058467, 0.241650
0.060945, 0.254043
0.063552, 0.267462
0.066297, 0.281829
0.069191, 0.297063
0.072241, 0.313081
0.075455, 0.329797
0.078839, 0.347127
0.082399, 0.364980
0.086140, 0.383268
0.090066, 0.401902
0.094179, 0.420792
0.098482, 0.439848
0.102976, 0.458980
0.107662, 0.478100
0.112538, 0.497116
0.117604, 0.515942
0.122856, 0.534488
0.128292, 0.552666
0.133908, 0.570389
0.139698, 0.587571
0.145657, 0.604123
0.151778, 0.619962
0.158054, 0.635001
0.164475, 0.649157
0.171034, 0.662347
0.177719, 0.674490
0.184520, 0.685505
0.191425, 0.695315
0.198422, 0.703844
0.205497, 0.711019
0.212637, 0.716771
0.219828, 0.721034
0.227053, 0.723745
0.234297, 0.724849
0.241544, 0.724293
0.248777, 0.722032
0.255979, 0.718027
0.263132, 0.712244
0.270218, 0.704657
0.277219, 0.695248
0.284117, 0.684007
0.290893, 0.670929
0.297529, 0.656018
0.304007, 0.639288
0.310309, 0.620757
0.316417, 0.600451
0.322312, 0.578405
0.327979, 0.554657
0.333400, 0.529252
0.338559, 0.502244
0.343440, 0.473686
0.348027, 0.443639
0.352308, 0.412168
0.356266, 0.379339
0.359890, 0.345223
0.363167, 0.309890
0.366084, 0.273416
0.368631, 0.235876
0.370798, 0.197344
0.372575, 0.157899
0.373953, 0.117617
0.374925, 0.076575
0.375483, 0.034851
0.375620, -0.007477
0.375331, -0.050333
0.374612, -0.093639
0.373457, -0.137317
0.371865, -0.181291
0.369831, -0.225483
0.367354, -0.269814
0.364434, -0.314206
0.361070, -0.358581
0.357263, -0.402858
0.353014, -0.446955
0.348325, -0.490792
0.343199, -0.534284
0.337641, -0.577345
0.331654, -0.619888
0.325245, -0.661826
0.318420, -0.703065
0.311186, -0.743514
0.303552, -0.783078
0.295528, -0.821660
0.287123, -0.859162
0.278349, -0.895484
0.269217, -0.930525
0.259743, -0.964185
0.249939, -0.996361
0.239821, -1.026953
0.229405, -1.055862
0.218709, -1.082992
0.207752, -1.108248
0.196551, -1.131540
0.185128, -1.152784
0.173502, -1.171903
0.161697, -1.188825
0.149733, -1.203488
0.137635, -1.215838
0.125425, -1.225832
0.113126, -1.233437
0.100764, -1.238632
0.088362, -1.241407
0.075944, -1.241765
0.063534, -1.239719
0.051157, -1.235293
0.038836, -1.228526
0.026594, -1.219464
0.014454, -1.208163
0.002438, -1.194689
-0.009432, -1.179117
-0.021137, -1.161528
-0.032656, -1.142009
-0.043971, -1.120653
-0.055064, -1.097556
-0.065917, -1.072818
-0.076515, -1.046542
-0.086843, -1.018832
-0.096887, -0.989794
-0.106635, -0.959533
-0.116074, -0.928156
-0.125194, -0.895768
-0.133986, -0.862474
-0.142441, -0.828378
-0.150552, -0.793584
-0.158311, -0.758195
-0.165714, -0.722312
-0.172756, -0.686034
-0.179434, -0.649462
-0.185745, -0.612694
-0.191687, -0.575829
-0.197261, -0.538962
-0.202467, -0.502190
-0.207306, -0.465609
-0.211780, -0.429313
-0.215893, -0.393398
-0.219649, -0.357956
-0.223054, -0.323079
-0.226113, -0.288860
-0.228834, -0.255388
-0.231224, -0.222752
-0.233292, -0.191038
-0.235048, -0.160330
-0.236502, -0.130711
-0.237666, -0.102257
-0.238551, -0.075044
-0.239171, -0.049142
-0.239539, -0.024616
-0.239668, -0.001525
-0.239574, 0.020076
-0.239272, 0.040140
-0.238777, 0.058627
-0.238105, 0.075503
-0.237272, 0.090744
-0.236295, 0.104332
-0.235191, 0.116259
-0.233976, 0.126523
-0.232666, 0.135132
-0.231279, 0.142101
-0.229829, 0.147456
-0.228335, 0.151225
-0.226810, 0.153449
-0.225271, 0.154172
-0.223731, 0.153447
-0.222206, 0.151329
-0.220709, 0.147883
-0.219253, 0.143173
-0.217850, 0.137272
-0.216511, 0.130253
-0.215248, 0.122194
-0.214071, 0.113172
-0.212988, 0.103270
-0.212008, 0.092568
-0.211139, 0.081151
-0.210387, 0.069102
-0.209759, 0.056505
-0.209258, 0.043445
-0.208891, 0.030007
-0.208659, 0.016275
-0.208566, 0.002334
-0.208613, -0.011731
-0.208801, -0.025837
-0.209130, -0.039898
-0.209598, -0.053831
-0.210205, -0.067550
-0.210948, -0.080971
-0.211824, -0.094010
-0.212827, -0.106582
-0.213953, -0.118603
-0.215197, -0.129990
-0.216551, -0.140657
-0.218007, -0.150524
-0.219558, -0.159506
-0.221194, -0.167525
-0.222905, -0.174501
-0.224681, -0.180357
-0.226509, -0.185019
-0.228377, -0.188417
-0.230272, -0.190482
-0.232182, -0.191153
-0.234091, -0.190371
-0.235984, -0.188085
-0.237847, -0.184247
-0.239664, -0.178820
-0.241418, -0.171769
-0.243094, -0.163071
-0.244674, -0.152709
-0.246142, -0.140673
-0.247482, -0.126963
-0.248676, -0.111586
-0.249708, -0.094559
-0.250562, -0.075903
-0.251221, -0.055652
-0.251670, -0.033843
-0.251893, -0.010523
-0.251875, 0.014257
-0.251603, 0.040438
-0.251062, 0.067956
-0.250240, 0.096743
-0.249123, 0.126727
-0.247701, 0.157829
-0.245963, 0.189970
-0.243899, 0.223067
-0.241499, 0.257036
-0.238755, 0.291787
-0.235661, 0.327234
-0.232209, 0.363284
-0.228393, 0.399848
-0.224210, 0.436832
-0.219656, 0.474144
-0.214727, 0.511690
-0.209421, 0.549374
-0.203739, 0.587102
-0.197680, 0.624778
-0.191244, 0.662305
-0.184434, 0.699585
-0.177253, 0.736519
-0.169705, 0.773008
-0.161795, 0.808951
-0.153529, 0.844246
-0.144913, 0.878791
-0.135956, 0.912480
-0.126666, 0.945209
-0.117055, 0.976872
-0.107133, 1.007362
-0.096912, 1.036573
-0.086406, 1.064397
-0.075629, 1.090729
-0.064597, 1.115464
-0.053325, 1.138498
-0.041833, 1.159733
-0.030137, 1.179071
-0.018258, 1.196421
-0.006216, 1.211697
0.005969, 1.224820
0.018273, 1.235718
0.030676, 1.244327
0.043152, 1.250595
0.055680, 1.254478
0.068234, 1.255944
0.080790, 1.254973
0.093325, 1.251556
0.105813, 1.245696
0.118231, 1.237408
0.130553, 1.226720
0.142757, 1.213670
0.154819, 1.198307
0.166716, 1.180689
0.178426, 1.160884
0.189927, 1.138968
0.201198, 1.115023
0.212221, 1.089137
0.222975, 1.061405
0.233443, 1.031922
0.243608, 1.000788
0.253453, 0.968106
0.262965, 0.933977
0.272129, 0.898505
0.280931, 0.861792
0.289361, 0.823941
0.297406, 0.785051
0.305058, 0.745221
0.312308, 0.704550
0.319147, 0.663132
0.325568, 0.621060
0.331566, 0.578427
0.337135, 0.535321
0.342271, 0.491831
0.346971, 0.448041
0.351232, 0.404037
0.355051, 0.359901
0.358429, 0.315716
0.361366, 0.271561
0.363861, 0.227518
0.365917, 0.183664
0.367535, 0.140080
0.368719, 0.096843
0.369473, 0.054033
0.369802, 0.011726
0.369710, -0.029998
0.369204, -0.071062
0.368291, -0.111387
0.366979, -0.150896
0.365276, -0.189511
0.363192, -0.227156
0.360737, -0.263753
0.357921, -0.299229
0.354756, -0.333508
0.351255, -0.366519
0.347430, -0.398192
0.343296, -0.428459
0.338866, -0.457258
0.334156, -0.484527
0.329181, -0.510211
0.323957, -0.534259
0.318501, -0.556625
0.312830, -0.577269
0.306961, -0.596159
0.300913, -0.613267
0.294702, -0.628574
0.288347, -0.642069
0.281867, -0.653746
0.275279, -0.663608
0.268601, -0.671667
0.261851, -0.677940
0.255048, -0.682452
0.248208, -0.685236
0.241349, -0.686332
0.234487, -0.685783
0.227638, -0.683642
0.220819, -0.679965
0.214044, -0.674812
0.207327, -0.668249
0.200683, -0.660344
0.194125, -0.651170
0.187664, -0.640802
0.181312, -0.629317
0.175081, -0.616795
0.168980, -0.603315
0.163018, -0.588961
0.157203, -0.573816
0.151544, -0.557963
0.146046, -0.541488
0.140716, -0.524477
0.135558, -0.507015
0.130577, -0.489189
0.125775, -0.471088
0.121156, -0.452798
0.116719, -0.434407
0.112467, -0.416005
0.108399, -0.397679
0.104513, -0.379519
0.100808, -0.361615
0.097280, -0.344056
0.093925, -0.326930
0.090740, -0.310325
0.087717, -0.294331
0.084851, -0.279033
0.082134, -0.264517
0.079557, -0.250865
0.077113, -0.238157
0.074791, -0.226473
0.072580, -0.215884
0.070469, -0.206461
0.068447, -0.198268
0.066500, -0.191365
0.064615, -0.185804
0.062779, -0.181632
0.060977, -0.178888
0.059196, -0.177604
0.057420, -0.177802
0.055635, -0.179499
0.053825, -0.182702
0.051976, -0.187407
0.050072, -0.193606
0.048099, -0.201279
0.046042, -0.210399
0.043886, -0.220931
0.041619, -0.232833
0.039225, -0.246054
0.036693, -0.260538
0.034011, -0.276224
0.031165, -0.293043
0.028146, -0.310922
0.024943, -0.329784
0.021548, -0.349550
0.017950, -0.370134
0.014142, -0.391451
0.010119, -0.413413
0.005872, -0.435929
0.001398, -0.458909
-0.003307, -0.482259
-0.008248, -0.505887
-0.013425, -0.529700
-0.018842, -0.553605
-0.024498, -0.577507
-0.030392, -0.601314
-0.036523, -0.624931
-0.042889, -0.648267
-0.049487, -0.671228
-0.056312, -0.693721
-0.063360, -0.715655
-0.070623, -0.736938
-0.078096, -0.757478
-0.085770, -0.777185
-0.093637, -0.795968
-0.101686, -0.813740
-0.109908, -0.830412
-0.118290, -0.845898
-0.126822, -0.860113
-0.135488, -0.872977
-0.144276, -0.884408
-0.153171, -0.894332
-0.162158, -0.902675
-0.171219, -0.909370
-0.180339, -0.914354
-0.189501, -0.917568
-0.198685, -0.918963
-0.207874, -0.918491
-0.217048, -0.916117
-0.226189, -0.911809
-0.235278, -0.905546
-0.244294, -0.897313
-0.253218, -0.887104
-0.262029, -0.874923
-0.270709, -0.860779
-0.279238, -0.844693
-0.287597, -0.826691
-0.295766, -0.806807
-0.303727, -0.785083
-0.311462, -0.761567
-0.318953, -0.736313
-0.326182, -0.709379
-0.333135, -0.680830
-0.339794, -0.650732
-0.346144, -0.619158
-0.352172, -0.586180
-0.357864, -0.551874
-0.363206, -0.516318
-0.368186, -0.479589
-0.372794, -0.441766
-0.377018, -0.402929
-0.380849, -0.363157
-0.384278, -0.322528
-0.387297, -0.281121
-0.389898, -0.239012
-0.392075, -0.196279
-0.393822, -0.152999
-0.395134, -0.109246
-0.396006, -0.065095
-0.396435, -0.020621
-0.396417, 0.024102
-0.395952, 0.069002
-0.395037, 0.114003
-0.393672, 0.159033
-0.391856, 0.204018
-0.389592, 0.248883
-0.386879, 0.293552
-0.383722, 0.337951
-0.380122, 0.382001
-0.376083, 0.425623
-0.371611, 0.468739
-0.366710, 0.511266
-0.361388, 0.553122
-0.355650, 0.594222
-0.349506, 0.634480
-0.342964, 0.673808
-0.336033, 0.712117
-0.328725, 0.749318
-0.321051, 0.785319
-0.313023, 0.820030
-0.304655, 0.853358
-0.295961, 0.885215
-0.286956, 0.915510
-0.277656, 0.944156
-0.268078, 0.971070
-0.258241, 0.996170
-0.248161, 1.019380
-0.237860, 1.040629
-0.227356, 1.059853
-0.216670, 1.076994
-0.205823, 1.092002
-0.194837, 1.104837
-0.183733, 1.115466
-0.172535, 1.123868
-0.161264, 1.130029
-0.149942, 1.133949
-0.138592, 1.135636
-0.127236, 1.135109
-0.115897, 1.132395
-0.104596, 1.127534
-0.093353, 1.120573
-0.082191, 1.111566
-0.071129, 1.100578
-0.060186, 1.087678
-0.049381, 1.072942
-0.038733, 1.056452
-0.028258, 1.038294
-0.017972, 1.018558
-0.007892, 0.997337
0.001970, 0.974726
0.011599, 0.950821
0.020982, 0.925722
0.030109, 0.899527
0.038970, 0.872336
0.047553, 0.844250
0.055852, 0.815369
0.063858, 0.785791
0.071566, 0.755618
0.078969, 0.724948
0.086063, 0.693881
0.092846, 0.662516
0.099313, 0.630950
0.105464, 0.599282
0.111299, 0.567610
0.116817, 0.536031
0.122020, 0.504641
0.126911, 0.473538
0.131492, 0.442817
0.135768, 0.412573
0.139745, 0.382899
0.143429, 0.353889
0.146826, 0.325633
0.149944, 0.298220
0.152793, 0.271737
0.155382, 0.246267
0.157722, 0.221889
0.159824, 0.198681
0.161700, 0.176714
0.163363, 0.156054
0.164825, 0.136761
0.166103, 0.118891
0.167208, 0.102490
0.168157, 0.087599
0.168965, 0.074250
0.169648, 0.062469
0.170220, 0.052270
0.170698, 0.043662
0.171098, 0.036644
0.171436, 0.031206
0.171728, 0.027331
0.171988, 0.024993
0.172233, 0.024158
0.172476, 0.024786
0.172733, 0.026828
0.173017, 0.030231
0.173342, 0.034934
0.173720, 0.040872
0.174163, 0.047977
0.174683, 0.056174
0.175290, 0.065387
0.175994, 0.075537
0.176804, 0.086543
0.177728, 0.098320
0.178773, 0.110786
0.179945, 0.123853
0.181251, 0.137438
0.182696, 0.151453
0.184282, 0.165813
0.186013, 0.180430
0.187891, 0.195221
0.189917, 0.210097
0.192093, 0.224975
0.194417, 0.239769
0.196888, 0.254394
0.199504, 0.268765
0.202262, 0.282799
0.205158, 0.296410
0.208188, 0.309516
0.211347, 0.322033
0.214627, 0.333878
0.218022, 0.344969
0.221523, 0.355223
0.225123, 0.364561
0.228811, 0.372903
0.232577, 0.380171
0.236411, 0.386289
0.240299, 0.391185
0.244230, 0.394787
0.248190, 0.397029
0.252166, 0.397848
0.256142, 0.397185
0.260105, 0.394986
0.264037, 0.391205
0.267923, 0.385799
0.271747, 0.378732
0.275492, 0.369978
0.279141, 0.359515
0.282677, 0.347329
0.286082, 0.333416
0.289339, 0.317777
0.292432, 0.300423
0.295342, 0.281371
0.298054, 0.260647
0.300550, 0.238283
0.302814, 0.214317
0.304831, 0.188796
0.306585, 0.161771
0.308061, 0.133299
0.309246, 0.103441
0.310126, 0.072264
0.310687, 0.039837
0.310919, 0.006234
0.310808, -0.028469
0.310346, -0.064194
0.309521, -0.100861
0.308326, -0.138387
0.306751, -0.176689
0.304790, -0.215683
0.302435, -0.255283
0.299682, -0.295403
0.296526, -0.335957
0.292962, -0.376856
0.288988, -0.418014
0.284601, -0.459340
0.279801, -0.500747
0.274586, -0.542142
0.268958, -0.583436
0.262918, -0.624535
0.256468, -0.665346
0.249613, -0.705773
0.242355, -0.745721
0.234700, -0.785090
0.226655, -0.823781
0.218227, -0.861692
0.209424, -0.898719
0.200256, -0.934758
0.190733, -0.969701
0.180866, -1.003442
0.170668, -1.035871
0.160153, -1.066879
0.149336, -1.096358
0.138231, -1.124200
0.126858, -1.150299
0.115232, -1.174550
0.103373, -1.196853
0.091301, -1.217114
0.079038, -1.235241
0.066604, -1.251152
0.054022, -1.264771
0.041316, -1.276032
0.028510, -1.284879
0.015627, -1.291267
0.002693, -1.295161
-0.010268, -1.296540
-0.023230, -1.295395
-0.036167, -1.291729
-0.049056, -1.285559
-0.061870, -1.276914
-0.074586, -1.265835
-0.087179, -1.252372
-0.099626, -1.236588
-0.111903, -1.218555
-0.123990, -1.198352
-0.135863, -1.176068
-0.147504, -1.151794
-0.158893, -1.125630
-0.170011, -1.097677
-0.180841, -1.068040
-0.191366, -1.036828
-0.201572, -1.004146
-0.211445, -0.970105
-0.220970, -0.934812
-0.230137, -0.898374
-0.238934, -0.860898
-0.247352, -0.822488
-0.255381, -0.783247
-0.263015, -0.743277
-0.270245, -0.702677
-0.277066, -0.661544
-0.283474, -0.619974
-0.289465, -0.578060
-0.295035, -0.535895
-0.300182, -0.493570
-0.304906, -0.451174
-0.309206, -0.408796
-0.313082, -0.366523
-0.316537, -0.324442
-0.319572, -0.282639
-0.322191, -0.241199
-0.324397, -0.200207
-0.326197, -0.159748
-0.327594, -0.119904
-0.328597, -0.080760
-0.329212, -0.042397
-0.329448, -0.004897
-0.329313, 0.031659
-0.328818, 0.067193
-0.327973, 0.101628
-0.326789, 0.134887
-0.325279, 0.166899
-0.323456, 0.197593
-0.321332, 0.226904
-0.318923, 0.254768
-0.316242, 0.281129
-0.313305, 0.305933
-0.310128, 0.329134
-0.306728, 0.350690
-0.303120, 0.370566
-0.299322, 0.388735
-0.295351, 0.405177
-0.291225, 0.419877
-0.286960, 0.432830
-0.282574, 0.444039
-0.278085, 0.453513
-0.273509, 0.461270
-0.268865, 0.467335
-0.264168, 0.471738
-0.259436, 0.474519
-0.254683, 0.475722
-0.249926, 0.475397
-0.245180, 0.473601
-0.240459, 0.470393
-0.235777, 0.465839
-0.231146, 0.460006
-0.226580, 0.452967
-0.222091, 0.444794
-0.217688, 0.435566
-0.213383, 0.425359
-0.209184, 0.414253
-0.205100, 0.402331
-0.201140, 0.389672
-0.197309, 0.376360
-0.193614, 0.362479
-0.190061, 0.348111
-0.186654, 0.333341
-0.183395, 0.318253
-0.180289, 0.302932
-0.177337, 0.287463
-0.174540, 0.271933
-0.171899, 0.256426
-0.169411, 0.241029
-0.167077, 0.225828
-0.164894, 0.210910
-0.162858, 0.196363
-0.160965, 0.182272
-0.159211, 0.168725
-0.157589, 0.155807
-0.156092, 0.143605
-0.154714, 0.132201
-0.153445, 0.121679
-0.152277, 0.112119
-0.151199, 0.103600
-0.150201, 0.096195
-0.149271, 0.089977
-0.148398, 0.085012
-0.147567, 0.081362
-0.146766, 0.079082
-0.145980, 0.078224
-0.145196, 0.078829
-0.144399, 0.080935
-0.143573, 0.084569
-0.142702, 0.089752
-0.141772, 0.096494
-0.140767, 0.104801
-0.139671, 0.114666
-0.138469, 0.126076
-0.137145, 0.139009
-0.135684, 0.153433
-0.134071, 0.169312
-0.132293, 0.186598
-0.130335, 0.205240
-0.128183, 0.225179
-0.125827, 0.246349
-0.123253, 0.268681
-0.120450, 0.292098
-0.117407, 0.316523
-0.114116, 0.341871
-0.110567, 0.368058
-0.106752, 0.394995
-0.102665, 0.422591
-0.098299, 0.450754
-0.093648, 0.479390
-0.088710, 0.508406
-0.083479, 0.537705
-0.077955, 0.567192
-0.072135, 0.596770
-0.066020, 0.626342
-0.059609, 0.655812
-0.052904, 0.685082
-0.045908, 0.714055
-0.038624, 0.742632
-0.031057, 0.770717
-0.023212, 0.798212
-0.015095, 0.825019
-0.006714, 0.851039
0.001923, 0.876176
0.010806, 0.900331
0.019926, 0.923408
0.029270, 0.945312
0.038828, 0.965946
0.048585, 0.985217
0.058527, 1.003034
0.068640, 1.019309
0.078908, 1.033955
0.089314, 1.046890
0.099840, 1.058037
0.110468, 1.067324
0.121180, 1.074685
0.131955, 1.080061
0.142774, 1.083398
0.153616, 1.084654
0.164460, 1.083793
0.175285, 1.080789
0.186069, 1.075624
0.196790, 1.068293
0.207428, 1.058796
0.217959, 1.047146
0.228363, 1.033366
0.238619, 1.017485
0.248706, 0.999543
0.258604, 0.979588
0.268291, 0.957674
0.277751, 0.933864
0.286963, 0.908224
0.295909, 0.880828
0.304574, 0.851753
0.312939, 0.821078
0.320990, 0.788887
0.328712, 0.755265
0.336091, 0.720299
0.343114, 0.684076
0.349769, 0.646682
0.356044, 0.608206
0.361929, 0.568733
0.367415, 0.528350
0.372494, 0.487140
0.377156, 0.445187
0.381395, 0.402573
0.385205, 0.359378
0.388581, 0.315681
0.391518, 0.271560
0.394011, 0.227092
0.396058, 0.182352
0.397657, 0.137414
0.398806, 0.092353
0.399504, 0.047242
0.399751, 0.002154
0.399548, -0.042838
0.398895, -0.087661
0.397795, -0.132242
0.396251, -0.176507
0.394267, -0.220381
0.391845, -0.263791
0.388992, -0.306659
0.385714, -0.348909
0.382017, -0.390463
0.377907, -0.431241
0.373395, -0.471166
0.368487, -0.510155
0.363195, -0.548128
0.357528, -0.585003
0.351499, -0.620698
0.345119, -0.655133
0.338401, -0.688228
0.331359, -0.719902
0.324008, -0.750078
0.316362, -0.778682
0.308439, -0.805643
0.300255, -0.830891
0.291828, -0.854364
0.283174, -0.876004
0.274314, -0.895758
0.265265, -0.913581
0.256049, -0.929434
0.246683, -0.943288
0.237190, -0.955118
0.227588, -0.964912
0.217898, -0.972664
0.208141, -0.978378
0.198337, -0.982065
0.188507, -0.983747
0.178669, -0.983454
0.168844, -0.981221
0.159051, -0.977096
0.149308, -0.971128
0.139634, -0.963378
0.130047, -0.953909
0.120562, -0.942791
0.111196, -0.930099
0.101965, -0.915910
0.092882, -0.900306
0.083963, -0.883372
0.075219, -0.865195
0.066663, -0.845863
0.058305, -0.825466
0.050157, -0.804096
0.042226, -0.781846
0.034523, -0.758808
0.027053, -0.735076
0.019823, -0.710743
0.012839, -0.685905
0.006106, -0.660656
-0.000373, -0.635089
-0.006595, -0.609301
-0.012558, -0.583386
-0.018262, -0.557439
-0.023707, -0.531555
-0.028894, -0.505829
-0.033825, -0.480354
-0.038502, -0.455227
-0.042931, -0.430539
-0.047115, -0.406383
-0.051060, -0.382852
-0.054774, -0.360034
-0.058264, -0.338017
-0.061537, -0.316887
-0.064605, -0.296727
-0.067475, -0.277614
-0.070161, -0.259623
-0.072672, -0.242826
-0.075021, -0.227285
-0.077222, -0.213060
-0.079287, -0.200204
-0.081231, -0.188762
-0.083067, -0.178772
-0.084811, -0.170264
-0.086478, -0.163259
-0.088081, -0.157772
-0.089638, -0.153807
-0.091163, -0.151362
-0.092670, -0.150422
-0.094176, -0.150969
-0.095695, -0.152973
-0.097240, -0.156399
-0.098827, -0.161201
-0.100469, -0.167331
-0.102178, -0.174730
-0.103967, -0.183338
-0.105849, -0.193085
-0.107833, -0.203901
-0.109930, -0.215709
-0.112150, -0.228431
-0.114501, -0.241985
-0.116992, -0.256288
-0.119629, -0.271253
-0.122419, -0.286795
-0.125367, -0.302826
-0.128477, -0.319258
-0.131753, -0.336003
-0.135198, -0.352973
-0.138813, -0.370079
-0.142599, -0.387234
-0.146557, -0.404350
-0.150686, -0.421340
-0.154984, -0.438117
-0.159447, -0.454594
-0.164074, -0.470687
-0.168860, -0.486308
-0.173798, -0.501375
-0.178885, -0.515801
-0.184112, -0.529504
-0.189472, -0.542400
-0.194957, -0.554408
-0.200557, -0.565447
-0.206263, -0.575438
-0.212062, -0.584302
-0.217945, -0.591965
-0.223897, -0.598353
-0.229907, -0.603395
-0.235960, -0.607026
-0.242043, -0.609182
-0.248139, -0.609805
-0.254234, -0.608841
-0.260310, -0.606242
-0.266353, -0.601966
-0.272344, -0.595977
-0.278267, -0.588246
-0.284103, -0.578750
-0.289836, -0.567476
-0.295447, -0.554417
-0.300918, -0.539571
-0.306232, -0.522948
-0.311371, -0.504564
-0.316318, -0.484439
-0.321054, -0.462605
-0.325564, -0.439098
-0.329831, -0.413959
-0.333838, -0.387236
-0.337570, -0.358984
-0.341013, -0.329261
-0.344151, -0.298127
-0.346971, -0.265649
-0.349460, -0.231896
-0.351605, -0.196938
-0.353395, -0.160851
-0.354818, -0.123708
-0.355865, -0.085587
-0.356527, -0.046564
-0.356794, -0.006719
-0.356659, 0.033869
-0.356114, 0.075121
-0.355154, 0.116958
-0.353774, 0.159298
-0.351967, 0.202063
-0.349731, 0.245171
-0.347063, 0.288541
-0.343960, 0.332093
-0.340421, 0.375743
-0.336445, 0.419409
-0.332033, 0.463008
-0.327185, 0.506455
-0.321904, 0.549663
-0.316193, 0.592545
-0.310055, 0.635012
-0.303494, 0.676973
-0.296517, 0.718335
-0.289130, 0.759003
-0.281340, 0.798880
-0.273155, 0.837868
-0.264586, 0.875866
-0.255642, 0.912772
-0.246334, 0.948481
-0.236676, 0.982889
-0.226681, 1.015890
-0.216364, 1.047379
-0.205739, 1.077251
-0.194824, 1.105402
-0.183637, 1.131732
-0.172196, 1.156143
-0.160521, 1.178541
-0.148632, 1.198838
-0.136552, 1.216953
-0.124301, 1.232811
-0.111903, 1.246348
-0.099382, 1.257508
-0.086761, 1.266246
-0.074065, 1.272529
-0.061319, 1.276334
-0.048547, 1.277653
-0.035774, 1.276487
-0.023025, 1.272852
-0.010325, 1.266774
0.002302, 1.258294
0.014833, 1.247460
0.027244, 1.234333
0.039512, 1.218981
0.051616, 1.201483
0.063535, 1.181924
0.075248, 1.160394
0.086737, 1.136990
0.097982, 1.111812
0.108967, 1.084965
0.119676, 1.056553
0.130094, 1.026684
0.140205, 0.995466
0.149999, 0.963007
0.159462, 0.929416
0.168584, 0.894799
0.177355, 0.859262
0.185766, 0.822910
0.193811, 0.785848
0.201481, 0.748178
0.208772, 0.709999
0.215680, 0.671413
0.222200, 0.632517
0.228329, 0.593409
0.234067, 0.554183
0.239413, 0.514937
0.244366, 0.475763
0.248929, 0.436755
0.253102, 0.398006
0.256890, 0.359608
0.260296, 0.321652
0.263325, 0.284228
0.265983, 0.247426
0.268276, 0.211335
0.270212, 0.176041
0.271800, 0.141631
0.273048, 0.108189
0.273967, 0.075795
0.274567, 0.044531
0.274861, 0.014471
0.274861, -0.014312
0.274580, -0.041750
0.274031, -0.067778
0.273229, -0.092337
0.272189, -0.115376
0.270927, -0.136847
0.269458, -0.156710
0.267798, -0.174932
0.265965, -0.191487
0.263974, -0.206359
0.261843, -0.219537
0.259589, -0.231019
0.257228, -0.240813
0.254778, -0.248931
0.252255, -0.255398
0.249676, -0.260241
0.247056, -0.263498
0.244411, -0.265213
0.241756, -0.265435
0.239107, -0.264219
0.236477, -0.261626
0.233879, -0.257720
0.231326, -0.252572
0.228831, -0.246252
0.226405, -0.238837
0.224058, -0.230403
0.221800, -0.221029
0.219640, -0.210798
0.217587, -0.199790
0.215647, -0.188087
0.213827, -0.175775
0.212133, -0.162935
0.210570, -0.149652
0.209141, -0.136010
0.207850, -0.122094
0.206700, -0.107987
0.205691, -0.093774
0.204824, -0.079540
0.204100, -0.065369
0.203517, -0.051346
0.203072, -0.037555
0.202764, -0.024083
0.202589, -0.011014
0.202542, 0.001567
0.202619, 0.013574
0.202812, 0.024924
0.203115, 0.035531
0.203520, 0.045313
0.204018, 0.054188
0.204600, 0.062075
0.205256, 0.068896
0.205974, 0.074575
0.206743, 0.079040
0.207551, 0.082222
0.208383, 0.084057
0.209227, 0.084485
0.210068, 0.083452
0.210891, 0.080912
0.211681, 0.076822
0.212422, 0.071150
0.213099, 0.063870
0.213694, 0.054962
0.214193, 0.044418
0.214577, 0.032236
0.214832, 0.018423
0.214940, 0.002995
0.214886, -0.014026
0.214655, -0.032608
0.214229, -0.052712
0.213595, -0.074292
0.212739, -0.097294
0.211645, -0.121659
0.210301, -0.147323
0.208694, -0.174215
0.206813, -0.202261
0.204646, -0.231383
0.202182, -0.261498
0.199413, -0.292522
0.196329, -0.324368
0.192923, -0.356945
0.189188, -0.390163
0.185118, -0.423929
0.180708, -0.458150
0.175954, -0.492730
0.170852, -0.527576
0.165401, -0.562590
0.159600, -0.597675
0.153448, -0.632736
0.146946, -0.667673
0.140095, -0.702388
0.132899, -0.736782
0.125361, -0.770756
0.117486, -0.804208
0.109279, -0.837037
0.100747, -0.869142
0.091899, -0.900419
0.082742, -0.930765
0.073287, -0.960076
0.063544, -0.988249
0.053526, -1.015179
0.043245, -1.040764
0.032716, -1.064899
0.021953, -1.087486
0.010972, -1.108424
-0.000210, -1.127619
-0.011575, -1.144978
-0.023103, -1.160413
-0.034776, -1.173843
-0.046573, -1.185191
-0.058473, -1.194391
-0.070454, -1.201381
-0.082493, -1.206111
-0.094568, -1.208539
-0.106656, -1.208635
-0.118733, -1.206379
-0.130776, -1.201761
-0.142760, -1.194785
-0.154664, -1.185464
-0.166462, -1.173822
-0.178132, -1.159896
-0.189652, -1.143730
-0.201000, -1.125378
-0.212153, -1.104905
-0.223091, -1.082381
-0.233794, -1.057884
-0.244242, -1.031496
-0.254418, -1.003305
-0.264303, -0.973403
-0.273880, -0.941885
-0.283135, -0.908845
-0.292053, -0.874383
-0.300619, -0.838596
-0.308820, -0.801580
-0.316646, -0.763435
-0.324086, -0.724255
-0.331128, -0.684135
-0.337766, -0.643168
-0.343989, -0.601445
-0.349792, -0.559056
-0.355168, -0.516088
-0.360112, -0.472627
-0.364620, -0.428757
-0.368686, -0.384561
-0.372310, -0.340118
-0.375488, -0.295508
-0.378220, -0.250811
-0.380504, -0.206103
-0.382342, -0.161460
-0.383734, -0.116961
-0.384682, -0.072679
-0.385189, -0.028691
-0.385257, 0.014927
-0.384892, 0.058100
-0.384097, 0.100751
-0.382879, 0.142805
-0.381243, 0.184185
-0.379197, 0.224814
-0.376750, 0.264614
-0.373908, 0.303510
-0.370683, 0.341424
-0.367083, 0.378279
-0.363121, 0.413999
-0.358807, 0.448510
-0.354155, 0.481737
-0.349177, 0.513609
-0.343887, 0.544056
-0.338301, 0.573011
-0.332432, 0.600412
-0.326298, 0.626199
-0.319914, 0.650317
-0.313297, 0.672717
-0.306466, 0.693355
-0.299436, 0.712193
-0.292228, 0.729202
-0.284858, 0.744357
-0.277347, 0.757642
-0.269712, 0.769048
-0.261972, 0.778576
-0.254147, 0.786231
-0.246254, 0.792030
-0.238312, 0.795994
-0.230340, 0.798153
-0.222355, 0.798544
-0.214375, 0.797211
-0.206416, 0.794204
-0.198496, 0.789578
-0.190630, 0.783393
-0.182833, 0.775714
-0.175120, 0.766611
-0.167505, 0.756157
-0.160002, 0.744426
-0.152621, 0.731499
-0.145375, 0.717454
-0.138275, 0.702375
-0.131331, 0.686345
-0.124551, 0.669450
-0.117945, 0.651776
-0.111518, 0.633409
-0.105278, 0.614438
-0.099231, 0.594950
-0.093381, 0.575035
-0.087731, 0.554782
-0.082286, 0.534280
-0.077046, 0.513621
-0.072014, 0.492894
-0.067188, 0.472190
-0.062570, 0.451600
-0.058156, 0.431215
-0.053944, 0.411127
-0.049932, 0.391425
-0.046114, 0.372201
-0.042486, 0.353544
-0.039041, 0.335541
-0.035773, 0.318280
-0.032673, 0.301846
-0.029733, 0.286319
-0.026943, 0.271781
-0.024294, 0.258305
-0.021773, 0.245964
-0.019370, 0.234824
-0.017073, 0.224946
-0.014867, 0.216385
-0.012740, 0.209190
-0.010678, 0.203402
-0.008667, 0.199054
-0.006693, 0.196172
-0.004739, 0.194775
-0.002792, 0.194871
-0.000837, 0.196461
0.001142, 0.199536
0.003159, 0.204081
0.005229, 0.210070
0.007365, 0.217470
0.009583, 0.226242
0.011894, 0.236337
0.014314, 0.247702
0.016852, 0.260275
0.019523, 0.273991
0.022336, 0.288780
0.025302, 0.304565
0.028430, 0.321269
0.031730, 0.338809
0.035209, 0.357100
0.038874, 0.376057
0.042732, 0.395590
0.046788, 0.415611
0.051045, 0.436028
0.055509, 0.456751
0.060181, 0.477689
0.065063, 0.498751
0.070156, 0.519844
0.075460, 0.540878
0.080973, 0.561762
0.086694, 0.582406
0.092620, 0.602718
0.098747, 0.622611
0.105071, 0.641993
0.111585, 0.660777
0.118284, 0.678874
0.125160, 0.696197
0.132205, 0.712658
0.139410, 0.728174
0.146765, 0.742658
0.154260, 0.756028
0.161882, 0.768203
0.169619, 0.779103
0.177459, 0.788653
0.185388, 0.796778
0.193390, 0.803409
0.201451, 0.808480
0.209554, 0.811929
0.217684, 0.813700
0.225822, 0.813742
0.233953, 0.812012
0.242057, 0.808470
0.250116, 0.803087
0.258112, 0.795839
0.266026, 0.786709
0.273840, 0.775690
0.281534, 0.762782
0.289089, 0.747993
0.296488, 0.731337
0.303710, 0.712839
0.310738, 0.692527
0.317555, 0.670440
0.324141, 0.646620
0.330481, 0.621117
0.336558, 0.593985
0.342356, 0.565284
0.347859, 0.535075
0.353053, 0.503427
0.357923, 0.470408
0.362456, 0.436091
0.366641, 0.400549
0.370464, 0.363857
0.373914, 0.326092
0.376982, 0.287331
0.379658, 0.247649
0.381932, 0.207126
0.383798, 0.165836
0.385247, 0.123859
0.386273, 0.081269
0.386870, 0.038143
0.387034, -0.005443
0.386760, -0.049413
0.386045, -0.093692
0.384885, -0.138205
0.383280, -0.182876
0.381228, -0.227630
0.378728, -0.272390
0.375780, -0.317079
0.372386, -0.361621
0.368548, -0.405935
0.364269, -0.449943
0.359551, -0.493563
0.354399, -0.536711
0.348819, -0.579304
0.342815, -0.621254
0.336396, -0.662474
0.329568, -0.702873
0.322341, -0.742360
0.314725, -0.780841
0.306728, -0.818221
0.298364, -0.854405
0.289645, -0.889294
0.280583, -0.922793
0.271194, -0.954804
0.261492, -0.985232
0.251495, -1.013982
0.241218, -1.040963
0.230681, -1.066087
0.219903, -1.089270
0.208903, -1.110434
0.197701, -1.129506
0.186320, -1.146421
0.174780, -1.161124
0.163105, -1.173567
0.151317, -1.183711
0.139438, -1.191529
0.127494, -1.197006
0.115506, -1.200134
0.103499, -1.200920
0.091496, -1.199380
0.079519, -1.195542
0.067592, -1.189444
0.055738, -1.181134
0.043977, -1.170668
0.032331, -1.158113
0.020821, -1.143540
0.009467, -1.127030
-0.001713, -1.108668
-0.012701, -1.088544
-0.023478, -1.066752
-0.034030, -1.043390
-0.044341, -1.018557
-0.054397, -0.992354
-0.064184, -0.964885
-0.073691, -0.936253
-0.082906, -0.906560
-0.091819, -0.875911
-0.100421, -0.844409
-0.108705, -0.812156
-0.116662, -0.779254
-0.124288, -0.745805
-0.131577, -0.711909
-0.138525, -0.677667
-0.145129, -0.643177
-0.151388, -0.608539
-0.157300, -0.573850
-0.162865, -0.539209
-0.168084, -0.504711
-0.172960, -0.470453
-0.177495, -0.436532
-0.181692, -0.403042
-0.185557, -0.370076
-0.189096, -0.337729
-0.192314, -0.306091
-0.195220, -0.275253
-0.197822, -0.245303
-0.200130, -0.216325
-0.202152, -0.188403
-0.203901, -0.161617
-0.205389, -0.136040
-0.206626, -0.111745
-0.207628, -0.088797
-0.208407, -0.067257
-0.208978, -0.047179
-0.209356, -0.028609
-0.209555, -0.011589
-0.209593, 0.003849
-0.209484, 0.017679
-0.209245, 0.029887
-0.208891, 0.040462
-0.208441, 0.049405
-0.207909, 0.056725
-0.207312, 0.062439
-0.206665, 0.066572
-0.205985, 0.069155
-0.205287, 0.070229
-0.204586, 0.069841
-0.203895, 0.068044
-0.203229, 0.064895
-0.202601, 0.060460
-0.202024, 0.054806
-0.201509, 0.048006
-0.201068, 0.040134
-0.200710, 0.031269
-0.200445, 0.021491
-0.200283, 0.010882
-0.200230, -0.000475
-0.200294, -0.012495
-0.200482, -0.025095
-0.200798, -0.038187
-0.201247, -0.051689
-0.201833, -0.065513
-0.202558, -0.079576
-0.203425, -0.093791
-0.204434, -0.108075
-0.205586, -0.122342
-0.206881, -0.136507
-0.208316, -0.150487
-0.209890, -0.164197
-0.211599, -0.177553
-0.213439, -0.190471
-0.215406, -0.202866
-0.217494, -0.214656
-0.219697, -0.225757
-0.222007, -0.236086
-0.224416, -0.245562
-0.226915, -0.254104
-0.229495, -0.261632
-0.232144, -0.268069
-0.234852, -0.273340
-0.237607, -0.277372
-0.240395, -0.280096
-0.243204, -0.281446
-0.246019, -0.281363
-0.248826, -0.279789
-0.251610, -0.276674
-0.254355, -0.271975
-0.257044, -0.265653
-0.259662, -0.257678
-0.262192, -0.248027
-0.264617, -0.236685
-0.266920, -0.223643
-0.269084, -0.208902
-0.271093, -0.192472
-0.272928, -0.174368
-0.274574, -0.154614
-0.276015, -0.133243
-0.277234, -0.110293
-0.278216, -0.085810
-0.278945, -0.059845
-0.279408, -0.032457
-0.279590, -0.003709
-0.279478, 0.026334
-0.279059, 0.057597
-0.278322, 0.090008
-0.277255, 0.123486
-0.275849, 0.157951
-0.274093, 0.193320
-0.271980, 0.229508
-0.269501, 0.266428
-0.266649, 0.303993
-0.263419, 0.342112
-0.259805, 0.380697
-0.255804, 0.419657
-0.251411, 0.458901
-0.246625, 0.498336
-0.241444, 0.537870
-0.235868, 0.577409
-0.229896, 0.616859
-0.223531, 0.656124
-0.216775, 0.695108
-0.209630, 0.733713
-0.202102, 0.771841
-0.194195, 0.809390
-0.185917, 0.846260
-0.177273, 0.882346
-0.168273, 0.917546
-0.158925, 0.951752
-0.149241, 0.984857
-0.139232, 1.016754
-0.128911, 1.047335
-0.118290, 1.076491
-0.107386, 1.104114
-0.096213, 1.130097
-0.084790, 1.154337
-0.073133, 1.176730
-0.061262, 1.197180
-0.049196, 1.215592
-0.036957, 1.231879
-0.024566, 1.245960
-0.012045, 1.257764
0.000582, 1.267227
0.013291, 1.274295
0.026059, 1.278925
0.038862, 1.281087
0.051673, 1.280762
0.064469, 1.277941
0.077223, 1.272633
0.089913, 1.264853
0.102512, 1.254632
0.114998, 1.242013
0.127345, 1.227047
0.139531, 1.209796
0.151533, 1.190332
0.163330, 1.168736
0.174901, 1.145092
0.186226, 1.119494
0.197285, 1.092038
0.208061, 1.062826
0.218536, 1.031959
0.228695, 0.999544
0.238522, 0.965685
0.248004, 0.930490
0.257128, 0.894063
0.265881, 0.856510
0.274254, 0.817933
0.282237, 0.778434
0.289820, 0.738114
0.296997, 0.697070
0.303760, 0.655399
0.310103, 0.613193
0.316022, 0.570546
0.321513, 0.527547
0.326572, 0.484285
0.331198, 0.440848
0.335389, 0.397320
0.339144, 0.353787
0.342465, 0.310332
0.345351, 0.267037
0.347806, 0.223986
0.349832, 0.181258
0.351433, 0.138937
0.352613, 0.097102
0.353377, 0.055834
0.353731, 0.015214
0.353684, -0.024680
0.353241, -0.063766
0.352411, -0.101968
0.351204, -0.139205
0.349631, -0.175402
0.347700, -0.210483
0.345425, -0.244374
0.342817, -0.277003
0.339889, -0.308300
0.336656, -0.338201
0.333130, -0.366641
0.329328, -0.393564
0.325264, -0.418913
0.320955, -0.442642
0.316417, -0.464708
0.311666, -0.485072
0.306721, -0.503705
0.301598, -0.520584
0.296315, -0.535692
0.290890, -0.549021
0.285341, -0.560569
0.279685, -0.570344
0.273940, -0.578358
0.268123, -0.584634
0.262253, -0.589198
0.256345, -0.592088
0.250417, -0.593344
0.244483, -0.593014
0.238561, -0.591150
0.232665, -0.587812
0.226810, -0.583061
0.221009, -0.576964
0.215275, -0.569590
0.209621, -0.561013
0.204058, -0.551308
0.198598, -0.540552
0.193250, -0.528824
0.188025, -0.516205
0.182929, -0.502776
0.177972, -0.488620
0.173159, -0.473822
0.168497, -0.458464
0.163991, -0.442631
0.159646, -0.426409
0.155464, -0.409883
0.151449, -0.393139
0.147602, -0.376265
0.143924, -0.359346
0.140415, -0.342471
0.137074, -0.325726
0.133899, -0.309200
0.130889, -0.292981
0.128038, -0.277156
0.125344, -0.261814
0.122800, -0.247043
0.120401, -0.232927
0.118139, -0.219554
0.116007, -0.207006
0.113996, -0.195366
0.112096, -0.184713
0.110298, -0.175122
0.108590, -0.166667
0.106961, -0.159414
0.105398, -0.153429
0.103888, -0.148767
0.102418, -0.145480
0.100974, -0.143613
0.099541, -0.143204
0.098105, -0.144281
0.096650, -0.146867
0.095162, -0.150975
0.093625, -0.156610
0.092025, -0.163768
0.090345, -0.172437
0.088571, -0.182595
0.086688, -0.194214
0.084682, -0.207257
0.082539, -0.221680
0.080244, -0.237431
0.077786, -0.254451
0.075151, -0.272678
0.072328, -0.292041
0.069307, -0.312467
0.066076, -0.333876
0.062626, -0.356189
0.058949, -0.379318
0.055037, -0.403177
0.050884, -0.427676
0.046482, -0.452723
0.041828, -0.478226
0.036916, -0.504092
0.031745, -0.530226
0.026311, -0.556534
0.020614, -0.582920
0.014653, -0.609289
0.008428, -0.635547
0.001943, -0.661597
-0.004802, -0.687344
-0.011803, -0.712694
-0.019055, -0.737551
-0.026552, -0.761821
-0.034289, -0.785410
-0.042258, -0.808222
-0.050450, -0.830165
-0.058858, -0.851145
-0.067470, -0.871070
-0.076275, -0.889849
-0.085263, -0.907392
-0.094419, -0.923612
-0.103730, -0.938422
-0.113182, -0.951740
-0.122760, -0.963486
-0.132446, -0.973585
-0.142226, -0.981966
-0.152080, -0.988561
-0.161991, -0.993312
-0.171940, -0.996165
-0.181908, -0.997072
-0.191875, -0.995996
-0.201821, -0.992903
-0.211726, -0.987773
-0.221569, -0.980592
-0.231331, -0.971353
-0.240990, -0.960061
-0.250525, -0.946729
-0.259917, -0.931378
-0.269146, -0.914037
-0.278192, -0.894745
-0.287035, -0.873547
-0.295656, -0.850493
-0.304039, -0.825641
-0.312163, -0.799056
-0.320014, -0.770805
-0.327574, -0.740959
-0.334828, -0.709593
-0.341761, -0.676787
-0.348359, -0.642618
-0.354609, -0.607168
-0.360499, -0.570520
-0.366016, -0.532754
-0.371150, -0.493953
-0.375892, -0.454199
-0.380231, -0.413573
-0.384161, -0.372155
-0.387672, -0.330026
-0.390759, -0.287262
-0.393416, -0.243941
-0.395636, -0.200141
-0.397417, -0.155936
-0.398754, -0.111400
-0.399644, -0.066609
-0.400086, -0.021634
-0.400077, 0.023450
-0.399616, 0.068572
-0.398705, 0.113657
-0.397344, 0.158634
-0.395533, 0.203428
-0.393276, 0.247965
-0.390575, 0.292171
-0.387434, 0.335968
-0.383857, 0.379281
-0.379850, 0.422030
-0.375419, 0.464137
-0.370570, 0.505519
-0.365311, 0.546095
-0.359651, 0.585780
-0.353599, 0.624491
-0.347165, 0.662142
-0.340360, 0.698646
-0.333196, 0.733917
-0.325686, 0.767868
-0.317843, 0.800414
-0.309682, 0.831470
-0.301219, 0.860954
-0.292469, 0.888784
-0.283449, 0.914884
-0.274177, 0.939182
-0.264672, 0.961610
-0.254951, 0.982105
-0.245036, 1.000611
-0.234946, 1.017080
-0.224701, 1.031472
-0.214324, 1.043753
-0.203834, 1.053901
-0.193253, 1.061902
-0.182603, 1.067751
-0.171905, 1.071453
-0.161181, 1.073023
-0.150451, 1.072486
-0.139738, 1.069873
-0.129061, 1.065227
-0.118440, 1.058598
-0.107895, 1.050042
-0.097445, 1.039624
-0.087109, 1.027415
-0.076903, 1.013489
-0.066844, 0.997927
-0.056949, 0.980813
-0.047233, 0.962234
-0.037709, 0.942282
-0.028392, 0.921047
-0.019292, 0.898624
-0.010423, 0.875108
-0.001794, 0.850596
0.006586, 0.825183
0.014707, 0.798968
0.022563, 0.772047
0.030146, 0.744518
0.037452, 0.716478
0.044475, 0.688025
0.051211, 0.659256
0.057659, 0.630268
0.063816, 0.601158
0.069682, 0.572024
0.075257, 0.542960
0.080542, 0.514065
0.085539, 0.485434
0.090252, 0.457162
0.094684, 0.429345
0.098840, 0.402075
0.102727, 0.375445
0.106352, 0.349546
0.109721, 0.324466
0.112844, 0.300292
0.115730, 0.277108
0.118390, 0.254992
0.120834, 0.234021
0.123074, 0.214265
0.125123, 0.195791
0.126995, 0.178659
0.128701, 0.162921
0.130258, 0.148626
0.131679, 0.135812
0.132979, 0.124511
0.134174, 0.114746
0.135279, 0.106532
0.136310, 0.099876
0.137282, 0.094776
0.138211, 0.091222
0.139111, 0.089193
0.139999, 0.088663
0.140890, 0.089598
0.141796, 0.091954
0.142733, 0.095684
0.143714, 0.100731
0.144752, 0.107034
0.145859, 0.114528
0.147046, 0.123141
0.148325, 0.132800
0.149706, 0.143426
0.151197, 0.154940
0.152807, 0.167259
0.154544, 0.180298
0.156415, 0.193973
0.158426, 0.208197
0.160581, 0.222883
0.162884, 0.237945
0.165340, 0.253296
0.167951, 0.268848
0.170718, 0.284515
0.173641, 0.300211
0.176722, 0.315849
0.179958, 0.331344
0.183348, 0.346610
0.186889, 0.361563
0.190578, 0.376117
0.194410, 0.390190
0.198380, 0.403696
0.202482, 0.416552
0.206708, 0.428677
0.211052, 0.439988
0.215505, 0.450404
0.220057, 0.459844
0.224699, 0.468232
0.229418, 0.475491
0.234204, 0.481545
0.239045, 0.486323
0.243926, 0.489758
0.248835, 0.491783
0.253757, 0.492338
0.258677, 0.491367
0.263579, 0.488818
0.268448, 0.484647
0.273267, 0.478815
0.278018, 0.471289
0.282687, 0.462044
0.287254, 0.451061
0.291702, 0.438331
0.296014, 0.423849
0.300173, 0.407621
0.304161, 0.389659
0.307961, 0.369982
0.311555, 0.348618
0.314927, 0.325600
0.318062, 0.300969
0.320942, 0.274771
0.323552, 0.247058
0.325878, 0.217887
0.327905, 0.187319
0.329620, 0.155420
0.331009, 0.122260
0.332061, 0.087909
0.332764, 0.052444
0.333106, 0.015940
0.333079, -0.021524
0.332673, -0.059869
0.331879, -0.099013
0.330690, -0.138874
0.329100, -0.179371
0.327101, -0.220419
0.324690, -0.261936
0.321861, -0.303837
0.318612, -0.346037
0.314940, -0.388451
0.310843, -0.430994
0.306320, -0.473579
0.301371, -0.516118
0.295998, -0.558522
0.290201, -0.600702
0.283985, -0.642566
0.277351, -0.684022
0.270306, -0.724974
0.262854, -0.765326
0.255002, -0.804981
0.246757, -0.843837
0.238128, -0.881793
0.229124, -0.918746
0.219757, -0.954589
0.210037, -0.989215
0.199977, -1.022518
0.189591, -1.054389
0.178894, -1.084720
0.167902, -1.113403
0.156632, -1.140334
0.145102, -1.165409
0.133330, -1.188528
0.121338, -1.209597
0.109146, -1.228526
0.096775, -1.245234
0.084249, -1.259645
0.071590, -1.271695
0.058823, -1.281328
0.045972, -1.288499
0.033061, -1.293177
0.020116, -1.295341
0.007163, -1.294982
-0.005775, -1.292106
-0.018671, -1.286730
-0.031501, -1.278883
-0.044241, -1.268608
-0.056865, -1.255957
-0.069352, -1.240993
-0.081678, -1.223788
-0.093821, -1.204423
-0.105759, -1.182985
-0.117474, -1.159569
-0.128944, -1.134273
-0.140153, -1.107200
-0.151083, -1.078454
-0.161717, -1.048145
-0.172041, -1.016380
-0.182040, -0.983268
-0.191702, -0.948918
-0.201015, -0.913439
-0.209968, -0.876937
-0.218551, -0.839517
-0.226755, -0.801286
-0.234574, -0.762344
-0.242000, -0.722792
-0.249028, -0.682731
-0.255653, -0.642257
-0.261872, -0.601466
-0.267682, -0.560454
-0.273081, -0.519312
-0.278068, -0.478134
-0.282644, -0.437011
-0.286809, -0.396032
-0.290565, -0.355288
-0.293916, -0.314867
-0.296864, -0.274857
-0.299414, -0.235345
-0.301573, -0.196419
-0.303345, -0.158164
-0.304738, -0.120665
-0.305761, -0.084007
-0.306422, -0.048272
-0.306730, -0.013542
-0.306696, 0.020106
-0.306332, 0.052593
-0.305648, 0.083845
-0.304659, 0.113793
-0.303377, 0.142370
-0.301816, 0.169512
-0.299992, 0.195161
-0.297918, 0.219266
-0.295612, 0.241780
-0.293088, 0.262663
-0.290364, 0.281881
-0.287456, 0.299408
-0.284382, 0.315226
-0.281157, 0.329323
-0.277801, 0.341696
-0.274329, 0.352349
-0.270760, 0.361295
-0.267109, 0.368554
-0.263394, 0.374153
-0.259631, 0.378127
-0.255837, 0.380516
-0.252026, 0.381368
-0.248214, 0.380736
-0.244416, 0.378678
-0.240645, 0.375256
-0.236915, 0.370537
-0.233239, 0.364592
-0.229627, 0.357493
-0.226092, 0.349316
-0.222644, 0.340139
-0.219293, 0.330041
-0.216046, 0.319103
-0.212913, 0.307406
-0.209901, 0.295034
-0.207015, 0.282067
-0.204261, 0.268591
-0.201644, 0.254688
-0.199168, 0.240444
-0.196836, 0.225941
-0.194650, 0.211265
-0.192611, 0.196500
-0.190720, 0.181732
-0.188976, 0.167045
-0.187379, 0.152526
-0.185925, 0.138260
-0.184612, 0.124333
-0.183437, 0.110831
-0.182394, 0.097840
-0.181478, 0.085446
-0.180683, 0.073735
-0.180001, 0.062789
-0.179424, 0.052694
-0.178944, 0.043529
-0.178550, 0.035376
-0.178233, 0.028310
-0.177980, 0.022406
-0.177780, 0.017734
-0.177621, 0.014359
-0.177489, 0.012341
-0.177369, 0.011736
-0.177249, 0.012593
-0.177113, 0.014954
-0.176945, 0.018852
-0.176730, 0.024316
-0.176453, 0.031365
-0.176098, 0.040008
-0.175648, 0.050248
-0.175087, 0.062079
-0.174401, 0.075486
-0.173573, 0.090445
-0.172587, 0.106926
-0.171429, 0.124890
-0.170084, 0.144289
-0.168539, 0.165071
-0.166779, 0.187176
-0.164791, 0.210538
-0.162564, 0.235088
-0.160086, 0.260749
-0.157345, 0.287443
-0.154333, 0.315086
-0.151041, 0.343592
-0.147459, 0.372873
-0.143581, 0.402839
-0.139400, 0.433397
-0.134911, 0.464453
-0.130110, 0.495914
-0.124992, 0.527683
-0.119556, 0.559663
-0.113798, 0.591759
-0.107720, 0.623873
-0.101321, 0.655907
-0.094603, 0.687764
-0.087567, 0.719343
-0.080217, 0.750548
-0.072558, 0.781278
-0.064593, 0.811434
-0.056331, 0.840915
-0.047778, 0.869622
-0.038942, 0.897455
-0.029832, 0.924311
-0.020459, 0.950092
-0.010834, 0.974696
-0.000969, 0.998025
0.009122, 1.019981
0.019425, 1.040467
0.029926, 1.059389
0.040608, 1.076655
0.051453, 1.092178
0.062445, 1.105874
0.073565, 1.117665
0.084792, 1.127478
0.096107, 1.135248
0.107490, 1.140917
0.118918, 1.144434
0.130371, 1.145759
0.141826, 1.144861
0.153261, 1.141718
0.164653, 1.136319
0.175980, 1.128663
0.187219, 1.118760
0.198348, 1.106630
0.209344, 1.092303
0.220186, 1.075818
0.230853, 1.057224
0.241324, 1.036576
0.251578, 1.013938
0.261596, 0.989381
0.271360, 0.962980
0.280850, 0.934816
0.290050, 0.904974
0.298944, 0.873541
0.307516, 0.840606
0.315752, 0.806261
0.323637, 0.770597
0.331160, 0.733706
0.338307, 0.695681
0.345070, 0.656612
0.351436, 0.616589
0.357399, 0.575701
0.362948, 0.534035
0.368077, 0.491676
0.372779, 0.448709
0.377049, 0.405216
0.380882, 0.361277
0.384274, 0.316972
0.387221, 0.272379
0.389721, 0.227574
0.391772, 0.182634
0.393373, 0.137633
0.394524, 0.092646
0.395226, 0.047746
0.395480, 0.003008
0.395287, -0.041494
0.394651, -0.085688
0.393575, -0.129498
0.392063, -0.172850
0.390120, -0.215668
0.387751, -0.257877
0.384964, -0.299399
0.381766, -0.340159
0.378164, -0.380077
0.374167, -0.419075
0.369786, -0.457076
0.365029, -0.493999
0.359910, -0.529768
0.354438, -0.564303
0.348628, -0.597528
0.342492, -0.629368
0.336045, -0.659750
0.329302, -0.688601
0.322279, -0.715856
0.314991, -0.741451
0.307455, -0.765325
0.299690, -0.787426
0.291713, -0.807704
0.283542, -0.826119
0.275197, -0.842634
0.266696, -0.857222
0.258059, -0.869863
0.249305, -0.880546
0.240455, -0.889266
0.231527, -0.896028
0.222541, -0.900845
0.213516, -0.903739
0.204472, -0.904737
0.195428, -0.903876
0.186401, -0.901200
0.177409, -0.896759
0.168471, -0.890610
0.159603, -0.882814
0.150820, -0.873437
0.142139, -0.862552
0.133574, -0.850233
0.125139, -0.836559
0.116847, -0.821611
0.108711, -0.805472
0.100741, -0.788227
0.092949, -0.769964
0.085345, -0.750771
0.077937, -0.730737
0.070733, -0.709951
0.063740, -0.688506
0.056965, -0.666491
0.050412, -0.643999
0.044086, -0.621122
0.037990, -0.597952
0.032128, -0.574581
0.026499, -0.551103
0.021106, -0.527611
0.015947, -0.504198
0.011021, -0.480957
0.006327, -0.457981
0.001860, -0.435363
-0.002382, -0.413194
-0.006406, -0.391567
-0.010216, -0.370571
-0.013819, -0.350295
-0.017224, -0.330824
-0.020439, -0.312244
-0.023472, -0.294634
-0.026335, -0.278073
-0.029038, -0.262634
-0.031592, -0.248384
-0.034009, -0.235387
-0.036304, -0.223701
-0.038488, -0.213375
-0.040576, -0.204453
-0.042582, -0.196972
-0.044520, -0.190959
-0.046406, -0.186434
-0.048254, -0.183410
-0.050079, -0.181888
-0.051897, -0.181863
-0.053721, -0.183322
-0.055568, -0.186240
-0.057451, -0.190589
-0.059384, -0.196329
-0.061382, -0.203416
-0.063457, -0.211796
-0.065622, -0.221412
-0.067889, -0.232200
-0.070270, -0.244090
-0.072774, -0.257009
-0.075413, -0.270880
-0.078195, -0.285624
