0.066956 
0.040435 
0.040431 
0.040428 
0.040426 
0.040424 
0.040422 
0.040421 
0.040420 
0.040419 
0.040418 
0.040417 
0.040417 
0.040416 
0.040415 
0.040415 
0.040415 
0.040415 
0.040415 
0.040415 
0.040415 
0.040415 
0.040415 
0.040416 
0.040416 
0.040416 
0.040416 
0.040416 
0.040416 
0.040415 
0.040415 
0.040414 
0.040413 
0.040412 
0.040410 
0.040408 
0.040406 
0.040403 
0.040400 
0.040397 
0.040393 
0.040389 
0.040385 
0.040381 
0.040376 
0.040370 
0.040364 
0.040358 
0.040351 
0.040343 
0.040334 
0.040325 
0.040316 
0.040306 
0.040296 
0.040286 
0.040277 
0.040267 
0.040258 
0.040250 
0.040241 
0.040234 
0.040226 
0.040219 
0.040213 
0.040207 
0.040202 
0.040198 
0.040195 
0.040193 
0.040191 
0.040192 
0.040194 
0.040197 
0.040203 
0.040212 
0.040223 
0.040237 
0.040251 
0.040265 
0.040274 
0.040276 
0.040267 
0.040248 
0.040221 
0.040191 
0.040159 
0.040128 
0.040099 
0.040073 
0.040048 
0.040025 
0.040005 
0.039986 
0.039968 
0.039952 
0.039936 
0.039922 
0.039909 
0.039897 
0.039885 
0.039874 
0.026872 
0.026875 
0.026878 
0.026880 
0.026883 
0.026886 
0.026888 
0.026891 
0.026893 
0.026896 
0.026898 
0.026900 
0.026903 
0.026905 
0.026908 
0.026910 
0.026913 
0.026916 
0.026919 
0.026922 
0.026925 
0.026929 
0.026932 
0.026936 
0.026941 
0.026945 
0.026950 
0.026956 
0.026962 
0.026968 
0.026976 
0.026984 
0.026993 
0.027003 
0.027014 
0.027027 
0.027042 
0.027058 
0.027075 
0.027092 
0.027107 
0.027116 
0.027118 
0.027113 
0.027104 
0.027093 
0.027082 
0.027072 
0.027064 
0.027057 
0.027051 
0.027046 
0.027042 
0.027038 
0.027035 
0.027033 
0.027030 
0.027028 
0.027027 
0.027025 
0.027024 
0.027022 
0.027021 
0.027020 
0.027019 
0.027018 
0.027017 
0.027017 
0.027016 
0.027015 
0.027015 
0.027014 
0.027014 
0.027014 
0.027013 
0.027013 
0.027013 
0.027013 
0.027013 
0.027013 
0.027013 
0.027013 
0.027014 
0.027014 
0.027015 
0.027015 
0.027016 
0.027017 
0.027018 
0.027019 
0.027020 
0.027022 
0.027024 
0.027027 
0.027030 
0.027034 
0.027039 
0.027046 
0.027053 
0.027062 
0.027072 
0.020126 
0.020128 
0.020129 
0.020131 
0.020132 
0.020134 
0.020135 
0.020137 
0.020139 
0.020140 
0.020142 
0.020143 
0.020145 
0.020146 
0.020148 
0.020149 
0.020151 
0.020153 
0.020154 
0.020156 
0.020157 
0.020159 
0.020161 
0.020162 
0.020164 
0.020166 
0.020167 
0.020169 
0.020171 
0.020173 
0.020174 
0.020176 
0.020178 
0.020180 
0.020182 
0.020185 
0.020187 
0.020190 
0.020193 
0.020196 
0.020200 
0.020204 
0.020209 
0.020214 
0.020220 
0.020227 
0.020234 
0.020240 
0.020245 
0.020246 
0.020243 
0.020237 
0.020229 
0.020220 
0.020212 
0.020205 
0.020199 
0.020194 
0.020190 
0.020187 
0.020185 
0.020184 
0.020183 
0.020183 
0.020183 
0.020183 
0.020183 
0.020183 
0.020182 
0.020181 
0.020179 
0.020177 
0.020174 
0.020171 
0.020168 
0.020165 
0.020163 
0.020160 
0.020157 
0.020154 
0.020151 
0.020148 
0.020145 
0.020142 
0.020138 
0.020135 
0.020131 
0.020128 
0.020124 
0.020119 
0.020115 
0.020111 
0.020106 
0.020101 
0.020097 
0.020092 
0.020087 
0.020082 
0.020077 
0.020072 
0.020067 
0.015293 
0.015324 
